"","V1","V2","V3","V4","V5"
"1",42,3,3,0,0
"2",15,0,0,0,0
"3",48,0,0,0,0
"4",0,3,0,0,0
"5",6,0,0,0,0
"6",6,3,0,0,0
"7",9,0,3,0,0
"8",6,3,3,0,0
"9",0,3,0,0,0
"10",12,6,3,0,0
"11",0,0,3,0,0
"12",0,3,0,0,0
"13",48,0,0,0,0
"14",42,6,0,0,0
"15",6,0,0,0,0
"16",3,0,3,0,0
"17",6,6,3,0,0
"18",6,0,3,0,0
"19",3,6,3,0,0
"20",45,0,3,0,0
"21",3,0,3,3,0
"22",21,6,0,0,0
"23",30,6,0,0,0
"24",3,0,3,0,0
"25",3,0,3,0,0
"26",0,0,3,0,0
"27",3,0,3,0,0
"28",3,0,3,0,0
"29",39,9,0,0,0
"30",24,18,3,3,0
"31",0,3,0,0,0
"32",0,0,3,0,0
"33",30,3,3,0,0
"34",0,3,0,0,0
"35",42,3,3,0,0
"36",0,0,3,0,0
"37",0,3,0,0,0
"38",15,0,0,0,0
"39",3,0,3,0,0
"40",45,0,3,0,0
"41",12,6,3,0,0
"42",6,3,0,0,0
"43",3,0,0,0,0
"44",45,3,0,0,0
"45",48,0,0,0,0
"46",9,3,3,0,0
"47",6,3,0,0,0
"48",9,3,0,0,0
"49",39,6,0,3,0
"50",0,3,0,0,0
"51",6,0,3,0,0
"52",18,15,0,0,0
"53",0,0,3,0,0
"54",42,3,3,0,0
"55",0,3,0,0,0
"56",6,0,0,0,0
"57",0,3,0,0,0
"58",42,3,3,0,0
"59",42,6,0,0,0
"60",0,3,0,0,0
"61",3,0,0,0,0
"62",42,6,0,0,0
"63",3,0,0,0,0
"64",48,0,0,0,0
"65",12,6,0,0,0
"66",3,0,3,0,0
"67",0,3,0,0,0
"68",18,15,0,0,0
"69",0,3,0,0,0
"70",45,0,3,0,0
"71",3,3,0,0,0
"72",12,0,3,0,0
"73",9,3,0,0,0
"74",6,3,0,0,0
"75",0,3,0,0,0
"76",39,9,0,0,0
"77",42,3,3,0,0
"78",0,0,3,0,0
"79",0,0,3,0,0
"80",42,3,3,0,0
"81",3,3,0,0,0
"82",30,6,3,0,0
"83",39,9,0,0,0
"84",0,0,3,0,0
"85",9,3,0,0,0
"86",42,3,3,0,0
"87",9,6,0,0,0
"88",6,0,0,0,0
"89",3,0,3,0,0
"90",3,0,0,0,0
"91",3,0,3,0,0
"92",45,0,3,0,0
"93",33,12,3,0,0
"94",42,6,0,0,0
"95",3,3,3,0,0
"96",0,3,3,0,0
"97",45,3,0,0,0
"98",48,0,0,0,0
"99",42,6,0,0,0
"100",30,0,0,0,0
"101",3,3,0,0,0
"102",0,3,0,0,0
"103",0,3,0,0,0
"104",3,0,3,0,0
"105",3,0,3,0,0
"106",0,3,0,0,0
"107",0,3,0,0,0
"108",0,3,0,0,0
"109",12,6,3,0,0
"110",18,3,0,0,0
"111",0,3,0,0,0
"112",6,0,0,0,0
"113",0,3,0,0,0
"114",3,0,0,0,0
"115",3,0,3,0,0
"116",6,0,0,0,0
"117",30,18,0,0,0
"118",0,3,0,0,0
"119",0,3,0,0,0
"120",0,3,0,0,0
"121",3,0,0,0,0
"122",3,0,3,0,0
"123",3,0,3,0,0
"124",6,0,0,0,0
"125",0,3,3,0,0
"126",9,0,0,0,0
"127",0,0,3,0,0
"128",0,3,0,0,0
"129",27,3,3,0,0
"130",30,3,3,0,0
"131",6,3,0,0,0
"132",9,3,0,0,0
"133",0,3,0,0,0
"134",36,9,0,3,0
"135",18,0,0,0,0
"136",36,9,3,0,0
"137",3,0,3,0,0
"138",33,6,0,0,0
"139",3,0,3,0,0
"140",6,3,0,0,0
"141",42,6,0,0,0
"142",18,0,0,0,0
"143",12,0,3,0,0
"144",48,0,0,0,0
"145",6,3,0,0,0
"146",6,3,0,0,0
"147",3,0,3,0,0
"148",0,3,3,0,0
"149",0,0,3,0,0
"150",42,3,3,0,0
"151",39,6,3,0,0
"152",27,21,0,0,0
"153",3,0,3,0,0
"154",36,12,0,0,0
"155",39,3,3,3,0
"156",45,0,3,0,0
"157",0,3,0,0,0
"158",0,3,0,0,0
"159",3,0,3,0,0
"160",3,0,3,0,0
"161",3,0,3,0,0
"162",42,3,3,0,0
"163",45,0,3,0,0
"164",15,3,3,0,0
"165",3,0,3,0,0
"166",15,6,0,0,0
"167",33,15,0,0,0
"168",3,0,3,0,0
"169",30,15,0,3,0
"170",3,0,3,0,0
"171",0,3,0,0,0
"172",0,0,3,0,0
"173",0,6,0,0,0
"174",0,3,0,0,0
"175",39,9,0,0,0
"176",3,0,3,0,0
"177",6,3,0,3,0
"178",27,0,0,0,0
"179",9,0,3,0,0
"180",6,3,0,0,0
"181",0,3,0,0,0
"182",24,0,3,0,0
"183",0,3,0,0,0
"184",45,3,0,0,0
"185",45,0,3,0,0
"186",6,0,0,0,0
"187",0,3,0,0,0
"188",6,0,0,0,0
"189",6,0,0,0,0
"190",3,0,3,0,0
"191",33,0,3,0,0
"192",42,6,0,0,0
"193",0,3,0,0,0
"194",0,3,0,0,0
"195",45,3,0,0,0
"196",12,0,3,0,0
"197",12,3,3,0,0
"198",3,0,3,0,0
"199",0,6,3,0,0
"200",33,3,0,3,0
"201",45,0,3,0,0
"202",3,0,3,0,0
"203",39,0,3,0,0
"204",45,0,3,0,0
"205",42,6,0,0,0
"206",0,3,0,0,0
"207",6,3,0,0,0
"208",9,6,3,0,0
"209",3,0,0,0,0
"210",15,3,3,0,0
"211",3,3,3,0,0
"212",12,0,3,0,0
"213",0,3,0,0,0
"214",45,3,0,0,0
"215",30,12,6,0,0
"216",6,3,3,0,0
"217",15,0,0,0,0
"218",27,3,0,0,0
"219",42,3,3,0,0
"220",0,3,0,0,0
"221",0,3,0,0,0
"222",12,15,3,0,0
"223",3,0,0,0,0
"224",3,0,0,0,0
"225",33,12,3,0,0
"226",0,3,0,0,0
"227",3,0,3,0,0
"228",42,6,0,0,0
"229",9,3,3,0,0
"230",6,3,3,0,0
"231",6,6,3,0,0
"232",27,21,0,0,0
"233",0,0,3,0,0
"234",3,0,3,0,0
"235",24,24,0,0,0
"236",0,3,0,0,0
"237",42,3,3,0,0
"238",30,18,0,0,0
"239",3,0,0,0,0
"240",3,0,3,0,0
"241",6,0,3,0,0
"242",6,3,3,0,0
"243",36,9,3,0,0
"244",3,0,3,0,0
"245",9,3,0,0,0
"246",6,0,0,0,0
"247",3,0,3,0,0
"248",39,0,0,0,0
"249",3,3,3,0,0
"250",3,6,0,0,0
"251",36,9,3,0,0
"252",6,0,0,0,0
"253",12,0,3,0,0
"254",9,3,3,0,0
"255",0,0,3,0,0
"256",6,3,0,0,0
"257",45,0,3,0,0
"258",27,0,3,0,0
"259",12,6,0,0,0
"260",48,0,0,0,0
"261",0,3,0,0,0
"262",15,0,0,0,0
"263",6,3,0,0,0
"264",24,3,3,0,0
"265",3,6,3,0,0
"266",36,9,3,0,0
"267",36,9,3,0,0
"268",30,0,3,0,0
"269",24,18,6,0,0
"270",39,0,3,0,0
"271",3,0,3,0,0
"272",6,0,0,0,0
"273",45,3,0,0,0
"274",39,9,0,0,0
"275",42,6,0,0,0
"276",0,0,3,0,0
"277",42,6,0,0,0
"278",6,0,6,0,0
"279",3,0,3,0,0
"280",6,0,0,0,0
"281",0,3,0,0,0
"282",0,3,0,0,0
"283",3,6,3,0,0
"284",3,0,0,0,0
"285",3,0,3,0,0
"286",0,3,3,0,0
"287",36,6,3,3,0
"288",0,0,3,0,0
"289",3,3,0,0,0
"290",12,6,3,0,0
"291",0,0,3,0,0
"292",42,3,0,0,0
"293",0,3,0,0,0
"294",3,0,0,0,0
"295",0,3,0,0,0
"296",3,0,3,0,0
"297",27,0,3,0,0
"298",0,0,3,0,0
"299",15,0,0,0,0
"300",3,0,3,0,0
"301",0,3,0,0,0
"302",45,0,3,0,0
"303",3,0,3,0,0
"304",15,21,9,3,0
"305",45,3,0,0,0
"306",0,3,0,0,0
"307",3,0,0,0,0
"308",21,6,0,0,0
"309",3,3,0,0,0
"310",12,0,3,0,0
"311",3,3,0,0,0
"312",36,9,3,0,0
"313",9,0,0,0,0
"314",3,0,3,0,0
"315",3,0,3,0,0
"316",3,0,3,0,0
"317",39,6,3,0,0
"318",3,0,3,0,0
"319",42,3,3,0,0
"320",0,0,3,0,0
"321",0,0,3,0,0
"322",6,3,3,0,0
"323",3,3,3,0,0
"324",45,0,3,0,0
"325",33,12,3,0,0
"326",48,0,0,0,0
"327",42,6,0,0,0
"328",3,3,0,0,0
"329",39,6,3,0,0
"330",45,0,3,0,0
"331",18,3,0,0,0
"332",3,0,3,0,0
"333",12,0,0,0,0
"334",0,0,3,0,0
"335",0,3,0,0,0
"336",30,3,3,0,0
"337",3,0,3,0,0
"338",0,3,0,0,0
"339",0,3,0,0,0
"340",6,0,0,0,0
"341",6,0,0,0,0
"342",0,3,0,0,0
"343",42,6,0,0,0
"344",6,0,3,0,0
"345",3,0,0,0,0
"346",6,3,3,0,0
"347",3,0,3,0,0
"348",0,3,0,0,0
"349",0,0,3,0,0
"350",9,6,0,3,0
"351",21,0,0,0,0
"352",6,3,0,0,0
"353",0,3,0,0,0
"354",0,0,3,0,0
"355",21,0,0,0,0
"356",6,3,0,0,0
"357",0,0,3,0,0
"358",3,3,3,0,0
"359",0,3,0,0,0
"360",9,36,3,0,0
"361",6,3,0,0,0
"362",6,0,0,0,0
"363",21,0,0,0,0
"364",15,0,3,0,0
"365",6,3,0,0,0
"366",0,0,3,0,0
"367",36,9,3,0,0
"368",45,0,3,0,0
"369",0,0,3,0,0
"370",9,6,0,3,0
"371",27,18,3,0,0
"372",3,0,0,0,0
"373",3,0,0,0,0
"374",3,0,3,0,0
"375",42,3,0,3,0
"376",45,0,3,0,0
"377",6,0,0,0,0
"378",0,3,0,0,0
"379",15,0,3,0,0
"380",3,0,0,0,0
"381",0,3,0,0,0
"382",6,0,3,0,0
"383",18,3,0,0,0
"384",6,0,3,0,0
"385",3,0,0,0,0
"386",6,3,0,0,0
"387",0,3,0,0,0
"388",15,3,3,3,0
"389",12,6,3,0,0
"390",3,0,3,0,0
"391",42,3,3,0,0
"392",30,12,6,0,0
"393",3,0,3,0,0
"394",3,0,0,0,0
"395",0,3,0,0,0
"396",6,0,3,0,0
"397",0,0,3,0,0
"398",39,6,3,0,0
"399",3,0,3,0,0
"400",15,9,0,0,0
"401",42,3,0,0,0
"402",9,6,0,0,0
"403",9,3,3,0,0
"404",42,3,3,0,0
"405",0,3,0,0,0
"406",3,3,3,0,0
"407",39,3,3,3,0
"408",3,0,0,0,0
"409",3,0,3,0,0
"410",48,0,0,0,0
"411",0,3,0,0,0
"412",42,3,3,0,0
"413",3,0,3,0,0
"414",39,3,3,3,0
"415",6,3,3,0,0
"416",21,6,3,0,0
"417",6,0,0,0,0
"418",9,3,0,0,0
"419",3,0,3,0,0
"420",6,0,0,0,0
"421",3,0,3,0,0
"422",42,6,0,0,0
"423",45,3,0,0,0
"424",45,0,3,0,0
"425",45,0,3,0,0
"426",0,3,0,0,0
"427",3,0,3,0,0
"428",0,0,3,0,0
"429",0,3,0,0,0
"430",24,21,3,0,0
"431",45,3,0,0,0
"432",39,6,3,0,0
"433",3,3,3,0,0
"434",18,0,6,0,0
"435",6,0,0,0,0
"436",9,0,0,0,0
"437",3,0,3,0,0
"438",0,0,3,0,0
"439",3,3,0,0,0
"440",0,0,3,0,0
"441",6,3,0,0,0
"442",3,3,0,0,0
"443",27,0,3,0,0
"444",18,3,0,0,0
"445",0,0,3,0,0
"446",6,3,0,0,0
"447",0,3,0,0,0
"448",3,3,3,0,0
"449",42,6,0,0,0
"450",30,18,0,0,0
"451",0,3,3,0,0
"452",3,0,3,0,0
"453",3,0,0,0,0
"454",0,0,3,0,0
"455",6,0,0,0,0
"456",3,0,3,0,0
"457",12,0,3,0,0
"458",6,0,3,0,0
"459",3,0,3,0,0
"460",3,0,3,0,0
"461",0,3,0,0,0
"462",15,0,0,0,0
"463",3,0,0,0,0
"464",0,3,0,0,0
"465",6,3,3,0,0
"466",3,0,3,0,0
"467",0,3,0,0,0
"468",48,0,0,0,0
"469",12,0,0,0,0
"470",24,3,0,0,0
"471",45,0,3,0,0
"472",18,6,0,0,0
"473",0,0,3,0,0
"474",42,3,3,0,0
"475",9,6,0,0,0
"476",3,0,0,0,0
"477",18,3,0,0,0
"478",3,0,3,0,0
"479",15,6,3,0,0
"480",3,0,3,0,0
"481",48,0,0,0,0
"482",27,9,9,3,0
"483",3,0,3,0,0
"484",15,0,0,0,0
"485",39,0,3,0,0
"486",15,6,0,0,0
"487",42,3,3,0,0
"488",0,3,0,0,0
"489",0,0,3,0,0
"490",45,0,3,0,0
"491",3,0,3,0,0
"492",3,0,3,0,0
"493",3,0,0,0,0
"494",6,0,0,0,0
"495",3,0,3,0,0
"496",42,3,3,0,0
"497",6,3,0,0,0
"498",24,3,3,0,0
"499",42,3,3,0,0
"500",6,0,0,0,0
"501",3,0,3,0,0
"502",0,0,3,0,0
"503",3,0,3,0,0
"504",48,0,0,0,0
"505",27,6,3,0,0
"506",0,0,3,0,0
"507",3,3,0,0,0
"508",9,36,3,0,0
"509",39,6,3,0,0
"510",0,3,0,0,0
"511",3,0,3,0,0
"512",6,3,3,0,0
"513",0,3,0,0,0
"514",30,15,0,3,0
"515",3,0,3,0,0
"516",45,0,3,0,0
"517",6,0,3,0,0
"518",0,3,0,0,0
"519",39,6,3,0,0
"520",3,0,3,0,0
"521",36,0,3,0,0
"522",42,3,3,0,0
"523",0,3,0,0,0
"524",0,3,0,0,0
"525",0,0,3,0,0
"526",27,12,6,3,0
"527",27,0,3,0,0
"528",27,6,3,0,0
"529",6,0,0,0,0
"530",42,3,3,0,0
"531",3,3,3,3,0
"532",0,3,0,0,0
"533",3,0,3,0,0
"534",12,6,0,0,0
"535",30,0,0,0,0
"536",33,6,0,0,0
"537",42,6,0,0,0
"538",9,0,0,0,0
"539",6,3,0,3,0
"540",39,6,3,0,0
"541",12,0,0,0,0
"542",0,3,0,0,0
"543",45,3,0,0,0
"544",6,0,0,0,0
"545",36,9,3,0,0
"546",0,0,3,0,0
"547",15,6,6,0,0
"548",3,0,3,0,0
"549",0,0,3,0,0
"550",3,6,0,0,0
"551",3,0,3,0,0
"552",6,0,0,0,0
"553",3,3,3,0,0
"554",3,0,3,0,0
"555",9,0,0,0,0
"556",0,3,0,0,0
"557",12,0,3,0,0
"558",6,3,0,0,0
"559",36,9,3,0,0
"560",0,0,3,0,0
"561",12,6,0,0,0
"562",3,6,0,0,0
"563",24,3,0,0,0
"564",6,3,0,0,0
"565",15,3,3,0,0
"566",6,0,0,0,0
"567",45,3,0,0,0
"568",3,0,3,0,0
"569",0,0,3,0,0
"570",9,0,3,0,0
"571",0,3,0,0,0
"572",18,0,0,0,0
"573",0,3,0,0,0
"574",39,6,3,0,0
"575",39,6,3,0,0
"576",15,0,3,0,0
"577",39,3,0,0,0
"578",39,6,3,0,0
"579",0,0,3,0,0
"580",30,6,0,0,0
"581",3,0,0,0,0
"582",3,0,0,0,0
"583",0,3,0,0,0
"584",0,0,3,0,0
"585",21,9,3,0,0
"586",0,3,0,0,0
"587",3,3,0,0,0
"588",45,0,3,0,0
"589",3,3,0,0,0
"590",42,3,3,0,0
"591",0,3,0,0,0
"592",9,0,3,0,0
"593",45,3,0,0,0
"594",3,3,0,3,0
"595",3,0,3,0,0
"596",0,3,0,0,0
"597",0,0,3,0,0
"598",48,0,0,0,0
"599",9,3,0,0,0
"600",21,0,3,0,0
"601",39,6,3,0,0
"602",6,3,0,0,0
"603",30,18,0,0,0
"604",18,0,0,0,0
"605",3,0,3,0,0
"606",9,3,6,0,0
"607",0,3,0,0,0
"608",0,3,0,0,0
"609",42,3,3,0,0
"610",0,0,3,0,0
"611",42,3,3,0,0
"612",36,6,3,3,0
"613",42,3,3,0,0
"614",6,0,0,0,0
"615",3,3,3,0,0
"616",27,0,3,0,0
"617",15,33,0,0,0
"618",6,0,3,0,0
"619",3,0,3,0,0
"620",6,3,0,0,0
"621",6,3,0,0,0
"622",9,3,3,0,0
"623",6,0,3,0,0
"624",48,0,0,0,0
"625",0,3,0,0,0
"626",6,3,0,0,0
"627",33,3,0,0,0
"628",6,9,3,0,0
"629",36,0,3,0,0
"630",24,21,3,0,0
"631",0,3,0,0,0
"632",0,3,0,0,0
"633",12,0,3,0,0
"634",6,0,0,0,0
"635",0,0,3,0,0
"636",0,3,0,0,0
"637",3,0,3,0,0
"638",39,3,6,0,0
"639",45,0,3,0,0
"640",6,3,0,0,0
"641",42,6,0,0,0
"642",12,0,3,0,0
"643",27,0,3,0,0
"644",3,3,0,0,0
"645",3,3,3,0,0
"646",9,3,0,3,0
"647",21,0,3,0,0
"648",33,9,6,0,0
"649",9,0,0,0,0
"650",9,0,3,0,0
"651",0,3,0,0,0
"652",21,0,3,0,0
"653",0,0,3,0,0
"654",0,0,3,0,0
"655",3,0,3,0,0
"656",3,0,3,0,0
"657",30,0,3,0,0
"658",3,0,3,0,0
"659",3,0,3,0,0
"660",0,3,0,0,0
"661",30,3,0,0,0
"662",33,9,3,3,0
"663",42,3,0,3,0
"664",42,6,0,0,0
"665",3,0,0,0,0
"666",42,3,3,0,0
"667",3,0,3,0,0
"668",42,3,0,3,0
"669",48,0,0,0,0
"670",39,6,3,0,0
"671",42,3,3,0,0
"672",0,3,0,0,0
"673",0,0,3,0,0
"674",6,3,0,0,0
"675",36,3,6,3,0
"676",3,3,0,0,0
"677",42,3,3,0,0
"678",6,3,0,0,0
"679",15,0,0,0,0
"680",3,0,3,0,0
"681",6,3,3,0,0
"682",39,0,3,0,0
"683",3,0,3,0,0
"684",12,0,3,0,0
"685",3,0,3,0,0
"686",3,0,3,0,0
"687",33,3,0,0,0
"688",6,3,3,0,0
"689",3,3,0,3,0
"690",45,3,0,0,0
"691",3,0,3,0,0
"692",6,0,3,0,0
"693",3,0,3,0,0
"694",3,0,3,0,0
"695",6,3,0,0,0
"696",3,0,3,0,0
"697",6,0,3,0,0
"698",15,0,3,0,0
"699",12,0,3,0,0
"700",42,3,3,0,0
"701",33,12,0,0,0
"702",0,3,0,0,0
"703",21,0,0,0,0
"704",6,0,0,0,0
"705",9,0,3,0,0
"706",36,6,0,0,0
"707",0,3,3,0,0
"708",42,3,3,0,0
"709",6,3,3,0,0
"710",3,0,3,0,0
"711",6,3,3,0,0
"712",9,3,0,0,0
"713",45,3,0,0,0
"714",9,3,0,0,0
"715",3,0,3,0,0
"716",0,3,0,0,0
"717",42,3,0,0,0
"718",9,0,3,0,0
"719",0,3,0,0,0
"720",3,0,3,0,0
"721",9,0,0,0,0
"722",0,0,3,0,0
"723",6,0,3,0,0
"724",9,3,0,0,0
"725",0,3,0,0,0
"726",27,9,0,0,0
"727",6,3,0,0,0
"728",6,3,3,0,0
"729",0,3,0,0,0
"730",3,3,0,0,0
"731",24,0,3,0,0
"732",9,0,6,0,0
"733",0,0,3,0,0
"734",9,0,0,0,0
"735",9,0,3,0,0
"736",15,3,0,0,0
"737",0,3,0,0,0
"738",3,0,3,0,0
"739",48,0,0,0,0
"740",9,0,3,0,0
"741",0,0,3,0,0
"742",6,3,0,0,0
"743",0,0,3,0,0
"744",9,0,0,0,0
"745",3,3,0,0,0
"746",36,6,6,0,0
"747",3,0,3,0,0
"748",15,0,3,0,0
"749",6,3,3,0,0
"750",27,18,0,3,0
"751",6,3,0,0,0
"752",0,3,0,0,0
"753",0,0,3,0,0
"754",18,3,0,0,0
"755",3,0,3,0,0
"756",6,3,0,0,0
"757",0,0,3,0,0
"758",6,3,0,0,0
"759",0,0,3,0,0
"760",6,0,3,0,0
"761",3,3,3,3,0
"762",0,3,0,0,0
"763",3,0,0,0,0
"764",12,0,0,0,0
"765",15,0,0,0,0
"766",0,0,3,0,0
"767",18,3,0,0,0
"768",0,3,0,0,0
"769",18,3,0,0,0
"770",0,0,3,0,0
"771",6,3,0,0,0
"772",12,0,3,0,0
"773",15,3,3,0,0
"774",36,12,0,0,0
"775",3,0,3,0,0
"776",0,0,3,0,0
"777",39,3,3,3,0
"778",0,3,0,0,0
"779",45,3,0,0,0
"780",3,0,3,0,0
"781",0,0,3,0,0
"782",0,3,0,0,0
"783",3,3,0,0,0
"784",36,9,3,0,0
"785",6,0,0,0,0
"786",24,21,0,3,0
"787",24,0,3,0,0
"788",30,12,6,0,0
"789",9,3,3,0,0
"790",0,0,3,0,0
"791",12,3,3,0,0
"792",12,6,3,3,0
"793",6,0,0,0,0
"794",48,0,0,0,0
"795",0,3,0,0,0
"796",18,6,3,0,0
"797",6,3,0,0,0
"798",42,0,6,0,0
"799",0,3,0,0,0
"800",6,0,0,0,0
"801",3,0,3,0,0
"802",0,3,0,0,0
"803",6,3,0,0,0
"804",6,0,3,0,0
"805",9,6,0,0,0
"806",9,6,0,0,0
"807",3,0,0,0,0
"808",12,3,12,0,0
"809",6,0,0,0,0
"810",6,3,0,0,0
"811",39,6,3,0,0
"812",36,6,3,3,0
"813",39,9,0,0,0
"814",6,3,0,0,0
"815",0,3,0,0,0
"816",6,3,3,0,0
"817",3,0,3,0,0
"818",3,0,3,0,0
"819",0,0,3,0,0
"820",39,6,3,0,0
"821",27,9,0,3,0
"822",6,0,0,0,0
"823",36,9,3,0,0
"824",3,0,3,0,0
"825",9,6,0,0,0
"826",3,3,0,0,0
"827",3,0,0,0,0
"828",0,3,0,0,0
"829",0,3,0,0,0
"830",0,3,0,0,0
"831",0,3,0,0,0
"832",42,3,3,0,0
"833",0,0,3,0,0
"834",33,12,3,0,0
"835",0,3,0,0,0
"836",42,3,3,0,0
"837",39,6,3,0,0
"838",6,0,0,0,0
"839",0,0,3,0,0
"840",24,3,0,0,0
"841",9,6,0,0,0
"842",3,3,0,0,0
"843",0,3,0,0,0
"844",39,6,0,3,0
"845",12,6,0,0,0
"846",36,9,3,0,0
"847",0,6,0,0,0
"848",45,3,0,0,0
"849",0,3,0,0,0
"850",6,3,3,0,0
"851",6,3,3,0,0
"852",6,3,3,0,0
"853",48,0,0,0,0
"854",39,6,3,0,0
"855",42,3,3,0,0
"856",3,0,3,0,0
"857",42,3,3,0,0
"858",3,3,0,0,0
"859",45,0,3,0,0
"860",15,6,0,3,0
"861",18,3,3,0,0
"862",0,0,3,0,0
"863",6,0,0,0,0
"864",42,3,3,0,0
"865",0,3,0,0,0
"866",3,0,3,0,0
"867",6,0,0,0,0
"868",3,0,0,0,0
"869",21,12,0,0,0
"870",0,3,0,0,0
"871",18,30,0,0,0
"872",18,30,0,0,0
"873",6,0,0,0,0
"874",0,3,0,0,0
"875",3,0,0,0,0
"876",0,0,3,0,0
"877",6,0,3,0,0
"878",15,0,3,0,0
"879",33,15,0,0,0
"880",3,6,0,0,0
"881",3,0,3,0,0
"882",45,3,0,0,0
"883",27,6,0,0,0
"884",18,3,0,3,0
"885",42,0,6,0,0
"886",9,33,6,0,0
"887",6,3,0,0,0
"888",24,15,6,3,0
"889",6,3,3,0,0
"890",3,0,0,0,0
"891",24,21,3,0,0
"892",42,3,3,0,0
"893",0,3,0,0,0
"894",36,9,0,3,0
"895",0,3,0,0,0
"896",3,0,3,0,0
"897",3,0,3,0,0
"898",33,6,0,0,0
"899",3,6,3,0,0
"900",6,0,0,0,0
"901",21,0,0,0,0
"902",3,3,0,3,0
"903",21,6,3,0,0
"904",3,0,3,0,0
"905",30,9,0,3,0
"906",0,3,0,0,0
"907",12,6,3,3,0
"908",15,3,3,0,0
"909",3,0,3,0,0
"910",9,9,0,3,0
"911",12,6,0,0,0
"912",33,0,0,0,0
"913",0,0,3,0,0
"914",3,9,0,0,0
"915",6,3,3,0,0
"916",6,0,0,0,0
"917",3,0,3,0,0
"918",42,3,3,0,0
"919",30,18,0,0,0
"920",6,3,0,0,0
"921",6,3,0,0,0
"922",0,3,3,0,0
"923",48,0,0,0,0
"924",36,9,3,0,0
"925",33,12,3,0,0
"926",3,0,3,0,0
"927",3,3,0,0,0
"928",15,0,3,0,0
"929",3,0,0,0,0
"930",0,3,0,0,0
"931",3,0,0,0,0
"932",12,0,3,0,0
"933",3,0,3,0,0
"934",3,3,0,3,0
"935",42,3,3,0,0
"936",33,15,0,0,0
"937",0,3,0,0,0
"938",45,0,3,0,0
"939",0,3,0,0,0
"940",3,0,3,0,0
"941",6,0,0,0,0
"942",3,0,3,0,0
"943",0,3,0,0,0
"944",3,0,3,0,0
"945",30,15,3,0,0
"946",3,3,0,0,0
"947",0,0,3,0,0
"948",36,9,3,0,0
"949",39,9,0,0,0
"950",15,6,0,0,0
"951",45,3,0,0,0
"952",9,6,0,0,0
"953",30,3,0,0,0
"954",42,6,0,0,0
"955",33,9,0,3,0
"956",3,0,3,0,0
"957",39,6,3,0,0
"958",3,0,3,0,0
"959",12,0,3,0,0
"960",6,3,0,0,0
"961",9,0,3,0,0
"962",0,0,3,0,0
"963",0,0,3,0,0
"964",12,0,6,0,0
"965",18,3,3,0,0
"966",12,0,3,0,0
"967",0,3,0,0,0
"968",3,3,3,0,0
"969",0,3,3,0,0
"970",0,0,3,0,0
"971",45,3,0,0,0
"972",0,0,3,0,0
"973",48,0,0,0,0
"974",6,0,0,0,0
"975",3,3,0,0,0
"976",45,3,0,0,0
"977",3,0,3,0,0
"978",39,3,6,0,0
"979",15,0,0,0,0
"980",42,3,3,0,0
"981",0,3,0,0,0
"982",6,3,0,0,0
"983",0,3,0,0,0
"984",0,0,3,0,0
"985",3,0,3,0,0
"986",3,0,3,0,0
"987",3,3,0,0,0
"988",3,0,3,0,0
"989",3,0,3,0,0
"990",3,0,3,0,0
"991",33,6,0,0,0
"992",3,0,0,0,0
"993",0,3,0,0,0
"994",6,3,0,0,0
"995",6,3,3,0,0
"996",39,9,0,0,0
"997",36,9,0,3,0
"998",42,6,0,0,0
"999",12,3,3,0,0
"1000",45,3,0,0,0
"1001",6,3,0,0,0
"1002",3,0,3,0,0
"1003",3,0,3,0,0
"1004",6,0,3,0,0
"1005",27,0,3,0,0
"1006",0,0,3,0,0
"1007",18,0,3,0,0
"1008",3,3,6,0,0
"1009",6,3,0,3,0
"1010",9,3,0,0,0
"1011",0,3,0,0,0
"1012",6,0,3,0,0
"1013",6,3,0,0,0
"1014",33,9,3,3,0
"1015",42,3,3,0,0
"1016",39,6,3,0,0
"1017",39,6,3,0,0
"1018",3,3,0,0,0
"1019",0,0,3,0,0
"1020",45,3,0,0,0
"1021",42,3,3,0,0
"1022",15,0,3,0,0
"1023",0,3,0,0,0
"1024",0,3,0,0,0
"1025",39,6,3,0,0
"1026",24,3,6,0,0
"1027",48,0,0,0,0
"1028",45,3,0,0,0
"1029",0,0,3,0,0
"1030",3,0,3,0,0
"1031",3,0,0,0,0
"1032",6,3,3,0,0
"1033",36,12,0,0,0
"1034",36,9,3,0,0
"1035",6,0,0,0,0
"1036",21,9,3,0,0
"1037",0,3,0,0,0
"1038",0,0,3,0,0
"1039",27,6,3,0,0
"1040",6,3,0,0,0
"1041",6,3,3,0,0
"1042",3,0,3,0,0
"1043",45,3,0,0,0
"1044",3,0,3,0,0
"1045",42,3,3,0,0
"1046",6,0,0,0,0
"1047",6,3,0,0,0
"1048",15,3,3,0,0
"1049",0,3,0,0,0
"1050",6,3,0,0,0
"1051",0,0,3,0,0
"1052",0,3,0,0,0
"1053",6,0,0,0,0
"1054",6,6,3,0,0
"1055",3,0,3,0,0
"1056",6,3,0,0,0
"1057",0,3,0,0,0
"1058",12,0,3,0,0
"1059",9,3,0,0,0
"1060",0,3,0,0,0
"1061",0,0,3,0,0
"1062",33,15,0,0,0
"1063",0,3,0,0,0
"1064",3,0,3,0,0
"1065",36,9,3,0,0
"1066",0,0,3,0,0
"1067",0,3,0,0,0
"1068",3,3,3,0,0
"1069",6,0,0,0,0
"1070",18,0,3,0,0
"1071",6,3,0,0,0
"1072",30,6,0,0,0
"1073",3,0,0,0,0
"1074",6,0,0,0,0
"1075",0,0,3,0,0
"1076",6,3,0,0,0
"1077",6,3,0,0,0
"1078",6,0,3,0,0
"1079",9,0,3,0,0
"1080",3,0,3,0,0
"1081",30,15,3,0,0
"1082",3,0,3,0,0
"1083",48,0,0,0,0
"1084",39,0,0,0,0
"1085",0,3,0,0,0
"1086",36,9,3,0,0
"1087",6,0,3,0,0
"1088",3,6,3,0,0
"1089",18,3,0,0,0
"1090",21,21,3,3,0
"1091",36,9,0,3,0
"1092",6,0,3,0,0
"1093",15,18,12,3,0
"1094",42,3,3,0,0
"1095",6,3,0,0,0
"1096",0,0,3,0,0
"1097",0,0,3,0,0
"1098",24,15,6,3,0
"1099",3,0,3,0,0
"1100",9,6,3,0,0
"1101",21,3,0,0,0
"1102",3,0,3,0,0
"1103",3,0,3,0,0
"1104",36,12,0,0,0
"1105",24,21,3,0,0
"1106",3,0,3,0,0
"1107",0,0,3,0,0
"1108",3,3,0,0,0
"1109",39,6,3,0,0
"1110",48,0,0,0,0
"1111",39,6,3,0,0
"1112",3,0,0,0,0
"1113",42,3,3,0,0
"1114",6,3,0,0,0
"1115",39,6,3,0,0
"1116",3,0,3,0,0
"1117",6,0,3,0,0
"1118",42,6,0,0,0
"1119",0,3,0,0,0
"1120",3,0,3,0,0
"1121",3,0,3,0,0
"1122",36,9,3,0,0
"1123",3,0,3,0,0
"1124",39,3,3,0,0
"1125",0,3,0,0,0
"1126",3,0,3,0,0
"1127",6,3,0,0,0
"1128",3,3,0,0,0
"1129",12,6,0,0,0
"1130",3,0,3,0,0
"1131",9,0,6,0,0
"1132",30,12,6,0,0
"1133",0,3,0,0,0
"1134",0,3,0,0,0
"1135",9,39,0,0,0
"1136",3,0,3,0,0
"1137",9,0,0,0,0
"1138",3,0,0,0,0
"1139",0,0,3,0,0
"1140",6,9,3,0,0
"1141",42,6,0,0,0
"1142",12,0,3,0,0
"1143",45,0,3,0,0
"1144",15,3,3,0,0
"1145",39,3,6,0,0
"1146",9,6,0,0,0
"1147",45,3,0,0,0
"1148",6,0,3,0,0
"1149",42,3,3,0,0
"1150",0,3,0,0,0
"1151",3,0,3,0,0
"1152",0,0,3,0,0
"1153",42,0,6,0,0
"1154",3,0,3,0,0
"1155",6,0,3,0,0
"1156",21,0,3,0,0
"1157",6,3,3,0,0
"1158",6,0,0,0,0
"1159",45,3,0,0,0
"1160",45,3,0,0,0
"1161",15,0,3,0,0
"1162",12,6,0,0,0
"1163",0,3,0,0,0
"1164",0,0,3,0,0
"1165",42,3,3,0,0
"1166",18,27,0,3,0
"1167",3,3,0,0,0
"1168",0,3,0,0,0
"1169",18,3,0,0,0
"1170",6,0,3,0,0
"1171",12,3,0,0,0
"1172",0,3,0,0,0
"1173",6,0,3,0,0
"1174",27,6,0,0,0
"1175",45,3,0,0,0
"1176",12,33,3,0,0
"1177",9,3,3,0,0
"1178",6,0,0,0,0
"1179",21,9,0,0,0
"1180",36,0,3,0,0
"1181",6,3,0,0,0
"1182",27,6,3,0,0
"1183",0,3,0,0,0
"1184",12,0,3,0,0
"1185",0,0,3,0,0
"1186",42,3,0,3,0
"1187",9,6,0,0,0
"1188",0,3,0,0,0
"1189",39,6,3,0,0
"1190",15,0,3,0,0
"1191",0,3,0,0,0
"1192",6,3,0,0,0
"1193",15,30,3,0,0
"1194",0,0,3,0,0
"1195",42,6,0,0,0
"1196",18,30,0,0,0
"1197",3,42,3,0,0
"1198",6,3,0,0,0
"1199",0,3,0,0,0
"1200",45,3,0,0,0
"1201",39,6,3,0,0
"1202",3,0,3,0,0
"1203",42,0,6,0,0
"1204",27,3,3,0,0
"1205",6,0,0,0,0
"1206",3,3,0,0,0
"1207",33,9,3,3,0
"1208",15,9,3,0,0
"1209",6,3,0,0,0
"1210",15,0,0,0,0
"1211",21,0,0,0,0
"1212",6,0,0,0,0
"1213",6,0,3,0,0
"1214",3,0,3,0,0
"1215",0,3,0,0,0
"1216",0,3,0,0,0
"1217",33,12,3,0,0
"1218",42,3,3,0,0
"1219",3,0,3,0,0
"1220",42,6,0,0,0
"1221",18,3,0,0,0
"1222",6,3,0,0,0
"1223",45,0,3,0,0
"1224",3,0,3,0,0
"1225",0,3,0,0,0
"1226",3,0,3,0,0
"1227",15,0,3,0,0
"1228",6,3,3,0,0
"1229",0,3,0,0,0
"1230",0,0,3,0,0
"1231",3,0,3,0,0
"1232",6,0,0,0,0
"1233",6,3,0,0,0
"1234",33,15,0,0,0
"1235",0,3,0,0,0
"1236",33,12,3,0,0
"1237",3,0,3,0,0
"1238",0,0,3,0,0
"1239",0,3,0,0,0
"1240",0,3,0,0,0
"1241",6,0,0,0,0
"1242",0,3,3,0,0
"1243",15,30,3,0,0
"1244",48,0,0,0,0
"1245",39,3,6,0,0
"1246",3,0,3,0,0
"1247",3,3,3,0,0
"1248",24,6,0,0,0
"1249",3,0,3,0,0
"1250",39,6,3,0,0
"1251",39,6,3,0,0
"1252",0,0,3,0,0
"1253",12,0,3,0,0
"1254",3,0,3,0,0
"1255",0,0,3,0,0
"1256",3,0,3,0,0
"1257",39,6,3,0,0
"1258",12,9,6,0,0
"1259",0,0,3,0,0
"1260",3,0,3,0,0
"1261",3,0,3,0,0
"1262",3,0,3,0,0
"1263",0,0,3,0,0
"1264",6,3,3,0,0
"1265",0,3,0,0,0
"1266",39,3,6,0,0
"1267",36,12,0,0,0
"1268",0,0,3,0,0
"1269",18,3,0,0,0
"1270",18,0,3,0,0
"1271",0,3,0,0,0
"1272",6,3,0,3,0
"1273",15,0,3,0,0
"1274",12,0,3,0,0
"1275",3,0,3,0,0
"1276",0,0,3,0,0
"1277",18,6,3,0,0
"1278",42,3,3,0,0
"1279",45,0,3,0,0
"1280",9,0,0,0,0
"1281",0,0,3,0,0
"1282",6,0,0,0,0
"1283",0,0,3,0,0
"1284",33,9,3,0,0
"1285",42,3,3,0,0
"1286",9,6,3,0,0
"1287",12,3,0,0,0
"1288",45,0,3,0,0
"1289",12,33,3,0,0
"1290",3,0,3,0,0
"1291",0,3,0,0,0
"1292",3,0,3,0,0
"1293",6,0,3,0,0
"1294",3,0,0,0,0
"1295",0,3,0,0,0
"1296",0,0,3,0,0
"1297",3,3,3,0,0
"1298",9,3,0,0,0
"1299",18,3,3,0,0
"1300",3,3,0,0,0
"1301",36,6,6,0,0
"1302",0,0,3,0,0
"1303",42,6,0,0,0
"1304",3,0,0,0,0
"1305",39,9,0,0,0
"1306",15,3,0,0,0
"1307",6,0,0,0,0
"1308",33,12,3,0,0
"1309",9,0,0,0,0
"1310",9,0,3,0,0
"1311",6,0,0,0,0
"1312",15,3,0,3,0
"1313",15,3,3,0,0
"1314",3,3,0,0,0
"1315",6,0,0,0,0
"1316",42,6,0,0,0
"1317",6,0,0,0,0
"1318",39,3,6,0,0
"1319",0,3,0,0,0
"1320",3,0,3,0,0
"1321",3,0,0,0,0
"1322",12,0,0,0,0
"1323",6,6,0,3,0
"1324",3,3,0,0,0
"1325",0,0,3,0,0
"1326",0,0,3,0,0
"1327",3,0,0,0,0
"1328",3,0,3,0,0
"1329",3,0,0,0,0
"1330",45,3,0,0,0
"1331",15,0,3,0,0
"1332",42,0,3,0,0
"1333",12,3,0,0,0
"1334",3,3,0,0,0
"1335",42,3,0,3,0
"1336",27,3,3,0,0
"1337",6,3,3,0,0
"1338",0,3,0,0,0
"1339",15,0,0,0,0
"1340",3,0,3,0,0
"1341",15,0,3,0,0
"1342",0,3,0,0,0
"1343",39,6,3,0,0
"1344",39,3,6,0,0
"1345",3,0,3,0,0
"1346",3,0,3,0,0
"1347",6,0,0,0,0
"1348",0,3,0,0,0
"1349",0,3,0,0,0
"1350",24,0,3,0,0
"1351",3,0,3,0,0
"1352",0,3,0,0,0
"1353",0,3,0,0,0
"1354",36,9,3,0,0
"1355",6,6,0,0,0
"1356",15,6,3,0,0
"1357",0,3,0,0,0
"1358",3,0,0,0,0
"1359",12,0,3,0,0
"1360",30,6,3,0,0
"1361",6,3,3,0,0
"1362",36,12,0,0,0
"1363",6,3,3,0,0
"1364",3,0,3,0,0
"1365",3,0,3,0,0
"1366",6,3,0,0,0
"1367",6,3,0,0,0
"1368",42,6,0,0,0
"1369",18,6,0,0,0
"1370",0,3,0,0,0
"1371",0,3,0,0,0
"1372",36,12,0,0,0
"1373",15,0,0,0,0
"1374",6,6,0,0,0
"1375",0,0,3,0,0
"1376",0,0,3,0,0
"1377",0,3,0,0,0
"1378",9,3,0,0,0
"1379",3,0,3,0,0
"1380",0,3,0,0,0
"1381",0,3,0,0,0
"1382",42,3,3,0,0
"1383",3,3,0,0,0
"1384",18,0,0,0,0
"1385",15,9,3,0,0
"1386",39,6,0,3,0
"1387",0,0,3,0,0
"1388",42,3,3,0,0
"1389",3,0,3,0,0
"1390",0,0,3,0,0
"1391",15,0,0,0,0
"1392",3,3,0,0,0
"1393",9,0,3,0,0
"1394",3,0,0,0,0
"1395",3,0,0,0,0
"1396",45,3,0,0,0
"1397",6,0,0,0,0
"1398",3,0,3,0,0
"1399",0,0,3,0,0
"1400",0,0,3,0,0
"1401",6,6,0,0,0
"1402",3,3,0,0,0
"1403",0,3,0,0,0
"1404",30,0,3,0,0
"1405",15,0,0,0,0
"1406",0,3,3,0,0
"1407",36,9,0,0,0
"1408",12,6,0,0,0
"1409",3,0,3,0,0
"1410",0,3,0,0,0
"1411",27,0,3,0,0
"1412",42,3,3,0,0
"1413",6,0,0,0,0
"1414",18,27,3,0,0
"1415",0,3,0,0,0
"1416",3,0,3,0,0
"1417",0,3,0,0,0
"1418",42,3,3,0,0
"1419",6,0,0,0,0
"1420",15,3,0,0,0
"1421",3,0,3,0,0
"1422",3,3,0,0,0
"1423",39,6,3,0,0
"1424",3,0,3,0,0
"1425",0,3,0,0,0
"1426",6,0,0,0,0
"1427",3,0,3,0,0
"1428",0,0,3,0,0
"1429",3,0,3,0,0
"1430",45,3,0,0,0
"1431",18,3,3,0,0
"1432",3,0,3,0,0
"1433",6,3,3,0,0
"1434",3,0,3,0,0
"1435",0,3,0,0,0
"1436",3,0,3,0,0
"1437",12,0,3,0,0
"1438",48,0,0,0,0
"1439",42,3,3,0,0
"1440",3,0,0,0,0
"1441",42,3,3,0,0
"1442",6,0,0,0,0
"1443",48,0,0,0,0
"1444",27,0,0,0,0
"1445",18,6,0,0,0
"1446",0,3,0,0,0
"1447",27,0,0,0,0
"1448",6,0,3,0,0
"1449",9,0,0,0,0
"1450",0,0,3,0,0
"1451",36,9,3,0,0
"1452",6,3,0,0,0
"1453",42,6,0,0,0
"1454",0,3,0,0,0
"1455",0,0,3,0,0
"1456",36,9,0,3,0
"1457",27,12,6,3,0
"1458",45,0,3,0,0
"1459",45,0,3,0,0
"1460",0,0,3,0,0
"1461",6,3,0,0,0
"1462",3,0,3,0,0
"1463",6,3,0,0,0
"1464",0,0,3,0,0
"1465",0,0,3,0,0
"1466",6,3,0,0,0
"1467",0,0,3,0,0
"1468",3,0,3,0,0
"1469",6,3,0,0,0
"1470",36,6,3,3,0
"1471",0,3,0,0,0
"1472",39,6,3,0,0
"1473",0,3,0,0,0
"1474",18,0,3,0,0
"1475",0,0,3,0,0
"1476",42,3,3,0,0
"1477",0,0,3,0,0
"1478",0,3,0,0,0
"1479",15,0,3,0,0
"1480",21,3,9,0,0
"1481",18,3,0,3,0
"1482",3,0,0,0,0
"1483",0,3,0,0,0
"1484",15,0,0,0,0
"1485",9,0,0,0,0
"1486",36,3,0,0,0
"1487",45,3,0,0,0
"1488",0,6,0,0,0
"1489",0,0,3,0,0
"1490",0,0,3,0,0
"1491",3,0,3,0,0
"1492",0,0,3,0,0
"1493",36,12,0,0,0
"1494",3,0,0,0,0
"1495",45,3,0,0,0
"1496",6,0,0,0,0
"1497",0,0,3,0,0
"1498",42,3,3,0,0
"1499",15,0,0,0,0
"1500",18,0,3,0,0
"1501",3,0,3,0,0
"1502",45,0,3,0,0
"1503",0,3,0,0,0
"1504",6,3,0,0,0
"1505",6,0,0,0,0
"1506",12,0,3,0,0
"1507",0,3,0,0,0
"1508",21,3,3,0,0
"1509",3,3,0,0,0
"1510",48,0,0,0,0
"1511",36,9,0,3,0
"1512",27,3,3,0,0
"1513",6,3,0,0,0
"1514",3,0,3,0,0
"1515",36,6,6,0,0
"1516",18,3,0,0,0
"1517",3,0,0,0,0
"1518",45,0,3,0,0
"1519",9,6,0,0,0
"1520",9,0,3,0,0
"1521",9,0,0,0,0
"1522",12,0,0,0,0
"1523",36,9,3,0,0
"1524",6,0,0,0,0
"1525",3,0,3,0,0
"1526",0,0,3,0,0
"1527",3,3,0,0,0
"1528",0,3,3,0,0
"1529",39,6,0,3,0
"1530",18,21,6,0,0
"1531",21,3,0,0,0
"1532",42,0,6,0,0
"1533",45,0,3,0,0
"1534",39,6,0,3,0
"1535",0,3,0,0,0
"1536",6,0,3,0,0
"1537",3,0,3,0,0
"1538",3,3,0,0,0
"1539",9,30,3,6,0
"1540",39,6,3,0,0
"1541",0,0,3,0,0
"1542",0,3,0,0,0
"1543",0,0,3,0,0
"1544",0,3,0,0,0
"1545",6,3,0,0,0
"1546",3,0,3,0,0
"1547",18,3,0,0,0
"1548",42,6,0,0,0
"1549",0,3,0,0,0
"1550",6,0,0,0,0
"1551",3,0,3,0,0
"1552",33,12,0,3,0
"1553",6,0,3,0,0
"1554",0,3,0,0,0
"1555",24,0,3,0,0
"1556",3,0,3,0,0
"1557",18,6,0,0,0
"1558",0,3,0,0,0
"1559",3,3,0,0,0
"1560",0,3,0,0,0
"1561",39,6,3,0,0
"1562",0,0,3,0,0
"1563",0,3,0,0,0
"1564",15,3,3,0,0
"1565",3,0,3,0,0
"1566",6,0,3,0,0
"1567",39,6,3,0,0
"1568",3,0,0,0,0
"1569",0,3,0,0,0
"1570",6,0,0,0,0
"1571",0,3,0,0,0
"1572",39,6,3,0,0
"1573",27,0,3,0,0
"1574",0,0,3,0,0
"1575",3,0,3,0,0
"1576",42,3,0,3,0
"1577",3,0,3,0,0
"1578",42,3,3,0,0
"1579",33,3,3,0,0
"1580",18,3,3,0,0
"1581",0,0,3,0,0
"1582",45,3,0,0,0
"1583",12,0,3,0,0
"1584",39,6,3,0,0
"1585",45,0,0,3,0
"1586",3,0,3,0,0
"1587",0,3,0,0,0
"1588",9,3,0,0,0
"1589",0,0,3,0,0
"1590",15,3,0,0,0
"1591",18,3,0,0,0
"1592",6,3,0,0,0
"1593",3,0,3,0,0
"1594",27,0,3,0,0
"1595",3,0,0,0,0
"1596",39,6,0,3,0
"1597",0,3,0,0,0
"1598",42,3,0,0,0
"1599",3,0,3,0,0
"1600",42,6,0,0,0
"1601",6,0,0,0,0
"1602",6,3,0,0,0
"1603",3,0,0,0,0
"1604",0,3,0,0,0
"1605",0,3,0,0,0
"1606",39,0,6,3,0
"1607",3,0,3,0,0
"1608",42,6,0,0,0
"1609",0,3,0,0,0
"1610",27,0,3,0,0
"1611",3,0,3,0,0
"1612",0,0,3,0,0
"1613",3,0,3,0,0
"1614",21,3,3,0,0
"1615",3,0,0,0,0
"1616",42,3,3,0,0
"1617",0,3,0,0,0
"1618",27,3,3,0,0
"1619",6,3,3,0,0
"1620",36,12,0,0,0
"1621",6,3,0,0,0
"1622",3,0,3,0,0
"1623",33,6,0,0,0
"1624",9,6,0,0,0
"1625",0,3,0,0,0
"1626",0,3,0,0,0
"1627",36,3,0,0,0
"1628",0,3,0,0,0
"1629",6,0,0,0,0
"1630",30,9,0,0,0
"1631",45,0,3,0,0
"1632",36,3,0,0,0
"1633",6,3,3,0,0
"1634",0,3,0,0,0
"1635",0,3,0,0,0
"1636",42,6,0,0,0
"1637",0,3,0,0,0
"1638",6,0,3,0,0
"1639",6,0,3,0,0
"1640",3,0,3,0,0
"1641",39,9,0,0,0
"1642",18,27,0,3,0
"1643",42,3,0,3,0
"1644",21,3,0,0,0
"1645",0,3,0,0,0
"1646",0,0,3,0,0
"1647",9,3,3,0,0
"1648",9,3,0,0,0
"1649",33,15,0,0,0
"1650",3,0,3,0,0
"1651",3,3,0,0,0
"1652",42,3,3,0,0
"1653",6,3,0,0,0
"1654",6,0,0,0,0
"1655",0,3,0,0,0
"1656",6,0,0,0,0
"1657",6,0,0,0,0
"1658",6,0,0,0,0
"1659",15,0,0,0,0
"1660",3,0,0,0,0
"1661",15,0,3,0,0
"1662",3,0,0,0,0
"1663",42,6,0,0,0
"1664",3,3,3,0,0
"1665",6,0,0,0,0
"1666",21,24,3,0,0
"1667",3,3,0,3,0
"1668",42,6,0,0,0
"1669",36,9,3,0,0
"1670",39,6,3,0,0
"1671",9,6,3,3,0
"1672",42,3,3,0,0
"1673",3,0,0,0,0
"1674",3,0,3,0,0
"1675",6,3,0,0,0
"1676",42,3,3,0,0
"1677",3,42,3,0,0
"1678",0,0,3,0,0
"1679",0,3,0,0,0
"1680",9,3,3,0,0
"1681",24,12,3,0,0
"1682",0,0,3,0,0
"1683",6,0,0,0,0
"1684",21,3,6,0,0
"1685",30,15,3,0,0
"1686",3,0,3,0,0
"1687",3,0,3,0,0
"1688",6,0,0,0,0
"1689",45,3,0,0,0
"1690",3,0,3,0,0
"1691",36,3,6,0,3
"1692",6,0,0,0,0
"1693",0,0,3,0,0
"1694",39,6,3,0,0
"1695",6,9,3,0,0
"1696",3,0,3,0,0
"1697",18,3,0,0,0
"1698",9,6,0,0,0
"1699",6,3,0,0,0
"1700",3,0,3,0,0
"1701",15,3,3,0,0
"1702",6,3,0,0,0
"1703",3,0,0,0,0
"1704",30,12,6,0,0
"1705",3,0,0,0,0
"1706",0,3,0,0,0
"1707",15,0,3,0,0
"1708",0,3,0,0,0
"1709",27,21,0,0,0
"1710",6,0,3,0,0
"1711",0,3,0,0,0
"1712",6,3,3,0,0
"1713",0,3,0,0,0
"1714",0,3,0,0,0
"1715",6,0,0,0,0
"1716",3,0,3,0,0
"1717",0,3,0,0,0
"1718",42,3,3,0,0
"1719",3,0,3,0,0
"1720",6,3,0,0,0
"1721",45,3,0,0,0
"1722",12,3,3,0,0
"1723",33,9,0,3,3
"1724",3,0,3,0,0
"1725",0,0,3,0,0
"1726",45,3,0,0,0
"1727",6,0,3,0,0
"1728",36,0,3,0,0
"1729",24,3,0,0,0
"1730",42,3,3,0,0
"1731",21,18,9,0,0
"1732",33,12,0,3,0
"1733",0,3,0,0,0
"1734",0,3,0,0,0
"1735",36,9,3,0,0
"1736",3,3,0,0,0
"1737",36,9,3,0,0
"1738",6,3,3,0,0
"1739",3,0,3,0,0
"1740",6,3,0,0,0
"1741",48,0,0,0,0
"1742",3,3,3,0,0
"1743",15,12,0,0,0
"1744",0,3,0,0,0
"1745",0,0,3,0,0
"1746",6,0,0,0,0
"1747",6,6,0,0,0
"1748",15,0,0,3,0
"1749",0,0,3,0,0
"1750",45,0,3,0,0
"1751",33,12,3,0,0
"1752",15,3,3,0,0
"1753",21,24,3,0,0
"1754",0,3,0,0,0
"1755",45,0,3,0,0
"1756",15,3,0,0,0
"1757",0,3,0,0,0
"1758",21,0,3,0,0
"1759",0,3,0,0,0
"1760",0,3,0,0,0
"1761",42,3,3,0,0
"1762",0,3,0,0,0
"1763",42,3,0,0,0
"1764",24,18,3,3,0
"1765",0,3,0,0,0
"1766",0,3,0,0,0
"1767",6,0,3,0,0
"1768",39,6,3,0,0
"1769",42,3,0,0,0
"1770",0,0,3,0,0
"1771",6,0,0,0,0
"1772",45,3,0,0,0
"1773",33,12,3,0,0
"1774",0,3,0,0,0
"1775",3,0,3,0,0
"1776",42,3,3,0,0
"1777",3,0,0,0,0
"1778",15,3,3,0,0
"1779",33,15,0,0,0
"1780",9,6,0,0,0
"1781",6,0,0,0,0
"1782",6,3,0,0,0
"1783",45,0,3,0,0
"1784",6,3,3,0,0
"1785",3,0,3,0,0
"1786",9,0,0,0,0
"1787",0,0,3,0,0
"1788",3,0,3,0,0
"1789",6,0,0,0,0
"1790",21,6,3,0,0
"1791",0,3,3,0,0
"1792",9,0,3,0,0
"1793",3,0,3,0,0
"1794",33,3,3,0,0
"1795",33,12,3,0,0
"1796",42,6,0,0,0
"1797",18,12,0,0,0
"1798",0,3,0,0,0
"1799",15,0,0,0,0
"1800",3,0,3,0,0
"1801",39,6,0,3,0
"1802",6,3,0,0,0
"1803",6,0,3,0,0
"1804",0,3,0,0,0
"1805",0,0,3,0,0
"1806",30,12,6,0,0
"1807",3,0,0,0,0
"1808",12,36,0,0,0
"1809",36,9,3,0,0
"1810",0,3,0,0,0
"1811",3,0,3,0,0
"1812",0,3,0,0,0
"1813",6,3,3,0,0
"1814",42,3,3,0,0
"1815",3,0,0,0,0
"1816",18,3,0,0,0
"1817",0,0,3,0,0
"1818",42,3,0,3,0
"1819",21,12,0,0,0
"1820",42,0,6,0,0
"1821",0,0,3,0,0
"1822",3,3,0,0,0
"1823",45,3,0,0,0
"1824",30,15,3,0,0
"1825",6,0,3,0,0
"1826",45,0,3,0,0
"1827",3,3,3,0,0
"1828",48,0,0,0,0
"1829",0,3,0,0,0
"1830",36,9,3,0,0
"1831",3,0,3,0,0
"1832",24,0,0,0,0
"1833",45,3,0,0,0
"1834",0,3,0,0,0
"1835",30,18,0,0,0
"1836",3,0,3,0,0
"1837",3,3,0,0,0
"1838",0,3,0,0,0
"1839",6,3,0,0,0
"1840",0,0,3,0,0
"1841",39,6,3,0,0
"1842",3,0,3,0,0
"1843",3,3,0,0,0
"1844",3,0,3,0,0
"1845",9,6,3,0,0
"1846",3,3,0,0,0
"1847",3,0,3,0,0
"1848",0,3,0,0,0
"1849",27,12,0,0,0
"1850",0,0,3,0,0
"1851",9,6,0,0,0
"1852",0,3,0,0,0
"1853",36,3,6,3,0
"1854",3,0,3,0,0
"1855",0,3,0,0,0
"1856",42,3,3,0,0
"1857",48,0,0,0,0
"1858",3,0,3,0,0
"1859",27,15,3,3,0
"1860",3,0,3,0,0
"1861",0,3,0,0,0
"1862",0,0,3,0,0
"1863",3,0,3,0,0
"1864",48,0,0,0,0
"1865",3,0,3,0,0
"1866",0,6,3,0,0
"1867",30,12,6,0,0
"1868",0,0,3,0,0
"1869",6,0,0,0,0
"1870",0,3,0,0,0
"1871",3,0,3,0,0
"1872",6,0,3,0,0
"1873",3,0,0,0,0
"1874",12,0,3,0,0
"1875",0,3,0,0,0
"1876",18,0,0,0,0
"1877",0,3,3,0,0
"1878",6,3,3,0,0
"1879",0,3,0,0,0
"1880",3,0,3,0,0
"1881",6,0,3,0,0
"1882",39,6,3,0,0
"1883",45,3,0,0,0
"1884",0,3,0,0,0
"1885",0,3,0,0,0
"1886",33,12,3,0,0
"1887",3,0,3,0,0
"1888",45,0,3,0,0
"1889",36,6,3,0,0
"1890",0,3,0,0,0
"1891",12,6,0,0,0
"1892",0,0,3,0,0
"1893",9,0,0,0,0
"1894",6,3,0,0,0
"1895",0,3,0,0,0
"1896",39,3,6,0,0
"1897",27,3,3,0,0
"1898",6,3,3,0,0
"1899",30,3,0,0,0
"1900",3,0,3,0,0
"1901",0,0,3,0,0
"1902",0,3,0,0,0
"1903",15,0,3,0,0
"1904",3,0,3,0,0
"1905",6,0,0,0,0
"1906",42,3,3,0,0
"1907",3,0,3,0,0
"1908",9,0,0,0,0
"1909",0,3,0,0,0
"1910",39,3,3,0,0
"1911",9,0,3,0,0
"1912",24,21,0,3,0
"1913",6,3,0,0,0
"1914",21,21,6,0,0
"1915",3,0,0,0,0
"1916",42,6,0,0,0
"1917",3,0,3,0,0
"1918",3,0,0,0,0
"1919",3,0,3,0,0
"1920",0,0,3,0,0
"1921",9,0,3,0,0
"1922",42,6,0,0,0
"1923",6,0,0,0,0
"1924",27,0,3,0,0
"1925",0,0,3,0,0
"1926",39,3,6,0,0
"1927",3,0,0,0,0
"1928",6,0,0,0,0
"1929",0,3,0,0,0
"1930",39,9,0,0,0
"1931",42,3,0,3,0
"1932",6,0,3,0,0
"1933",24,3,3,0,0
"1934",3,0,3,0,0
"1935",6,0,3,0,0
"1936",0,0,3,0,0
"1937",3,0,3,0,0
"1938",0,0,3,0,0
"1939",42,0,6,0,0
"1940",42,3,3,0,0
"1941",0,3,0,0,0
"1942",42,0,6,0,0
"1943",6,0,0,0,0
"1944",42,3,0,0,0
"1945",0,0,3,0,0
"1946",33,9,0,0,0
"1947",42,0,6,0,0
"1948",3,0,3,0,0
"1949",6,3,0,0,0
"1950",3,6,3,0,0
"1951",42,3,3,0,0
"1952",0,0,3,0,0
"1953",27,0,0,0,0
"1954",3,3,0,0,0
"1955",3,0,3,0,0
"1956",45,3,0,0,0
"1957",21,15,0,0,0
"1958",42,3,0,3,0
"1959",0,0,3,0,0
"1960",42,3,3,0,0
"1961",39,6,3,0,0
"1962",0,0,3,0,0
"1963",6,0,0,0,0
"1964",6,0,0,0,0
"1965",33,12,3,0,0
"1966",3,0,3,0,0
"1967",3,3,0,0,0
"1968",6,6,3,0,0
"1969",0,3,3,0,0
"1970",3,0,0,0,0
"1971",21,6,0,0,0
"1972",12,0,3,0,0
"1973",45,3,0,0,0
"1974",45,0,3,0,0
"1975",15,0,3,0,0
"1976",3,0,0,0,0
"1977",9,6,3,0,0
"1978",3,0,3,0,0
"1979",6,0,3,0,0
"1980",6,0,3,0,0
"1981",3,3,0,3,0
"1982",27,15,6,0,0
"1983",24,15,3,0,0
"1984",12,3,6,0,0
"1985",42,3,3,0,0
"1986",6,0,0,0,0
"1987",3,0,3,0,0
"1988",0,3,0,0,0
"1989",3,0,3,0,0
"1990",39,9,0,0,0
"1991",3,0,3,0,0
"1992",42,3,3,0,0
"1993",24,9,3,0,0
"1994",0,3,0,0,0
"1995",0,0,3,0,0
"1996",3,0,3,0,0
"1997",6,3,0,0,0
"1998",3,3,3,0,0
"1999",3,0,0,0,0
"2000",6,0,0,0,0
"2001",3,3,0,0,0
"2002",0,3,0,0,0
"2003",15,0,3,0,0
"2004",0,0,3,0,0
"2005",6,3,0,0,0
"2006",45,3,0,0,0
"2007",15,0,0,0,0
"2008",3,0,3,0,0
"2009",6,0,3,0,0
"2010",42,6,0,0,0
"2011",6,0,0,0,0
"2012",6,3,3,0,0
"2013",6,0,0,0,0
"2014",3,0,3,0,0
"2015",6,3,3,0,0
"2016",39,6,3,0,0
"2017",3,0,0,0,0
"2018",6,0,0,0,0
"2019",39,9,0,0,0
"2020",6,0,0,0,0
"2021",6,0,0,0,0
"2022",0,3,0,0,0
"2023",0,3,0,0,0
"2024",0,3,0,0,0
"2025",0,3,3,0,0
"2026",45,0,3,0,0
"2027",39,9,0,0,0
"2028",3,0,0,0,0
"2029",24,21,3,0,0
"2030",24,0,3,0,0
"2031",3,0,3,0,0
"2032",24,9,0,0,0
"2033",0,3,0,0,0
"2034",33,9,6,0,0
"2035",39,0,3,0,0
"2036",21,0,3,0,0
"2037",0,3,0,0,0
"2038",3,0,3,0,0
"2039",36,9,3,0,0
"2040",42,3,3,0,0
"2041",3,0,3,0,0
"2042",12,0,0,0,0
"2043",36,6,3,0,0
"2044",3,0,0,0,0
"2045",3,0,3,0,0
"2046",12,6,0,3,0
"2047",6,0,0,0,0
"2048",0,3,0,0,0
"2049",0,0,3,0,0
"2050",0,0,3,0,0
"2051",0,0,3,0,0
"2052",6,39,3,0,0
"2053",15,0,0,0,0
"2054",45,0,3,0,0
"2055",36,9,3,0,0
"2056",3,0,3,0,0
"2057",0,6,0,0,0
"2058",6,3,3,0,0
"2059",15,0,3,0,0
"2060",6,3,0,0,0
"2061",3,0,3,0,0
"2062",12,3,0,3,0
"2063",45,3,0,0,0
"2064",3,0,3,0,0
"2065",3,0,0,0,0
"2066",15,0,3,0,0
"2067",36,0,6,0,0
"2068",36,0,3,0,0
"2069",3,0,0,0,0
"2070",36,3,3,0,0
"2071",12,0,3,0,0
"2072",39,6,3,0,0
"2073",48,0,0,0,0
"2074",39,6,3,0,0
"2075",12,3,0,0,0
"2076",42,6,0,0,0
"2077",0,3,0,0,0
"2078",3,3,0,3,0
"2079",3,0,3,0,0
"2080",39,3,6,0,0
"2081",48,0,0,0,0
"2082",42,3,0,0,0
"2083",6,0,0,0,0
"2084",0,6,0,0,0
"2085",6,0,3,0,0
"2086",39,9,0,0,0
"2087",6,3,0,0,0
"2088",48,0,0,0,0
"2089",18,18,3,0,0
"2090",27,0,0,0,0
"2091",6,0,3,0,0
"2092",6,0,0,0,0
"2093",6,0,0,0,0
"2094",6,0,3,0,0
"2095",9,3,0,0,0
"2096",42,6,0,0,0
"2097",0,3,0,0,0
"2098",6,0,0,0,0
"2099",0,0,3,0,0
"2100",0,0,3,0,0
"2101",45,0,0,3,0
"2102",3,0,3,0,0
"2103",0,3,0,0,0
"2104",39,3,6,0,0
"2105",6,3,0,0,0
"2106",0,3,0,0,0
"2107",12,0,0,0,0
"2108",3,0,3,0,0
"2109",0,0,3,0,0
"2110",36,9,0,3,0
"2111",3,0,3,0,0
"2112",6,0,0,0,0
"2113",3,0,3,0,0
"2114",9,0,0,0,0
"2115",6,0,0,0,0
"2116",18,3,0,0,0
"2117",33,12,3,0,0
"2118",0,3,0,0,0
"2119",9,3,0,0,0
"2120",6,0,0,0,0
"2121",30,15,3,0,0
"2122",0,3,0,0,0
"2123",36,3,3,0,0
"2124",27,0,3,0,0
"2125",0,0,3,0,0
"2126",3,0,0,0,0
"2127",3,0,3,0,0
"2128",3,0,3,0,0
"2129",12,0,0,0,0
"2130",12,0,0,0,0
"2131",30,0,0,0,0
"2132",15,0,3,0,0
"2133",12,0,3,0,0
"2134",21,6,0,0,0
"2135",3,0,0,0,0
"2136",3,0,3,0,0
"2137",0,3,0,0,0
"2138",42,3,3,0,0
"2139",0,3,0,0,0
"2140",3,0,3,0,0
"2141",15,30,3,0,0
"2142",0,3,0,0,0
"2143",36,9,3,0,0
"2144",6,0,0,0,0
"2145",3,0,0,0,0
"2146",24,21,3,0,0
"2147",0,3,0,0,0
"2148",3,6,0,0,0
"2149",0,0,3,0,0
"2150",0,3,0,0,0
"2151",15,0,0,0,0
"2152",15,6,3,0,0
"2153",9,0,3,0,0
"2154",39,3,6,0,0
"2155",3,3,0,0,0
"2156",36,6,6,0,0
"2157",3,0,3,0,0
"2158",42,6,0,0,0
"2159",0,0,3,0,0
"2160",3,0,3,0,0
"2161",12,3,0,0,0
"2162",3,0,3,0,0
"2163",12,3,0,0,0
"2164",42,6,0,0,0
"2165",0,0,3,0,0
"2166",15,0,6,0,0
"2167",45,0,3,0,0
"2168",12,0,3,0,0
"2169",9,33,3,3,0
"2170",21,3,0,0,0
"2171",0,3,0,0,0
"2172",3,0,0,0,0
"2173",21,6,3,0,0
"2174",27,0,0,0,0
"2175",42,3,3,0,0
"2176",0,3,0,0,0
"2177",45,3,0,0,0
"2178",3,3,0,0,0
"2179",6,0,0,0,0
"2180",9,3,3,0,0
"2181",3,0,3,0,0
"2182",6,0,3,0,0
"2183",3,0,0,0,0
"2184",0,3,0,0,0
"2185",3,0,3,0,0
"2186",6,6,3,0,0
"2187",3,0,0,0,0
"2188",42,6,0,0,0
"2189",6,0,3,0,0
"2190",15,3,3,0,0
"2191",3,0,3,0,0
"2192",0,3,0,0,0
"2193",3,6,3,0,0
"2194",21,3,0,0,0
"2195",3,0,3,0,0
"2196",0,0,3,0,0
"2197",3,3,6,0,0
"2198",12,3,3,0,0
"2199",6,0,0,0,0
"2200",6,0,0,0,0
"2201",39,3,6,0,0
"2202",12,0,3,0,0
"2203",6,0,0,0,0
"2204",3,3,3,0,0
"2205",6,3,3,0,0
"2206",39,9,0,0,0
"2207",33,12,3,0,0
"2208",42,0,6,0,0
"2209",3,0,3,0,0
"2210",45,0,3,0,0
"2211",0,3,0,0,0
"2212",0,0,3,0,0
"2213",3,0,3,0,0
"2214",30,3,0,0,0
"2215",0,0,3,0,0
"2216",3,0,3,0,0
"2217",0,0,3,0,0
"2218",0,0,3,0,0
"2219",3,0,3,0,0
"2220",12,3,6,0,0
"2221",3,0,3,0,0
"2222",3,0,3,0,0
"2223",18,9,0,0,0
"2224",21,18,6,3,0
"2225",15,0,0,0,0
"2226",0,0,3,0,0
"2227",12,0,3,0,0
"2228",42,3,3,0,0
"2229",30,3,0,0,0
"2230",0,0,3,0,0
"2231",0,6,3,0,0
"2232",3,0,0,0,0
"2233",24,18,6,0,0
"2234",39,3,6,0,0
"2235",0,3,0,0,0
"2236",45,3,0,0,0
"2237",0,3,0,0,0
"2238",6,0,0,0,0
"2239",36,9,3,0,0
"2240",3,0,3,0,0
"2241",3,0,3,0,0
"2242",6,0,0,0,0
"2243",6,0,0,0,0
"2244",0,0,3,0,0
"2245",42,6,0,0,0
"2246",45,0,3,0,0
"2247",0,3,0,0,0
"2248",3,0,3,0,0
"2249",45,3,0,0,0
"2250",15,6,3,0,0
"2251",6,3,0,0,0
"2252",6,3,0,0,0
"2253",42,6,0,0,0
"2254",39,6,3,0,0
"2255",6,3,0,0,0
"2256",12,0,0,0,0
"2257",36,0,3,0,0
"2258",0,0,3,0,0
"2259",0,0,3,0,0
"2260",6,0,3,0,0
"2261",12,6,0,0,0
"2262",0,0,3,0,0
"2263",0,3,0,0,0
"2264",15,27,3,0,3
"2265",15,0,3,0,0
"2266",15,0,3,0,0
"2267",3,6,0,3,0
"2268",48,0,0,0,0
"2269",3,0,0,0,0
"2270",3,0,3,0,0
"2271",12,0,3,0,0
"2272",3,3,0,0,0
"2273",3,6,0,0,0
"2274",27,6,0,0,0
"2275",3,0,3,0,0
"2276",0,0,3,0,0
"2277",3,3,0,0,0
"2278",42,3,3,0,0
"2279",3,0,3,0,0
"2280",3,3,0,0,0
"2281",9,6,0,0,0
"2282",3,0,3,0,0
"2283",42,3,3,0,0
"2284",15,30,3,0,0
"2285",12,0,0,0,0
"2286",0,0,3,0,0
"2287",3,0,3,0,0
"2288",6,0,0,0,0
"2289",0,0,3,0,0
"2290",36,0,0,0,0
"2291",3,0,3,0,0
"2292",27,6,0,0,0
"2293",9,0,3,0,0
"2294",0,3,0,0,0
"2295",3,0,3,0,0
"2296",33,3,3,0,0
"2297",48,0,0,0,0
"2298",45,0,3,0,0
"2299",42,6,0,0,0
"2300",12,0,3,0,0
"2301",6,0,0,0,0
"2302",3,0,3,0,0
"2303",12,6,0,0,0
"2304",0,3,0,0,0
"2305",6,3,0,0,0
"2306",12,24,9,3,0
"2307",0,0,3,0,0
"2308",0,3,0,0,0
"2309",27,0,3,0,0
"2310",0,3,0,0,0
"2311",3,0,0,0,0
"2312",6,3,3,0,0
"2313",6,0,0,0,0
"2314",3,39,6,0,0
"2315",9,3,0,0,0
"2316",45,3,0,0,0
"2317",6,0,0,0,0
"2318",3,0,3,0,0
"2319",0,3,0,0,0
"2320",6,0,0,0,0
"2321",3,0,3,0,0
"2322",15,0,3,0,0
"2323",21,6,0,0,0
"2324",42,3,0,3,0
"2325",0,3,0,0,0
"2326",48,0,0,0,0
"2327",42,3,3,0,0
"2328",12,0,3,0,0
"2329",45,0,3,0,0
"2330",6,6,3,0,0
"2331",6,0,0,0,0
"2332",0,0,3,0,0
"2333",3,0,3,0,0
"2334",6,3,0,0,0
"2335",30,6,3,0,0
"2336",30,3,0,0,0
"2337",21,3,3,0,0
"2338",3,3,0,0,0
"2339",42,6,0,0,0
"2340",3,0,0,0,0
"2341",3,0,3,0,0
"2342",6,0,3,0,0
"2343",42,0,6,0,0
"2344",24,21,0,3,0
"2345",39,6,3,0,0
"2346",0,6,3,0,0
"2347",18,3,3,0,0
"2348",0,3,0,0,0
"2349",6,3,0,0,0
"2350",3,0,0,0,0
"2351",3,0,3,0,0
"2352",42,0,3,0,0
"2353",45,0,3,0,0
"2354",0,3,0,0,0
"2355",15,0,3,0,0
"2356",12,33,3,0,0
"2357",18,15,3,0,0
"2358",0,0,3,0,0
"2359",18,3,0,0,0
"2360",3,3,6,0,0
"2361",3,3,0,0,0
"2362",6,0,3,0,0
"2363",0,0,3,0,0
"2364",3,0,3,0,0
"2365",0,0,3,0,0
"2366",9,0,3,0,0
"2367",15,0,3,0,0
"2368",9,0,0,0,0
"2369",0,3,0,0,0
"2370",0,0,3,0,0
"2371",6,6,0,0,0
"2372",3,0,3,0,0
"2373",0,3,0,0,0
"2374",6,0,0,0,0
"2375",15,3,0,0,0
"2376",6,0,0,0,0
"2377",0,0,3,0,0
"2378",12,3,9,0,0
"2379",3,0,3,0,0
"2380",3,0,0,0,0
"2381",6,3,0,0,0
"2382",12,0,3,0,0
"2383",45,0,3,0,0
"2384",39,9,0,0,0
"2385",3,0,3,0,0
"2386",27,15,6,0,0
"2387",30,15,0,3,0
"2388",0,3,0,0,0
"2389",6,0,0,0,0
"2390",0,3,0,0,0
"2391",15,0,3,0,0
"2392",6,3,0,0,0
"2393",39,6,3,0,0
"2394",9,0,0,0,0
"2395",15,3,3,0,0
"2396",42,3,3,0,0
"2397",39,6,3,0,0
"2398",3,3,0,0,0
"2399",6,3,0,0,0
"2400",48,0,0,0,0
"2401",3,3,0,0,0
"2402",0,0,3,0,0
"2403",36,9,3,0,0
"2404",33,15,0,0,0
"2405",39,9,0,0,0
"2406",6,3,0,0,0
"2407",39,9,0,0,0
"2408",6,0,3,0,0
"2409",0,3,3,0,0
"2410",33,15,0,0,0
"2411",27,15,6,0,0
"2412",0,0,3,0,0
"2413",9,3,0,0,0
"2414",42,3,3,0,0
"2415",0,0,3,0,0
"2416",3,0,0,0,0
"2417",6,0,0,0,0
"2418",33,3,0,0,0
"2419",3,0,0,0,0
"2420",3,3,0,0,0
"2421",6,3,0,0,0
"2422",0,0,3,0,0
"2423",0,0,3,0,0
"2424",21,6,3,0,0
"2425",21,6,0,0,0
"2426",0,3,0,0,0
"2427",0,3,0,0,0
"2428",0,3,0,0,0
"2429",6,0,0,0,0
"2430",42,3,3,0,0
"2431",3,3,0,0,0
"2432",0,3,0,0,0
"2433",0,3,0,0,0
"2434",12,0,3,0,0
"2435",3,3,0,0,0
"2436",0,3,0,0,0
"2437",6,0,0,0,0
"2438",6,6,0,0,0
"2439",0,3,0,0,0
"2440",0,3,0,0,0
"2441",9,0,0,0,0
"2442",45,3,0,0,0
"2443",36,9,3,0,0
"2444",3,0,3,0,0
"2445",12,3,3,3,0
"2446",24,3,0,0,0
"2447",0,3,0,0,0
"2448",3,0,3,0,0
"2449",3,3,0,0,0
"2450",3,0,3,0,0
"2451",39,0,3,0,0
"2452",39,0,3,0,0
"2453",6,3,0,0,0
"2454",3,0,3,0,0
"2455",0,3,0,0,0
"2456",9,3,3,0,0
"2457",33,12,3,0,0
"2458",0,0,3,0,0
"2459",6,3,0,0,0
"2460",36,9,0,3,0
"2461",3,0,3,0,0
"2462",33,15,0,0,0
"2463",6,0,3,0,0
"2464",6,0,0,0,0
"2465",0,0,3,0,0
"2466",12,0,0,0,0
"2467",3,0,3,0,0
"2468",3,0,3,0,0
"2469",36,0,3,0,0
"2470",3,0,0,0,0
"2471",15,0,0,0,0
"2472",18,3,0,0,0
"2473",3,0,3,0,0
"2474",21,12,3,0,0
"2475",6,0,0,0,0
"2476",3,0,3,0,0
"2477",3,0,3,0,0
"2478",39,3,3,0,0
"2479",3,0,3,0,0
"2480",45,0,3,0,0
"2481",3,0,3,0,0
"2482",3,3,0,0,0
"2483",45,3,0,0,0
"2484",0,0,3,0,0
"2485",0,3,0,0,0
"2486",45,3,0,0,0
"2487",0,3,0,0,0
"2488",6,0,0,0,0
"2489",36,12,0,0,0
"2490",27,3,0,3,0
"2491",6,0,3,0,0
"2492",6,0,0,0,0
"2493",3,0,3,0,0
"2494",12,0,0,0,0
"2495",9,0,6,3,0
"2496",27,6,0,0,0
"2497",0,3,0,0,0
"2498",36,6,6,0,0
"2499",39,3,6,0,0
"2500",15,3,3,0,0
"2501",0,3,0,0,0
"2502",30,0,0,0,0
"2503",3,0,3,0,0
"2504",15,3,3,3,0
"2505",18,6,6,0,0
"2506",0,3,0,0,0
"2507",45,0,3,0,0
"2508",45,0,3,0,0
"2509",0,3,0,0,0
"2510",6,0,0,0,0
"2511",6,0,0,0,0
"2512",6,0,0,0,0
"2513",21,0,3,0,0
"2514",0,3,0,0,0
"2515",45,0,3,0,0
"2516",36,12,0,0,0
"2517",45,3,0,0,0
"2518",39,6,3,0,0
"2519",3,0,3,0,0
"2520",45,0,3,0,0
"2521",42,3,3,0,0
"2522",39,3,6,0,0
"2523",0,3,0,0,0
"2524",0,0,3,0,0
"2525",42,3,3,0,0
"2526",6,3,0,0,0
"2527",15,0,0,0,0
"2528",6,0,3,0,0
"2529",0,3,0,0,0
"2530",3,0,3,0,0
"2531",3,0,3,0,0
"2532",27,0,3,0,0
"2533",0,0,3,0,0
"2534",42,3,3,0,0
"2535",39,6,3,0,0
"2536",24,3,3,0,0
"2537",3,0,0,0,0
"2538",3,3,0,0,0
"2539",39,6,3,0,0
"2540",3,3,3,0,0
"2541",3,0,3,0,0
"2542",42,3,3,0,0
"2543",0,3,0,0,0
"2544",3,0,0,0,0
"2545",3,0,0,0,0
"2546",9,6,0,0,0
"2547",3,3,3,0,0
"2548",24,0,0,0,0
"2549",3,0,3,0,0
"2550",36,6,6,0,0
"2551",45,0,3,0,0
"2552",21,0,3,0,0
"2553",0,3,0,0,0
"2554",18,27,3,0,0
"2555",27,9,0,0,0
"2556",3,39,6,0,0
"2557",42,6,0,0,0
"2558",42,6,0,0,0
"2559",0,3,0,0,0
"2560",39,0,3,0,0
"2561",39,6,3,0,0
"2562",33,12,3,0,0
"2563",45,0,3,0,0
"2564",45,3,0,0,0
"2565",24,6,0,0,0
"2566",0,0,3,0,0
"2567",39,6,0,3,0
"2568",39,6,3,0,0
"2569",0,3,0,0,0
"2570",0,3,0,0,0
"2571",39,6,3,0,0
"2572",0,3,0,0,0
"2573",0,0,3,0,0
"2574",42,6,0,0,0
"2575",18,6,3,0,0
"2576",6,0,3,0,0
"2577",45,0,3,0,0
"2578",42,0,6,0,0
"2579",27,0,0,0,0
"2580",6,3,0,0,0
"2581",6,0,0,0,0
"2582",3,0,3,0,0
"2583",15,0,3,0,0
"2584",3,0,3,0,0
"2585",15,3,0,0,0
"2586",0,3,0,0,0
"2587",45,3,0,0,0
"2588",6,33,6,3,0
"2589",42,0,0,0,0
"2590",3,0,3,0,0
"2591",18,0,0,0,0
"2592",33,6,6,0,0
"2593",0,3,0,0,0
"2594",45,0,3,0,0
"2595",6,0,0,0,0
"2596",39,6,0,0,0
"2597",27,18,3,0,0
"2598",9,3,3,0,0
"2599",30,18,0,0,0
"2600",45,0,3,0,0
"2601",15,6,0,0,0
"2602",30,3,3,0,0
"2603",48,0,0,0,0
"2604",39,9,0,0,0
"2605",15,3,0,0,0
"2606",36,9,3,0,0
"2607",42,3,3,0,0
"2608",6,0,3,0,0
"2609",42,6,0,0,0
"2610",15,9,0,0,0
"2611",42,3,3,0,0
"2612",39,9,0,0,0
"2613",45,3,0,0,0
"2614",0,0,3,0,0
"2615",3,3,0,0,0
"2616",3,3,0,0,0
"2617",3,0,3,0,0
"2618",48,0,0,0,0
"2619",6,0,0,0,0
"2620",42,3,3,0,0
"2621",12,6,0,0,0
"2622",12,3,0,0,0
"2623",24,24,0,0,0
"2624",48,0,0,0,0
"2625",0,0,3,0,0
"2626",24,0,3,0,0
"2627",45,3,0,0,0
"2628",6,3,0,0,0
"2629",27,0,0,0,0
"2630",42,6,0,0,0
"2631",42,3,3,0,0
"2632",36,6,3,3,0
"2633",6,0,0,0,0
"2634",42,3,3,0,0
"2635",21,3,6,0,0
"2636",0,3,0,0,0
"2637",6,3,0,0,0
"2638",9,39,0,0,0
"2639",0,3,0,0,0
"2640",3,3,0,0,0
"2641",0,3,0,0,0
"2642",36,6,6,0,0
"2643",6,0,3,0,0
"2644",0,0,3,0,0
"2645",42,3,3,0,0
"2646",3,0,3,0,0
"2647",12,6,0,0,0
"2648",9,6,0,0,0
"2649",39,9,0,0,0
"2650",15,0,0,0,0
"2651",9,21,15,0,3
"2652",6,3,0,0,0
"2653",12,33,0,3,0
"2654",12,3,9,3,0
"2655",0,3,0,0,0
"2656",15,6,3,0,0
"2657",33,9,6,0,0
"2658",3,0,3,0,0
"2659",3,0,3,0,0
"2660",42,3,3,0,0
"2661",48,0,0,0,0
"2662",0,3,0,0,0
"2663",6,0,3,0,0
"2664",0,3,0,0,0
"2665",0,3,0,0,0
"2666",0,3,0,0,0
"2667",18,0,0,0,0
"2668",42,3,3,0,0
"2669",24,3,3,0,0
"2670",0,0,3,0,0
"2671",0,6,3,0,0
"2672",45,3,0,0,0
"2673",0,3,0,0,0
"2674",30,6,0,0,0
"2675",45,3,0,0,0
"2676",36,12,0,0,0
"2677",3,0,3,0,0
"2678",12,0,3,0,0
"2679",3,0,3,0,0
"2680",3,0,3,0,0
"2681",0,3,0,0,0
"2682",0,0,3,0,0
"2683",3,0,3,0,0
"2684",3,0,3,0,0
"2685",24,9,0,0,0
"2686",36,6,6,0,0
"2687",9,0,3,0,0
"2688",27,0,0,0,0
"2689",6,0,0,0,0
"2690",15,0,0,0,0
"2691",3,0,3,0,0
"2692",12,6,3,0,0
"2693",12,3,3,0,0
"2694",3,3,0,0,0
"2695",39,6,0,3,0
"2696",15,0,3,0,0
"2697",27,15,3,3,0
"2698",12,3,3,0,0
"2699",15,0,0,0,0
"2700",42,0,3,3,0
"2701",0,3,0,0,0
"2702",3,0,3,0,0
"2703",12,0,3,0,0
"2704",39,6,3,0,0
"2705",3,0,3,0,0
"2706",9,6,0,0,0
"2707",3,42,3,0,0
"2708",48,0,0,0,0
"2709",0,3,0,0,0
"2710",0,3,0,0,0
"2711",6,3,0,0,0
"2712",27,6,3,0,0
"2713",30,9,3,0,0
"2714",36,3,0,0,0
"2715",45,0,3,0,0
"2716",39,3,6,0,0
"2717",0,3,0,0,0
"2718",39,9,0,0,0
"2719",0,3,0,0,0
"2720",9,0,3,0,0
"2721",0,0,3,0,0
"2722",0,3,0,0,0
"2723",15,0,0,3,0
"2724",21,6,0,0,0
"2725",6,0,3,0,0
"2726",0,3,0,0,0
"2727",42,6,0,0,0
"2728",3,0,3,0,0
"2729",3,0,3,0,0
"2730",6,0,0,0,0
"2731",33,9,6,0,0
"2732",0,3,0,0,0
"2733",21,6,3,0,0
"2734",6,3,3,0,0
"2735",6,3,0,0,0
"2736",12,0,0,0,0
"2737",6,0,0,0,0
"2738",0,3,0,0,0
"2739",21,6,0,0,0
"2740",36,9,3,0,0
"2741",0,0,3,0,0
"2742",6,3,0,0,0
"2743",0,3,0,0,0
"2744",3,0,0,0,0
"2745",6,3,3,0,0
"2746",3,3,0,0,0
"2747",39,6,3,0,0
"2748",3,0,3,0,0
"2749",0,0,3,0,0
"2750",0,3,0,0,0
"2751",3,0,3,0,0
"2752",3,0,3,0,0
"2753",6,0,0,0,0
"2754",42,6,0,0,0
"2755",42,3,3,0,0
"2756",0,3,0,0,0
"2757",12,3,6,0,0
"2758",9,6,0,0,0
"2759",39,9,0,0,0
"2760",30,0,0,0,0
"2761",6,0,3,0,0
"2762",6,3,0,0,0
"2763",42,3,3,0,0
"2764",39,6,3,0,0
"2765",6,0,0,0,0
"2766",3,0,3,0,0
"2767",33,12,3,0,0
"2768",0,0,3,0,0
"2769",0,0,3,0,0
"2770",33,6,9,0,0
"2771",3,0,3,0,0
"2772",30,18,0,0,0
"2773",3,0,3,0,0
"2774",6,3,0,3,0
"2775",36,9,3,0,0
"2776",36,9,3,0,0
"2777",36,9,3,0,0
"2778",9,3,0,0,0
"2779",12,0,3,0,0
"2780",21,3,0,0,0
"2781",9,3,3,0,0
"2782",3,0,0,0,0
"2783",18,6,6,0,0
"2784",0,0,3,0,0
"2785",0,0,3,0,0
"2786",9,3,0,0,0
"2787",45,0,3,0,0
"2788",45,0,3,0,0
"2789",9,0,3,0,0
"2790",3,0,3,0,0
"2791",9,0,3,0,0
"2792",12,0,3,0,0
"2793",36,9,3,0,0
"2794",3,0,0,0,0
"2795",6,3,3,0,0
"2796",0,0,3,0,0
"2797",3,0,3,0,0
"2798",0,3,0,0,0
"2799",0,3,0,0,0
"2800",0,3,0,0,0
"2801",3,0,3,0,0
"2802",3,3,0,0,0
"2803",36,12,0,0,0
"2804",0,3,0,0,0
"2805",18,3,3,0,0
"2806",42,3,3,0,0
"2807",30,3,0,0,0
"2808",3,3,0,0,0
"2809",39,0,3,0,0
"2810",21,0,3,0,0
"2811",39,6,3,0,0
"2812",42,6,0,0,0
"2813",6,0,0,0,0
"2814",15,0,3,0,0
"2815",21,0,3,0,0
"2816",6,3,0,0,0
"2817",36,12,0,0,0
"2818",0,3,0,0,0
"2819",3,0,0,0,0
"2820",9,6,3,0,0
"2821",18,6,0,3,0
"2822",12,0,0,0,0
"2823",33,12,3,0,0
"2824",6,3,3,0,0
"2825",30,15,3,0,0
"2826",9,6,3,0,0
"2827",12,0,3,0,0
"2828",36,9,0,3,0
"2829",3,3,0,0,0
"2830",12,6,3,0,0
"2831",3,0,3,0,0
"2832",3,0,0,0,0
"2833",18,30,0,0,0
"2834",0,3,0,0,0
"2835",6,3,0,0,0
"2836",6,0,3,0,0
"2837",0,0,3,0,0
"2838",12,3,0,0,0
"2839",15,0,3,0,0
"2840",21,6,3,3,0
"2841",6,0,0,0,0
"2842",0,0,3,0,0
"2843",3,0,3,0,0
"2844",39,3,3,3,0
"2845",0,0,3,0,0
"2846",18,0,0,0,0
"2847",0,3,0,0,0
"2848",42,6,0,0,0
"2849",3,0,3,0,0
"2850",6,3,0,0,0
"2851",45,0,3,0,0
"2852",27,15,3,3,0
"2853",0,0,3,0,0
"2854",24,0,3,0,0
"2855",15,0,3,0,0
"2856",6,0,0,0,0
"2857",42,3,3,0,0
"2858",6,0,0,0,0
"2859",33,9,6,0,0
"2860",3,0,3,0,0
"2861",15,0,0,0,0
"2862",39,9,0,0,0
"2863",0,3,0,0,0
"2864",0,3,0,0,0
"2865",12,3,3,0,0
"2866",0,0,3,0,0
"2867",3,3,0,0,0
"2868",3,0,0,0,0
"2869",3,6,0,0,0
"2870",9,0,6,3,0
"2871",6,3,0,0,0
"2872",6,3,0,0,0
"2873",24,9,0,0,0
"2874",36,9,3,0,0
"2875",0,0,3,0,0
"2876",45,0,3,0,0
"2877",27,18,3,0,0
"2878",3,3,0,0,0
"2879",24,0,3,0,0
"2880",9,0,0,0,0
"2881",45,0,3,0,0
"2882",45,0,3,0,0
"2883",6,3,0,0,0
"2884",39,6,3,0,0
"2885",0,3,0,0,0
"2886",0,3,0,0,0
"2887",45,0,3,0,0
"2888",15,0,0,0,0
"2889",3,0,3,0,0
"2890",0,3,0,0,0
"2891",39,6,3,0,0
"2892",39,9,0,0,0
"2893",36,6,6,0,0
"2894",27,6,3,0,0
"2895",39,6,3,0,0
"2896",9,3,3,0,0
"2897",3,0,0,0,0
"2898",0,0,3,0,0
"2899",3,0,3,0,0
"2900",42,3,3,0,0
"2901",3,0,0,0,0
"2902",3,0,3,0,0
"2903",0,0,3,0,0
"2904",0,3,0,0,0
"2905",3,0,3,0,0
"2906",0,0,3,0,0
"2907",3,3,3,0,0
"2908",0,3,0,0,0
"2909",18,0,0,0,0
"2910",6,0,0,0,0
"2911",45,0,3,0,0
"2912",0,0,3,0,0
"2913",42,6,0,0,0
"2914",3,0,3,0,0
"2915",3,0,0,0,0
"2916",0,3,0,0,0
"2917",3,3,6,0,0
"2918",3,0,3,0,0
"2919",15,3,0,3,0
"2920",18,6,0,0,0
"2921",0,0,3,0,0
"2922",9,39,0,0,0
"2923",3,0,3,0,0
"2924",0,0,3,0,0
"2925",0,0,3,0,0
"2926",24,0,3,0,0
"2927",0,3,0,0,0
"2928",6,3,3,0,0
"2929",36,6,6,0,0
"2930",0,0,3,0,0
"2931",3,0,3,0,0
"2932",3,0,0,0,0
"2933",30,18,0,0,0
"2934",3,0,3,0,0
"2935",42,3,3,0,0
"2936",6,0,0,0,0
"2937",3,0,3,0,0
"2938",6,0,0,0,0
"2939",6,3,0,0,0
"2940",45,3,0,0,0
"2941",6,3,0,0,0
"2942",24,3,0,0,0
"2943",0,3,0,0,0
"2944",6,0,0,0,0
"2945",15,3,3,0,0
"2946",0,3,0,0,0
"2947",9,0,0,0,0
"2948",0,3,0,0,0
"2949",24,0,3,0,0
"2950",9,0,0,0,0
"2951",3,0,3,0,0
"2952",33,6,0,0,0
"2953",9,6,0,0,0
"2954",0,0,3,0,0
"2955",6,0,3,0,0
"2956",6,0,0,0,0
"2957",39,6,3,0,0
"2958",39,6,3,0,0
"2959",45,3,0,0,0
"2960",3,0,3,0,0
"2961",6,0,0,0,0
"2962",18,3,0,0,0
"2963",15,0,0,0,0
"2964",18,3,0,0,0
"2965",3,3,0,0,0
"2966",0,3,0,0,0
"2967",6,3,0,0,0
"2968",42,6,0,0,0
"2969",0,3,0,0,0
"2970",36,9,3,0,0
"2971",6,0,0,0,0
"2972",45,3,0,0,0
"2973",42,3,3,0,0
"2974",0,0,3,0,0
"2975",12,6,3,0,0
"2976",36,9,3,0,0
"2977",3,3,0,0,0
"2978",6,3,0,0,0
"2979",0,3,0,0,0
"2980",42,6,0,0,0
"2981",6,0,0,0,0
"2982",6,0,0,0,0
"2983",15,0,0,0,0
"2984",36,9,0,3,0
"2985",12,0,0,0,0
"2986",42,3,3,0,0
"2987",3,0,3,0,0
"2988",0,3,0,0,0
"2989",3,0,3,0,0
"2990",0,3,0,0,0
"2991",0,3,0,0,0
"2992",24,6,0,0,0
"2993",27,0,3,3,0
"2994",0,3,0,0,0
"2995",21,6,0,0,0
"2996",24,9,0,0,0
"2997",3,0,3,0,0
"2998",12,36,0,0,0
"2999",45,3,0,0,0
"3000",6,0,0,0,0
"3001",36,3,6,3,0
"3002",6,3,0,0,0
"3003",39,6,3,0,0
"3004",0,3,0,0,0
"3005",3,0,3,0,0
"3006",0,3,0,0,0
"3007",45,3,0,0,0
"3008",45,0,0,3,0
"3009",6,3,0,0,0
"3010",0,3,3,3,0
"3011",3,0,0,0,0
"3012",0,0,3,0,0
"3013",27,6,3,3,0
"3014",15,0,3,0,0
"3015",3,0,3,0,0
"3016",45,3,0,0,0
"3017",6,0,3,0,0
"3018",0,0,3,0,0
"3019",3,0,3,0,0
"3020",9,6,0,0,0
"3021",21,6,3,0,0
"3022",6,3,0,0,0
"3023",3,0,3,0,0
"3024",0,0,3,0,0
"3025",3,0,3,0,0
"3026",42,3,3,0,0
"3027",27,18,0,3,0
"3028",0,3,0,0,0
"3029",9,0,0,0,0
"3030",0,0,3,0,0
"3031",0,3,0,0,0
"3032",0,3,0,0,0
"3033",6,3,0,0,0
"3034",18,3,3,0,0
"3035",3,0,3,0,0
"3036",12,0,0,0,0
"3037",0,3,0,0,0
"3038",42,6,0,0,0
"3039",24,21,3,0,0
"3040",6,3,3,3,0
"3041",3,0,3,0,0
"3042",0,3,0,0,0
"3043",36,6,6,0,0
"3044",0,0,3,0,0
"3045",0,3,0,0,0
"3046",18,30,0,0,0
"3047",6,3,0,0,0
"3048",0,0,3,0,0
"3049",33,12,3,0,0
"3050",3,3,0,0,0
"3051",9,3,0,0,0
"3052",9,36,3,0,0
"3053",42,3,0,0,0
"3054",18,3,0,0,0
"3055",3,0,3,0,0
"3056",0,0,3,0,0
"3057",45,3,0,0,0
"3058",21,3,3,0,0
"3059",0,3,0,0,0
"3060",0,3,0,0,0
"3061",6,0,0,0,0
"3062",15,30,3,0,0
"3063",9,0,0,0,0
"3064",6,0,3,0,0
"3065",0,0,3,0,0
"3066",6,0,0,0,0
"3067",9,0,3,0,0
"3068",0,3,0,0,0
"3069",39,3,6,0,0
"3070",42,3,3,0,0
"3071",0,3,0,0,0
"3072",3,0,3,0,0
"3073",39,3,3,0,0
"3074",9,0,0,0,0
"3075",3,0,3,0,0
"3076",6,0,0,0,0
"3077",0,3,0,0,0
"3078",18,3,6,0,0
"3079",3,0,3,0,0
"3080",9,0,0,0,0
"3081",6,0,0,0,0
"3082",9,3,0,0,0
"3083",3,0,0,0,0
"3084",3,3,3,0,0
"3085",15,0,0,0,0
"3086",3,3,0,0,0
"3087",15,6,0,0,0
"3088",45,0,3,0,0
"3089",33,0,3,3,0
"3090",3,0,0,0,0
"3091",0,0,3,0,0
"3092",15,30,3,0,0
"3093",3,3,0,0,0
"3094",6,3,3,0,0
"3095",27,15,3,3,0
"3096",6,0,0,0,0
"3097",15,3,0,0,0
"3098",0,3,0,0,0
"3099",21,0,3,6,0
"3100",39,6,0,3,0
"3101",3,0,3,0,0
"3102",6,0,0,0,0
"3103",0,0,3,0,0
"3104",6,0,0,0,0
"3105",39,6,3,0,0
"3106",12,3,3,0,0
"3107",33,6,0,0,0
"3108",6,3,0,0,0
"3109",30,6,3,0,0
"3110",3,0,3,0,0
"3111",0,3,0,0,0
"3112",3,0,3,0,0
"3113",30,15,0,3,0
"3114",3,0,0,0,0
"3115",3,0,0,0,0
"3116",12,6,0,0,0
"3117",42,6,0,0,0
"3118",0,0,3,0,0
"3119",42,0,6,0,0
"3120",6,3,3,0,0
"3121",0,3,0,0,0
"3122",6,0,3,0,0
"3123",42,3,3,0,0
"3124",15,0,3,0,0
"3125",42,3,3,0,0
"3126",6,3,0,0,0
"3127",9,0,3,0,0
"3128",3,0,3,0,0
"3129",9,3,3,0,0
"3130",0,0,3,0,0
"3131",3,0,3,0,0
"3132",3,3,3,0,0
"3133",6,3,0,3,0
"3134",3,0,3,0,0
"3135",6,0,3,0,0
"3136",0,0,3,0,0
"3137",0,3,0,0,0
"3138",42,3,0,3,0
"3139",0,3,0,0,0
"3140",3,0,3,0,0
"3141",3,0,0,0,0
"3142",0,0,3,0,0
"3143",12,0,3,0,0
"3144",3,3,3,0,0
"3145",36,12,0,0,0
"3146",3,0,3,0,0
"3147",6,3,3,0,0
"3148",3,0,3,0,0
"3149",6,0,0,0,0
"3150",0,3,0,0,0
"3151",0,0,3,0,0
"3152",0,0,3,0,0
"3153",0,3,0,0,0
"3154",0,3,0,0,0
"3155",6,3,6,0,0
"3156",0,3,0,0,0
"3157",36,12,0,0,0
"3158",3,0,3,0,0
"3159",18,0,0,0,0
"3160",3,3,0,0,0
"3161",3,3,0,0,0
"3162",3,0,3,0,0
"3163",15,0,3,0,0
"3164",30,15,3,0,0
"3165",6,0,3,0,0
"3166",12,0,3,0,0
"3167",45,0,3,0,0
"3168",9,0,6,0,0
"3169",0,3,0,0,0
"3170",0,3,0,0,0
"3171",0,0,3,0,0
"3172",9,27,12,0,0
"3173",6,3,0,0,0
"3174",0,0,3,0,0
"3175",39,6,3,0,0
"3176",0,3,0,0,0
"3177",3,0,0,0,0
"3178",0,0,3,0,0
"3179",6,3,0,0,0
"3180",3,0,0,0,0
"3181",15,6,0,0,0
"3182",0,6,3,0,0
"3183",15,0,3,0,0
"3184",30,3,3,0,0
"3185",0,3,0,0,0
"3186",21,0,0,0,0
"3187",39,3,3,3,0
"3188",6,3,0,0,0
"3189",6,3,3,0,0
"3190",6,0,0,0,0
"3191",33,12,3,0,0
"3192",21,0,0,0,0
"3193",27,0,3,0,0
"3194",39,6,3,0,0
"3195",15,0,3,0,0
"3196",3,0,0,0,0
"3197",27,0,0,0,0
"3198",36,6,6,0,0
"3199",6,0,0,0,0
"3200",12,6,6,0,0
"3201",3,0,0,0,0
"3202",0,3,0,0,0
"3203",0,0,3,0,0
"3204",36,3,3,0,0
"3205",45,3,0,0,0
"3206",3,0,3,0,0
"3207",15,3,0,0,0
"3208",6,0,0,0,0
"3209",3,0,3,0,0
"3210",12,3,3,0,0
"3211",27,18,3,0,0
"3212",0,3,0,0,0
"3213",6,3,0,0,0
"3214",42,3,3,0,0
"3215",6,3,0,0,0
"3216",6,3,0,0,0
"3217",3,0,3,0,0
"3218",6,0,0,0,0
"3219",0,3,0,0,0
"3220",0,3,0,0,0
"3221",15,33,0,0,0
"3222",6,3,0,0,0
"3223",3,0,0,0,0
"3224",3,0,0,0,0
"3225",0,0,3,0,0
"3226",39,9,0,0,0
"3227",0,3,0,0,0
"3228",0,3,0,0,0
"3229",27,3,3,0,0
"3230",3,0,3,0,0
"3231",6,0,0,0,0
"3232",3,0,3,0,0
"3233",39,9,0,0,0
"3234",30,3,3,0,0
"3235",6,0,0,0,0
"3236",42,3,3,0,0
"3237",6,0,0,0,0
"3238",21,3,3,0,0
"3239",21,6,0,0,0
"3240",42,3,3,0,0
"3241",9,0,3,0,0
"3242",0,3,0,0,0
"3243",0,3,0,0,0
"3244",3,3,3,0,0
"3245",18,21,6,3,0
"3246",12,0,3,0,0
"3247",3,6,6,0,0
"3248",39,6,3,0,0
"3249",3,0,3,0,0
"3250",30,15,3,0,0
"3251",0,3,0,0,0
"3252",0,3,0,0,0
"3253",39,6,0,3,0
"3254",9,6,0,0,0
"3255",21,3,0,0,0
"3256",0,0,3,0,0
"3257",6,3,0,0,0
"3258",36,3,6,0,3
"3259",27,18,3,0,0
"3260",3,6,0,3,0
"3261",3,0,3,0,0
"3262",42,0,6,0,0
"3263",0,0,3,0,0
"3264",6,0,0,0,0
"3265",21,18,6,3,0
"3266",48,0,0,0,0
"3267",6,3,0,0,0
"3268",48,0,0,0,0
"3269",36,9,3,0,0
"3270",0,3,0,0,0
"3271",3,0,0,0,0
"3272",9,0,0,0,0
"3273",39,6,3,0,0
"3274",42,6,0,0,0
"3275",0,0,3,0,0
"3276",0,0,3,0,0
"3277",27,0,3,0,0
"3278",48,0,0,0,0
"3279",15,0,0,0,0
"3280",3,0,3,0,0
"3281",45,0,3,0,0
"3282",0,3,0,0,0
"3283",3,0,0,0,0
"3284",0,0,3,0,0
"3285",9,0,0,0,0
"3286",6,0,0,0,0
"3287",30,12,6,0,0
"3288",3,0,0,0,0
"3289",3,0,3,0,0
"3290",21,24,3,0,0
"3291",45,3,0,0,0
"3292",33,15,0,0,0
"3293",9,3,0,0,0
"3294",0,0,3,0,0
"3295",3,0,3,0,0
"3296",0,0,3,0,0
"3297",3,3,0,3,0
"3298",0,3,0,0,0
"3299",6,0,0,0,0
"3300",36,9,3,0,0
"3301",6,0,3,0,0
"3302",0,3,0,0,0
"3303",9,3,3,0,0
"3304",45,3,0,0,0
"3305",42,3,3,0,0
"3306",0,3,3,0,0
"3307",30,3,0,0,0
"3308",30,3,3,0,0
"3309",6,0,0,0,0
"3310",3,0,3,0,0
"3311",12,6,0,0,0
"3312",3,0,3,0,0
"3313",0,0,3,0,0
"3314",3,0,0,0,0
"3315",36,9,3,0,0
"3316",15,0,0,0,0
"3317",0,0,3,0,0
"3318",39,0,3,0,0
"3319",0,6,3,0,0
"3320",6,0,0,0,0
"3321",42,3,3,0,0
"3322",6,3,0,0,0
"3323",39,9,0,0,0
"3324",15,0,0,0,0
"3325",36,6,6,0,0
"3326",36,9,3,0,0
"3327",3,0,3,0,0
"3328",0,0,3,0,0
"3329",9,6,0,0,0
"3330",3,0,3,0,0
"3331",0,3,3,0,0
"3332",6,0,0,0,0
"3333",39,6,3,0,0
"3334",45,0,3,0,0
"3335",0,3,0,0,0
"3336",0,0,3,0,0
"3337",30,6,3,0,0
"3338",12,3,3,0,0
"3339",42,6,0,0,0
"3340",0,3,0,0,0
"3341",24,3,0,0,0
"3342",3,0,3,0,0
"3343",30,3,0,0,0
"3344",6,3,0,0,0
"3345",3,0,3,0,0
"3346",15,6,3,0,0
"3347",0,0,3,0,0
"3348",42,6,0,0,0
"3349",42,3,3,0,0
"3350",6,3,3,0,0
"3351",33,15,0,0,0
"3352",48,0,0,0,0
"3353",3,0,3,0,0
"3354",33,6,0,0,0
"3355",3,0,3,0,0
"3356",9,0,3,0,0
"3357",0,0,3,0,0
"3358",6,3,0,0,0
"3359",0,3,0,0,0
"3360",0,3,0,0,0
"3361",42,6,0,0,0
"3362",24,21,0,3,0
"3363",0,3,0,0,0
"3364",9,0,3,0,0
"3365",0,3,0,0,0
"3366",3,0,3,0,0
"3367",0,3,0,0,0
"3368",3,0,3,0,0
"3369",6,0,0,0,0
"3370",3,0,3,0,0
"3371",6,0,0,0,0
"3372",9,6,0,3,0
"3373",27,0,3,0,0
"3374",3,0,3,0,0
"3375",21,24,3,0,0
"3376",0,3,3,0,0
"3377",48,0,0,0,0
"3378",3,9,3,0,0
"3379",6,0,0,0,0
"3380",45,0,3,0,0
"3381",6,3,0,0,0
"3382",3,0,3,0,0
"3383",42,0,3,3,0
"3384",0,3,0,0,0
"3385",45,0,3,0,0
"3386",39,9,0,0,0
"3387",0,3,0,0,0
"3388",36,6,3,3,0
"3389",3,3,0,0,0
"3390",3,3,0,0,0
"3391",15,6,0,0,0
"3392",45,0,3,0,0
"3393",3,3,3,0,0
"3394",39,3,6,0,0
"3395",39,9,0,0,0
"3396",3,0,0,0,0
"3397",36,9,0,3,0
"3398",45,0,3,0,0
"3399",0,3,3,0,0
"3400",6,0,0,0,0
"3401",3,0,0,0,0
"3402",27,0,3,0,0
"3403",6,0,0,0,0
"3404",3,0,3,0,0
"3405",21,6,3,3,0
"3406",0,3,0,0,0
"3407",9,3,3,0,0
"3408",45,3,0,0,0
"3409",18,0,0,0,0
"3410",39,0,6,3,0
"3411",0,3,0,0,0
"3412",18,3,0,0,0
"3413",3,0,3,0,0
"3414",45,0,3,0,0
"3415",3,0,6,0,0
"3416",3,0,0,0,0
"3417",3,6,0,0,0
"3418",0,0,3,0,0
"3419",0,0,3,0,0
"3420",42,6,0,0,0
"3421",3,3,0,0,0
"3422",0,3,0,0,0
"3423",15,6,0,0,0
"3424",3,0,0,0,0
"3425",0,3,0,0,0
"3426",6,0,0,0,0
"3427",3,0,0,0,0
"3428",3,3,3,0,0
"3429",33,6,9,0,0
"3430",3,3,0,0,0
"3431",3,0,3,0,0
"3432",39,9,0,0,0
"3433",0,0,3,0,0
"3434",0,3,0,0,0
"3435",3,0,0,0,0
"3436",42,3,0,3,0
"3437",0,3,0,0,0
"3438",0,3,0,0,0
"3439",39,6,3,0,0
"3440",33,15,0,0,0
"3441",15,0,3,0,0
"3442",0,0,3,0,0
"3443",36,6,3,0,0
"3444",39,9,0,0,0
"3445",18,27,3,0,0
"3446",45,0,3,0,0
"3447",42,3,3,0,0
"3448",18,9,6,0,0
"3449",12,3,3,0,0
"3450",15,0,3,0,0
"3451",9,0,0,0,0
"3452",0,0,3,0,0
"3453",45,3,0,0,0
"3454",36,6,6,0,0
"3455",6,3,0,0,0
"3456",42,6,0,0,0
"3457",6,0,0,0,0
"3458",3,3,0,3,0
"3459",0,0,3,0,0
"3460",6,0,0,0,0
"3461",24,6,0,0,0
"3462",42,3,3,0,0
"3463",6,42,0,0,0
"3464",9,0,0,0,0
"3465",3,0,3,0,0
"3466",3,0,3,0,0
"3467",36,9,0,3,0
"3468",45,3,0,0,0
"3469",12,6,3,0,0
"3470",39,6,3,0,0
"3471",0,3,0,0,0
"3472",36,12,0,0,0
"3473",3,0,3,0,0
"3474",12,36,0,0,0
"3475",33,9,3,0,0
"3476",42,3,3,0,0
"3477",3,0,0,0,0
"3478",0,0,3,0,0
"3479",3,0,3,0,0
"3480",0,0,3,0,0
"3481",6,0,3,0,0
"3482",3,0,3,0,0
"3483",39,9,0,0,0
"3484",18,3,0,0,0
"3485",45,0,3,0,0
"3486",0,0,3,0,0
"3487",0,0,3,0,0
"3488",0,0,3,0,0
"3489",42,3,3,0,0
"3490",3,0,3,0,0
"3491",45,3,0,0,0
"3492",0,3,0,0,0
"3493",6,3,0,0,0
"3494",42,3,0,0,0
"3495",0,3,0,0,0
"3496",15,0,0,0,0
"3497",0,0,3,0,0
"3498",3,0,3,0,0
"3499",15,3,3,0,0
"3500",6,0,0,0,0
"3501",39,6,0,3,0
"3502",0,3,0,0,0
"3503",3,3,0,0,0
"3504",45,0,0,3,0
"3505",9,0,3,0,0
"3506",9,0,3,0,0
"3507",33,3,0,0,0
"3508",6,0,3,0,0
"3509",33,9,6,0,0
"3510",18,6,3,0,0
"3511",6,0,0,0,0
"3512",6,0,0,0,0
"3513",15,3,0,3,0
"3514",12,0,3,0,0
"3515",0,3,0,0,0
"3516",3,0,3,0,0
"3517",3,0,0,0,0
"3518",3,3,3,0,0
"3519",3,0,0,0,0
"3520",18,3,3,0,0
"3521",0,3,0,0,0
"3522",0,0,3,0,0
"3523",24,9,3,0,0
"3524",0,3,0,0,0
"3525",3,0,0,0,0
"3526",42,6,0,0,0
"3527",36,3,9,0,0
"3528",0,3,0,0,0
"3529",6,3,0,0,0
"3530",9,3,3,0,0
"3531",15,3,3,3,0
"3532",39,9,0,0,0
"3533",27,9,3,0,0
"3534",3,0,3,0,0
"3535",6,0,0,0,0
"3536",39,9,0,0,0
"3537",0,0,3,0,0
"3538",3,3,0,0,0
"3539",0,0,3,0,0
"3540",3,0,3,0,0
"3541",3,0,3,0,0
"3542",30,15,0,3,0
"3543",6,0,3,0,0
"3544",0,0,3,0,0
"3545",3,0,3,0,0
"3546",27,0,6,0,0
"3547",45,0,3,0,0
"3548",3,0,0,0,0
"3549",45,3,0,0,0
"3550",6,0,0,0,0
"3551",3,0,0,0,0
"3552",21,0,3,0,0
"3553",3,0,0,0,0
"3554",15,0,3,0,0
"3555",42,3,3,0,0
"3556",6,3,0,0,0
"3557",12,0,3,0,0
"3558",3,0,3,0,0
"3559",6,3,0,0,0
"3560",6,0,0,0,0
"3561",45,0,3,0,0
"3562",6,0,0,0,0
"3563",0,3,0,0,0
"3564",6,0,3,0,0
"3565",39,3,6,0,0
"3566",3,3,0,0,0
"3567",15,6,0,3,0
"3568",42,3,0,3,0
"3569",12,0,0,0,0
"3570",0,0,3,0,0
"3571",6,0,3,0,0
"3572",6,0,3,0,0
"3573",0,3,0,0,0
"3574",6,3,3,0,0
"3575",0,0,3,0,0
"3576",3,3,0,0,0
"3577",0,3,0,0,0
"3578",0,3,0,0,0
"3579",36,3,0,0,0
"3580",6,0,0,0,0
"3581",6,0,0,0,0
"3582",3,0,3,0,0
"3583",39,3,3,3,0
"3584",30,18,0,0,0
"3585",42,3,3,0,0
"3586",24,6,0,0,0
"3587",0,3,0,0,0
"3588",0,3,3,0,0
"3589",36,6,3,0,0
"3590",3,0,0,0,0
"3591",0,0,3,0,0
"3592",45,3,0,0,0
"3593",30,18,0,0,0
"3594",48,0,0,0,0
"3595",18,0,0,0,0
"3596",0,0,3,0,0
"3597",6,3,0,0,0
"3598",9,6,3,0,0
"3599",42,6,0,0,0
"3600",0,0,3,0,0
"3601",6,3,0,0,0
"3602",45,3,0,0,0
"3603",6,0,3,0,0
"3604",39,6,3,0,0
"3605",0,3,0,0,0
"3606",33,12,3,0,0
"3607",3,0,3,3,0
"3608",42,6,0,0,0
"3609",27,18,3,0,0
"3610",39,6,0,0,0
"3611",0,3,0,0,0
"3612",3,0,3,0,0
"3613",3,0,3,0,0
"3614",0,0,3,0,0
"3615",0,3,0,0,0
"3616",3,0,3,0,0
"3617",45,0,3,0,0
"3618",3,0,3,0,0
"3619",12,0,0,0,0
"3620",45,0,3,0,0
"3621",27,9,0,0,0
"3622",6,6,3,0,0
"3623",3,0,3,0,0
"3624",39,0,9,0,0
"3625",3,0,3,0,0
"3626",3,3,0,0,0
"3627",0,0,3,0,0
"3628",6,3,0,0,0
"3629",42,3,3,0,0
"3630",0,0,3,0,0
"3631",45,0,3,0,0
"3632",9,3,3,0,0
"3633",12,6,3,0,0
"3634",24,3,3,0,0
"3635",39,6,3,0,0
"3636",0,0,3,0,0
"3637",0,3,0,0,0
"3638",9,6,0,0,0
"3639",6,0,0,0,0
"3640",15,6,6,0,0
"3641",39,0,0,0,0
"3642",12,3,3,0,0
"3643",6,3,3,0,0
"3644",0,3,0,0,0
"3645",0,3,0,0,0
"3646",0,3,0,0,0
"3647",36,9,3,0,0
"3648",27,0,3,0,0
"3649",0,3,0,0,0
"3650",0,3,0,0,0
"3651",6,0,0,0,0
"3652",36,9,3,0,0
"3653",0,0,3,0,0
"3654",3,3,0,0,0
"3655",15,0,3,0,0
"3656",6,0,0,0,0
"3657",6,0,0,0,0
"3658",3,3,0,0,0
"3659",18,6,0,0,0
"3660",3,0,3,0,0
"3661",42,3,3,0,0
"3662",45,3,0,0,0
"3663",0,0,3,0,0
"3664",39,6,0,3,0
"3665",3,0,3,0,0
"3666",9,0,0,0,0
"3667",36,0,3,0,0
"3668",6,0,0,0,0
"3669",15,0,0,0,0
"3670",0,3,0,0,0
"3671",27,18,3,0,0
"3672",15,0,0,0,0
"3673",3,3,0,0,0
"3674",9,3,0,0,0
"3675",24,0,3,0,0
"3676",0,3,0,0,0
"3677",9,33,3,3,0
"3678",6,0,3,0,0
"3679",3,0,3,0,0
"3680",42,3,3,0,0
"3681",6,0,0,0,0
"3682",6,0,0,0,0
"3683",0,3,0,0,0
"3684",15,3,3,0,0
"3685",30,3,0,0,0
"3686",3,0,3,0,0
"3687",36,9,3,0,0
"3688",3,3,3,0,0
"3689",6,0,0,0,0
"3690",39,6,3,0,0
"3691",3,0,3,0,0
"3692",12,0,3,0,0
"3693",3,3,3,0,0
"3694",9,3,3,0,0
"3695",3,0,3,0,0
"3696",0,3,0,0,0
"3697",0,3,0,0,0
"3698",6,0,0,0,0
"3699",3,0,3,0,0
"3700",36,3,3,0,0
"3701",0,3,0,0,0
"3702",45,0,3,0,0
"3703",3,0,3,0,0
"3704",0,3,0,0,0
"3705",0,3,0,0,0
"3706",12,0,3,0,0
"3707",3,0,3,0,0
"3708",36,9,3,0,0
"3709",42,3,3,0,0
"3710",0,3,0,0,0
"3711",0,3,0,0,0
"3712",3,0,0,0,0
"3713",3,0,3,0,0
"3714",45,0,3,0,0
"3715",0,3,0,0,0
"3716",12,0,3,0,0
"3717",6,3,0,0,0
"3718",3,0,3,0,0
"3719",3,0,0,0,0
"3720",42,3,3,0,0
"3721",30,15,3,0,0
"3722",6,3,0,0,0
"3723",0,3,0,0,0
"3724",6,3,0,0,0
"3725",3,0,3,0,0
"3726",0,3,0,0,0
"3727",0,3,0,0,0
"3728",3,3,0,0,0
"3729",27,0,3,0,0
"3730",45,3,0,0,0
"3731",0,0,3,0,0
"3732",6,0,3,0,0
"3733",0,3,0,0,0
"3734",48,0,0,0,0
"3735",0,3,0,0,0
"3736",24,0,3,0,0
"3737",42,6,0,0,0
"3738",3,0,0,0,0
"3739",6,0,0,0,0
"3740",42,6,0,0,0
"3741",3,0,3,0,0
"3742",21,6,3,0,0
"3743",45,3,0,0,0
"3744",15,0,0,0,0
"3745",21,3,0,0,0
"3746",3,0,3,0,0
"3747",6,0,0,0,0
"3748",0,3,0,0,0
"3749",42,3,3,0,0
"3750",12,6,0,0,0
"3751",24,3,0,0,0
"3752",33,9,6,0,0
"3753",6,0,3,0,0
"3754",15,0,0,0,0
"3755",6,6,3,0,0
"3756",42,6,0,0,0
"3757",39,6,0,3,0
"3758",0,0,3,0,0
"3759",6,0,3,0,0
"3760",0,0,3,0,0
"3761",6,0,3,0,0
"3762",3,0,3,0,0
"3763",6,0,0,0,0
"3764",6,3,0,0,0
"3765",15,9,0,3,0
"3766",45,0,3,0,0
"3767",42,6,0,0,0
"3768",6,3,0,0,0
"3769",6,3,0,0,0
"3770",3,0,3,0,0
"3771",0,3,0,0,0
"3772",39,9,0,0,0
"3773",3,0,3,0,0
"3774",0,3,0,0,0
"3775",21,0,3,0,0
"3776",6,0,0,0,0
"3777",24,21,3,0,0
"3778",18,3,0,0,0
"3779",42,3,3,0,0
"3780",42,3,3,0,0
"3781",6,0,0,0,0
"3782",3,0,3,0,0
"3783",3,0,3,0,0
"3784",6,3,0,0,0
"3785",0,3,0,0,0
"3786",3,0,3,0,0
"3787",15,3,3,0,0
"3788",0,0,3,0,0
"3789",6,3,0,0,0
"3790",39,9,0,0,0
"3791",6,3,0,0,0
"3792",36,9,3,0,0
"3793",3,3,0,0,0
"3794",6,3,0,0,0
"3795",6,0,0,0,0
"3796",30,0,3,0,0
"3797",0,0,3,0,0
"3798",3,0,3,0,0
"3799",0,3,0,0,0
"3800",39,3,6,0,0
"3801",0,3,0,0,0
"3802",6,3,0,0,0
"3803",24,3,3,0,0
"3804",6,0,3,0,0
"3805",3,0,0,0,0
"3806",27,0,9,0,0
"3807",3,0,3,0,0
"3808",6,0,0,0,0
"3809",0,0,3,0,0
"3810",45,3,0,0,0
"3811",33,0,3,0,0
"3812",3,0,3,0,0
"3813",24,3,0,0,0
"3814",0,0,3,0,0
"3815",30,18,0,0,0
"3816",0,3,0,0,0
"3817",0,0,3,0,0
"3818",0,0,3,0,0
"3819",0,3,0,0,0
"3820",0,3,0,0,0
"3821",0,3,0,0,0
"3822",9,6,9,0,0
"3823",0,0,3,0,0
"3824",18,6,3,0,0
"3825",3,0,3,0,0
"3826",30,15,3,0,0
"3827",12,6,3,0,0
"3828",3,3,3,0,0
"3829",3,0,0,0,0
"3830",0,3,0,0,0
"3831",45,0,3,0,0
"3832",0,3,0,0,0
"3833",39,0,3,0,0
"3834",6,3,0,0,0
"3835",33,12,0,0,0
"3836",42,3,3,0,0
"3837",36,6,6,0,0
"3838",33,0,0,0,0
"3839",15,3,3,0,0
"3840",24,21,3,0,0
"3841",0,0,3,0,0
"3842",15,0,0,0,0
"3843",36,9,3,0,0
"3844",6,0,0,0,0
"3845",0,0,3,0,0
"3846",6,3,3,0,0
"3847",15,0,3,0,0
"3848",12,33,3,0,0
"3849",39,9,0,0,0
"3850",0,0,3,0,0
"3851",3,0,3,0,0
"3852",39,9,0,0,0
"3853",6,0,3,0,0
"3854",39,6,3,0,0
"3855",6,0,0,0,0
"3856",27,18,0,3,0
"3857",3,0,0,0,0
"3858",33,12,3,0,0
"3859",0,3,0,0,0
"3860",39,3,6,0,0
"3861",0,3,0,0,0
"3862",0,0,3,0,0
"3863",9,3,3,0,0
"3864",3,0,3,0,0
"3865",15,0,0,0,0
"3866",3,0,3,0,0
"3867",0,3,0,0,0
"3868",24,0,0,0,0
"3869",3,0,3,0,0
"3870",45,0,3,0,0
"3871",3,0,3,0,0
"3872",15,3,6,0,0
"3873",6,0,0,0,0
"3874",39,6,0,3,0
"3875",42,6,0,0,0
"3876",0,3,0,0,0
"3877",9,6,0,0,0
"3878",0,3,0,0,0
"3879",18,12,9,0,0
"3880",3,0,3,0,0
"3881",3,0,3,0,0
"3882",18,0,3,0,0
"3883",3,3,3,0,0
"3884",39,6,3,0,0
"3885",6,33,6,0,3
"3886",3,0,3,0,0
"3887",27,0,0,0,0
"3888",42,3,3,0,0
"3889",15,0,0,0,0
"3890",0,3,0,0,0
"3891",3,0,0,0,0
"3892",6,0,3,0,0
"3893",30,6,6,0,0
"3894",3,0,0,0,0
"3895",39,0,3,0,0
"3896",33,6,9,0,0
"3897",39,3,3,3,0
"3898",15,0,0,0,0
"3899",6,3,3,0,0
"3900",3,3,0,0,0
"3901",42,3,3,0,0
"3902",42,6,0,0,0
"3903",21,24,3,0,0
"3904",6,0,3,0,0
"3905",36,9,3,0,0
"3906",6,3,0,0,0
"3907",45,0,3,0,0
"3908",30,18,0,0,0
"3909",0,0,3,0,0
"3910",30,15,3,0,0
"3911",12,0,3,0,0
"3912",3,0,3,0,0
"3913",0,3,0,0,0
"3914",6,6,0,0,0
"3915",3,6,0,3,0
"3916",9,12,0,0,0
"3917",15,6,3,0,0
"3918",6,3,3,0,0
"3919",42,3,3,0,0
"3920",3,0,3,0,0
"3921",0,3,0,0,0
"3922",12,33,3,0,0
"3923",18,3,0,0,0
"3924",0,3,0,0,0
"3925",0,0,3,0,0
"3926",3,0,3,0,0
"3927",15,0,3,0,0
"3928",6,3,0,0,0
"3929",15,0,3,0,0
"3930",0,3,0,0,0
"3931",0,0,3,0,0
"3932",18,6,3,0,0
"3933",33,9,6,0,0
"3934",0,0,3,0,0
"3935",33,15,0,0,0
"3936",6,36,6,0,0
"3937",3,0,0,0,0
"3938",12,3,3,0,0
"3939",6,0,0,0,0
"3940",42,0,6,0,0
"3941",0,3,0,0,0
"3942",12,0,3,0,0
"3943",3,0,3,0,0
"3944",21,6,3,3,0
"3945",42,6,0,0,0
"3946",3,0,0,0,0
"3947",0,3,0,0,0
"3948",42,6,0,0,0
"3949",36,0,3,0,0
"3950",45,3,0,0,0
"3951",9,3,0,0,0
"3952",0,3,0,0,0
"3953",0,0,3,0,0
"3954",45,0,3,0,0
"3955",24,21,3,0,0
"3956",39,6,3,0,0
"3957",6,3,0,0,0
"3958",36,9,0,3,0
"3959",3,0,3,0,0
"3960",48,0,0,0,0
"3961",27,21,0,0,0
"3962",0,0,3,0,0
"3963",24,3,3,0,0
"3964",3,3,0,0,0
"3965",0,3,0,0,0
"3966",3,0,0,0,0
"3967",3,0,3,0,0
"3968",27,15,3,3,0
"3969",48,0,0,0,0
"3970",6,3,0,0,0
"3971",3,0,3,0,0
"3972",0,3,0,0,0
"3973",36,12,0,0,0
"3974",0,3,0,0,0
"3975",6,0,0,0,0
"3976",39,6,3,0,0
"3977",6,0,0,0,0
"3978",12,0,3,0,0
"3979",18,6,3,0,0
"3980",30,6,3,0,0
"3981",9,0,0,0,0
"3982",42,3,3,0,0
"3983",9,3,0,0,0
"3984",21,6,6,0,0
"3985",39,9,0,0,0
"3986",39,0,0,0,0
"3987",3,0,3,0,0
"3988",27,0,0,0,0
"3989",9,0,3,0,0
"3990",45,0,3,0,0
"3991",0,0,3,0,0
"3992",48,0,0,0,0
"3993",0,0,3,0,0
"3994",42,3,3,0,0
"3995",36,9,3,0,0
"3996",18,3,0,0,0
"3997",42,6,0,0,0
"3998",27,18,3,0,0
"3999",33,12,3,0,0
"4000",3,0,0,0,0
"4001",12,0,3,0,0
"4002",12,3,0,0,0
"4003",45,0,3,0,0
"4004",0,0,3,0,0
"4005",0,0,3,0,0
"4006",0,3,0,0,0
"4007",3,3,0,0,0
"4008",15,6,0,0,0
"4009",9,6,3,0,0
"4010",15,0,3,0,0
"4011",6,3,0,0,0
"4012",3,0,3,0,0
"4013",24,12,3,3,0
"4014",3,0,3,0,0
"4015",45,3,0,0,0
"4016",6,0,0,0,0
"4017",15,9,3,3,0
"4018",3,0,0,0,0
"4019",18,3,0,0,0
"4020",0,3,0,0,0
"4021",6,0,0,0,0
"4022",6,3,0,0,0
"4023",6,0,0,0,0
"4024",0,3,0,0,0
"4025",0,3,0,0,0
"4026",3,6,3,0,0
"4027",9,6,6,0,0
"4028",0,0,3,0,0
"4029",6,0,0,0,0
"4030",3,0,0,0,0
"4031",30,3,0,0,0
"4032",39,0,3,0,0
"4033",21,6,3,3,0
"4034",6,0,3,0,0
"4035",12,0,3,0,0
"4036",6,3,0,0,0
"4037",6,6,3,0,0
"4038",3,0,3,0,0
"4039",0,3,0,0,0
"4040",9,0,0,0,0
"4041",0,0,3,0,0
"4042",18,3,0,0,0
"4043",0,0,3,0,0
"4044",3,0,3,0,0
"4045",6,3,0,0,0
"4046",3,0,0,0,0
"4047",36,3,9,0,0
"4048",3,0,3,0,0
"4049",45,0,3,0,0
"4050",15,0,3,0,0
"4051",30,15,3,0,0
"4052",18,3,3,0,0
"4053",42,3,3,0,0
"4054",3,0,3,0,0
"4055",0,3,3,3,0
"4056",6,3,0,0,0
"4057",9,0,3,0,0
"4058",21,3,0,0,0
"4059",39,0,3,0,0
"4060",6,3,0,0,0
"4061",18,3,0,0,0
"4062",36,9,3,0,0
"4063",9,0,3,0,0
"4064",27,3,3,0,0
"4065",3,0,3,0,0
"4066",3,0,3,0,0
"4067",21,0,3,0,0
"4068",42,3,0,3,0
"4069",3,0,3,0,0
"4070",9,0,3,0,0
"4071",0,3,0,0,0
"4072",48,0,0,0,0
"4073",9,3,0,0,0
"4074",12,6,0,0,0
"4075",30,6,3,0,0
"4076",42,6,0,0,0
"4077",12,3,3,0,0
"4078",9,3,0,0,0
"4079",6,3,0,0,0
"4080",45,3,0,0,0
"4081",6,3,0,0,0
"4082",39,0,3,0,0
"4083",6,0,0,0,0
"4084",45,0,3,0,0
"4085",6,3,0,0,0
"4086",3,0,0,0,0
"4087",0,0,3,0,0
"4088",0,0,3,0,0
"4089",3,3,0,0,0
"4090",15,0,0,0,0
"4091",15,0,0,0,0
"4092",3,0,0,0,0
"4093",6,3,0,0,0
"4094",9,0,0,0,0
"4095",24,15,6,3,0
"4096",0,3,0,0,0
"4097",9,3,0,0,0
"4098",0,3,0,0,0
"4099",45,0,3,0,0
"4100",30,0,0,0,0
"4101",27,0,0,0,0
"4102",0,0,3,0,0
"4103",39,3,3,0,0
"4104",6,3,0,0,0
"4105",36,9,0,3,0
"4106",45,3,0,0,0
"4107",3,0,3,0,0
"4108",39,6,3,0,0
"4109",24,0,3,0,0
"4110",27,3,3,0,0
"4111",42,3,0,0,0
"4112",3,0,3,0,0
"4113",12,0,3,0,0
"4114",6,3,0,0,0
"4115",3,0,3,0,0
"4116",36,9,3,0,0
"4117",0,3,0,0,0
"4118",3,0,3,0,0
"4119",48,0,0,0,0
"4120",6,0,3,0,0
"4121",3,0,3,0,0
"4122",18,3,3,0,0
"4123",0,3,0,0,0
"4124",45,0,3,0,0
"4125",6,0,0,0,0
"4126",6,3,0,0,0
"4127",6,3,0,0,0
"4128",48,0,0,0,0
"4129",27,12,3,0,0
"4130",3,0,3,0,0
"4131",39,6,3,0,0
"4132",0,3,0,0,0
"4133",0,3,0,0,0
"4134",6,6,0,3,0
"4135",3,0,3,0,0
"4136",3,0,3,0,0
"4137",42,3,3,0,0
"4138",33,15,0,0,0
"4139",3,6,0,0,0
"4140",48,0,0,0,0
"4141",6,0,0,0,0
"4142",6,3,0,0,0
"4143",33,12,0,0,0
"4144",45,0,3,0,0
"4145",6,0,0,0,0
"4146",9,6,0,0,0
"4147",3,3,3,0,0
"4148",45,0,3,0,0
"4149",15,0,3,0,0
"4150",15,0,3,0,0
"4151",0,0,3,0,0
"4152",9,0,3,0,0
"4153",6,0,0,0,0
"4154",3,0,3,0,0
"4155",6,3,0,0,0
"4156",6,3,0,0,0
"4157",12,6,0,0,0
"4158",6,0,0,0,0
"4159",45,3,0,0,0
"4160",12,0,3,0,0
"4161",42,3,3,0,0
"4162",3,0,0,0,0
"4163",42,0,6,0,0
"4164",30,0,0,0,0
"4165",0,3,0,0,0
"4166",0,3,3,0,0
"4167",9,0,3,0,0
"4168",6,0,0,0,0
"4169",3,0,3,0,0
"4170",3,0,0,0,0
"4171",33,15,0,0,0
"4172",6,3,0,0,0
"4173",0,0,3,0,0
"4174",3,3,6,3,0
"4175",6,0,0,0,0
"4176",42,6,0,0,0
"4177",39,0,3,0,0
"4178",45,0,3,0,0
"4179",18,0,3,0,0
"4180",27,18,3,0,0
"4181",48,0,0,0,0
"4182",30,0,0,0,0
"4183",39,6,3,0,0
"4184",6,3,0,0,0
"4185",42,3,3,0,0
"4186",39,6,0,3,0
"4187",6,3,0,0,0
"4188",3,0,3,0,0
"4189",0,0,3,0,0
"4190",27,18,3,0,0
"4191",9,6,3,0,0
"4192",42,3,3,0,0
"4193",12,0,0,0,0
"4194",36,12,0,0,0
"4195",0,0,3,0,0
"4196",6,0,3,0,0
"4197",6,3,0,0,0
"4198",0,0,3,0,0
"4199",39,6,0,3,0
"4200",33,6,6,3,0
"4201",12,0,3,0,0
"4202",3,0,3,0,0
"4203",6,3,0,0,0
"4204",0,0,3,0,0
"4205",6,0,0,0,0
"4206",12,6,0,0,0
"4207",45,3,0,0,0
"4208",3,0,3,0,0
"4209",3,0,3,0,0
"4210",6,30,12,0,0
"4211",6,3,0,0,0
"4212",42,6,0,0,0
"4213",12,6,0,3,0
"4214",9,3,3,0,0
"4215",42,6,0,0,0
"4216",0,3,0,0,0
"4217",0,0,3,0,0
"4218",33,3,3,0,0
"4219",0,3,0,0,0
"4220",3,0,3,0,0
"4221",3,0,3,0,0
"4222",3,0,3,0,0
"4223",0,0,3,0,0
"4224",27,12,3,0,0
"4225",45,0,3,0,0
"4226",0,3,3,0,0
"4227",6,3,0,0,0
"4228",0,3,0,0,0
"4229",36,3,6,0,0
"4230",0,3,0,0,0
"4231",39,6,0,0,0
"4232",15,18,3,0,0
"4233",6,0,0,0,0
"4234",6,0,0,0,0
"4235",0,3,0,0,0
"4236",6,0,0,0,0
"4237",6,0,0,0,0
"4238",18,27,3,0,0
"4239",24,0,3,0,0
"4240",0,3,0,0,0
"4241",12,0,3,0,0
"4242",3,0,3,0,0
"4243",9,0,0,0,0
"4244",0,3,0,0,0
"4245",48,0,0,0,0
"4246",3,3,3,0,0
"4247",39,6,3,0,0
"4248",42,0,6,0,0
"4249",21,21,6,0,0
"4250",12,9,3,0,0
"4251",45,0,3,0,0
"4252",3,0,3,0,0
"4253",0,0,3,0,0
"4254",42,6,0,0,0
"4255",39,0,3,0,0
"4256",0,0,3,0,0
"4257",39,6,3,0,0
"4258",6,0,3,0,0
"4259",6,3,3,0,0
"4260",39,6,3,0,0
"4261",39,6,3,0,0
"4262",3,3,0,0,0
"4263",39,9,0,0,0
"4264",36,12,0,0,0
"4265",0,0,3,0,0
"4266",0,3,0,0,0
"4267",0,0,3,0,0
"4268",36,9,3,0,0
"4269",6,0,0,0,0
"4270",27,12,6,3,0
"4271",36,12,0,0,0
"4272",3,6,0,0,0
"4273",24,15,3,0,0
"4274",0,0,3,0,0
"4275",3,3,0,0,0
"4276",24,6,3,3,0
"4277",0,3,0,0,0
"4278",42,3,3,0,0
"4279",6,0,0,0,0
"4280",0,0,3,0,0
"4281",42,6,0,0,0
"4282",39,6,3,0,0
"4283",30,6,3,0,0
"4284",33,12,0,3,0
"4285",0,0,3,0,0
"4286",6,3,0,0,0
"4287",6,0,0,0,0
"4288",3,33,9,3,0
"4289",6,3,0,0,0
"4290",48,0,0,0,0
"4291",0,0,3,0,0
"4292",18,3,0,0,0
"4293",24,21,3,0,0
"4294",45,0,3,0,0
"4295",9,3,0,0,0
"4296",0,3,0,0,0
"4297",0,0,3,0,0
"4298",39,6,3,0,0
"4299",36,9,0,3,0
"4300",3,3,3,3,0
"4301",15,6,0,0,0
"4302",39,3,3,3,0
"4303",42,3,3,0,0
"4304",0,3,0,0,0
"4305",45,3,0,0,0
"4306",42,3,3,0,0
"4307",42,3,3,0,0
"4308",3,3,0,0,0
"4309",6,3,3,0,0
"4310",24,3,0,0,0
"4311",36,6,3,3,0
"4312",6,0,0,0,0
"4313",0,0,3,0,0
"4314",0,0,3,0,0
"4315",0,3,0,0,0
"4316",3,0,3,0,0
"4317",3,6,0,0,0
"4318",6,0,0,0,0
"4319",0,0,3,0,0
"4320",0,0,3,0,0
"4321",9,0,0,0,0
"4322",3,0,3,0,0
"4323",3,0,3,0,0
"4324",15,0,3,0,0
"4325",42,6,0,0,0
"4326",0,3,3,0,0
"4327",15,0,3,0,0
"4328",9,6,3,0,0
"4329",0,3,0,0,0
"4330",3,0,3,0,0
"4331",9,6,3,0,0
"4332",3,0,0,0,0
"4333",3,0,3,0,0
"4334",0,3,3,0,0
"4335",3,0,3,0,0
"4336",42,3,3,0,0
"4337",0,3,0,0,0
"4338",18,30,0,0,0
"4339",15,0,0,0,0
"4340",0,3,0,0,0
"4341",36,9,3,0,0
"4342",0,0,3,0,0
"4343",42,0,6,0,0
"4344",3,0,3,0,0
"4345",42,6,0,0,0
"4346",36,9,3,0,0
"4347",6,6,3,0,0
"4348",12,9,3,0,0
"4349",12,3,3,0,0
"4350",48,0,0,0,0
"4351",45,0,3,0,0
"4352",30,9,0,0,0
"4353",0,6,3,0,0
"4354",27,18,0,3,0
"4355",0,3,0,0,0
"4356",0,3,0,0,0
"4357",0,3,0,0,0
"4358",0,3,0,0,0
"4359",39,6,3,0,0
"4360",33,12,3,0,0
"4361",15,0,3,0,0
"4362",27,3,3,0,0
"4363",12,12,0,0,0
"4364",27,0,0,0,0
"4365",3,0,3,0,0
"4366",42,6,0,0,0
"4367",6,0,0,0,0
"4368",12,6,3,0,0
"4369",0,3,0,0,0
"4370",0,3,0,0,0
"4371",9,0,0,0,0
"4372",30,9,3,0,0
"4373",3,0,3,0,0
"4374",0,0,3,0,0
"4375",3,0,3,0,0
"4376",36,9,3,0,0
"4377",3,0,3,0,0
"4378",15,3,0,0,0
"4379",3,0,3,0,0
"4380",36,9,3,0,0
"4381",39,6,3,0,0
"4382",3,0,0,0,0
"4383",0,0,3,0,0
"4384",9,3,0,0,0
"4385",0,3,0,0,0
"4386",6,0,3,0,0
"4387",6,3,0,0,0
"4388",6,39,3,0,0
"4389",3,3,0,0,0
"4390",15,3,0,0,0
"4391",42,3,3,0,0
"4392",0,3,0,0,0
"4393",0,0,3,0,0
"4394",3,0,3,0,0
"4395",9,3,0,0,0
"4396",36,9,3,0,0
"4397",6,0,0,0,0
"4398",9,3,3,0,0
"4399",21,9,0,0,0
"4400",39,6,3,0,0
"4401",6,3,0,0,0
"4402",6,3,0,0,0
"4403",42,3,3,0,0
"4404",18,0,3,0,0
"4405",30,18,0,0,0
"4406",33,6,3,0,0
"4407",33,15,0,0,0
"4408",6,0,3,0,0
"4409",6,0,0,0,0
"4410",18,3,0,0,0
"4411",0,0,3,0,0
"4412",6,3,0,0,0
"4413",30,15,3,0,0
"4414",18,3,0,0,0
"4415",3,0,3,0,0
"4416",6,3,0,0,0
"4417",0,3,0,0,0
"4418",6,0,0,0,0
"4419",39,9,0,0,0
"4420",45,3,0,0,0
"4421",9,3,0,0,0
"4422",24,18,6,0,0
"4423",42,3,3,0,0
"4424",9,3,0,0,0
"4425",3,0,3,0,0
"4426",0,3,0,0,0
"4427",0,0,3,0,0
"4428",0,3,0,0,0
"4429",30,6,0,3,0
"4430",6,0,0,0,0
"4431",0,3,0,0,0
"4432",33,12,0,3,0
"4433",6,3,0,0,0
"4434",42,6,0,0,0
"4435",18,0,6,3,0
"4436",3,0,0,0,0
"4437",9,3,0,0,0
"4438",6,3,3,0,0
"4439",6,3,0,0,0
"4440",0,3,0,0,0
"4441",15,0,0,0,0
"4442",3,0,3,0,0
"4443",9,0,3,0,0
"4444",3,0,0,0,0
"4445",21,3,0,0,0
"4446",6,0,0,0,0
"4447",6,3,0,0,0
"4448",42,6,0,0,0
"4449",3,3,3,0,0
"4450",6,0,0,0,0
"4451",0,3,0,0,0
"4452",15,3,3,0,0
"4453",3,0,3,0,0
"4454",9,6,0,0,0
"4455",36,3,0,0,0
"4456",0,3,0,0,0
"4457",3,0,3,0,0
"4458",33,6,3,0,0
"4459",30,15,3,0,0
"4460",3,0,3,0,0
"4461",12,3,3,0,0
"4462",0,0,3,0,0
"4463",6,0,3,0,0
"4464",0,0,3,0,0
"4465",9,0,3,0,0
"4466",15,27,3,3,0
"4467",3,0,3,0,0
"4468",48,0,0,0,0
"4469",3,3,0,0,0
"4470",0,42,6,0,0
"4471",42,3,3,0,0
"4472",6,3,0,0,0
"4473",39,6,3,0,0
"4474",3,0,0,0,0
"4475",42,3,3,0,0
"4476",0,3,0,0,0
"4477",3,0,3,0,0
"4478",9,33,3,3,0
"4479",33,6,6,3,0
"4480",9,6,0,0,0
"4481",18,0,3,0,0
"4482",6,0,0,0,0
"4483",0,3,0,0,0
"4484",27,3,0,0,0
"4485",42,3,3,0,0
"4486",3,3,0,0,0
"4487",18,3,0,3,0
"4488",3,0,0,0,0
"4489",33,6,9,0,0
"4490",45,0,3,0,0
"4491",0,3,0,0,0
"4492",21,0,3,0,0
"4493",6,0,0,0,0
"4494",6,3,3,0,0
"4495",3,0,3,0,0
"4496",6,3,0,0,0
"4497",0,3,0,0,0
"4498",0,3,0,0,0
"4499",0,3,0,0,0
"4500",15,30,3,0,0
"4501",0,3,0,0,0
"4502",48,0,0,0,0
"4503",0,0,3,0,0
"4504",36,12,0,0,0
"4505",45,3,0,0,0
"4506",3,0,3,0,0
"4507",45,3,0,0,0
"4508",30,15,3,0,0
"4509",18,3,3,0,0
"4510",3,0,3,0,0
"4511",3,0,3,0,0
"4512",3,0,3,0,0
"4513",3,0,0,0,0
"4514",0,0,3,0,0
"4515",6,0,3,0,0
"4516",6,3,0,0,0
"4517",3,0,3,0,0
"4518",3,0,0,0,0
"4519",3,0,3,0,0
"4520",42,3,0,3,0
"4521",39,3,3,0,0
"4522",0,0,3,0,0
"4523",3,3,0,0,0
"4524",42,3,3,0,0
"4525",0,3,0,0,0
"4526",45,3,0,0,0
"4527",0,0,3,0,0
"4528",18,6,0,0,0
"4529",45,0,3,0,0
"4530",36,9,0,3,0
"4531",0,3,0,0,0
"4532",3,0,0,0,0
"4533",33,0,6,0,0
"4534",3,6,3,0,0
"4535",42,3,3,0,0
"4536",3,0,0,0,0
"4537",6,3,0,0,0
"4538",15,0,3,0,0
"4539",3,3,0,0,0
"4540",0,3,0,0,0
"4541",3,0,3,0,0
"4542",12,0,3,0,0
"4543",18,6,3,0,0
"4544",9,9,3,0,0
"4545",45,0,3,0,0
"4546",6,3,0,0,0
"4547",0,3,0,0,0
"4548",30,6,0,0,0
"4549",39,0,6,3,0
"4550",12,0,3,0,0
"4551",0,3,0,0,0
"4552",27,18,3,0,0
"4553",42,6,0,0,0
"4554",6,0,3,0,0
"4555",6,3,0,0,0
"4556",0,3,0,0,0
"4557",6,3,0,0,0
"4558",9,6,3,0,0
"4559",12,3,0,0,0
"4560",39,9,0,0,0
"4561",36,12,0,0,0
"4562",24,21,3,0,0
"4563",6,0,0,0,0
"4564",0,0,3,0,0
"4565",0,0,3,0,0
"4566",12,3,3,0,0
"4567",45,0,3,0,0
"4568",0,3,0,0,0
"4569",0,0,3,0,0
"4570",15,3,0,0,0
"4571",39,6,0,3,0
"4572",42,6,0,0,0
"4573",9,6,0,0,0
"4574",0,3,0,0,0
"4575",42,6,0,0,0
"4576",0,0,3,0,0
"4577",3,3,0,0,0
"4578",12,0,3,0,0
"4579",0,3,0,0,0
"4580",0,0,3,0,0
"4581",12,3,3,0,0
"4582",42,0,3,3,0
"4583",3,0,0,0,0
"4584",3,3,0,0,0
"4585",0,0,3,0,0
"4586",9,3,0,0,0
"4587",21,3,3,0,0
"4588",6,0,3,0,0
"4589",0,3,0,0,0
"4590",6,0,0,0,0
"4591",30,15,3,0,0
"4592",42,3,3,0,0
"4593",6,3,0,0,0
"4594",27,6,0,3,0
"4595",0,0,3,0,0
"4596",27,0,0,0,0
"4597",33,9,3,0,0
"4598",6,3,0,0,0
"4599",0,3,0,0,0
"4600",39,6,3,0,0
"4601",42,3,0,0,0
"4602",15,0,0,0,0
"4603",6,0,0,0,0
"4604",0,0,3,0,0
"4605",6,3,0,0,0
"4606",27,18,3,0,0
"4607",6,3,0,0,0
"4608",12,6,0,0,0
"4609",0,3,0,0,0
"4610",3,3,0,0,0
"4611",6,3,0,0,0
"4612",9,0,3,0,0
"4613",0,0,3,0,0
"4614",3,0,0,0,0
"4615",0,3,0,0,0
"4616",15,6,3,0,0
"4617",33,9,3,0,0
"4618",21,0,3,0,0
"4619",39,6,3,0,0
"4620",15,0,0,0,0
"4621",15,3,3,0,0
"4622",15,0,0,0,0
"4623",3,0,3,0,0
"4624",3,0,3,0,0
"4625",3,0,3,0,0
"4626",3,3,3,0,0
"4627",6,0,0,0,0
"4628",3,0,3,0,0
"4629",0,0,3,0,0
"4630",33,12,0,3,0
"4631",42,3,3,0,0
"4632",3,0,0,0,0
"4633",0,0,3,0,0
"4634",0,3,0,0,0
"4635",6,3,3,0,0
"4636",15,0,3,0,0
"4637",3,0,3,0,0
"4638",3,3,0,0,0
"4639",12,0,3,0,0
"4640",3,0,0,0,0
"4641",21,24,3,0,0
"4642",12,0,6,0,0
"4643",6,0,0,0,0
"4644",6,0,0,0,0
"4645",9,3,0,0,0
"4646",0,3,0,0,0
"4647",39,3,6,0,0
"4648",6,0,0,0,0
"4649",39,6,3,0,0
"4650",6,0,0,0,0
"4651",42,3,3,0,0
"4652",42,6,0,0,0
"4653",3,0,0,0,0
"4654",0,3,0,0,0
"4655",21,24,3,0,0
"4656",0,0,3,0,0
"4657",36,3,0,0,0
"4658",24,18,6,0,0
"4659",9,0,0,0,0
"4660",42,6,0,0,0
"4661",12,0,0,0,0
"4662",3,6,0,0,0
"4663",6,3,0,0,0
"4664",3,0,3,0,0
"4665",3,0,3,0,0
"4666",6,9,6,0,0
"4667",0,3,0,0,0
"4668",3,0,3,0,0
"4669",27,0,3,0,0
"4670",33,9,3,3,0
"4671",0,3,0,0,0
"4672",3,0,3,0,0
"4673",3,0,0,0,0
"4674",39,6,3,0,0
"4675",3,0,3,0,0
"4676",6,0,3,0,0
"4677",3,0,3,0,0
"4678",33,3,3,0,0
"4679",39,0,6,0,0
"4680",3,0,0,0,0
"4681",9,0,9,0,0
"4682",6,0,0,0,0
"4683",39,3,6,0,0
"4684",3,6,0,0,0
"4685",24,0,0,0,0
"4686",3,0,3,0,0
"4687",3,0,3,0,0
"4688",39,6,0,3,0
"4689",18,3,0,0,0
"4690",0,3,0,0,0
"4691",42,6,0,0,0
"4692",0,3,0,0,0
"4693",12,6,0,3,0
"4694",0,3,0,0,0
"4695",0,3,0,0,0
"4696",27,18,3,0,0
"4697",42,3,3,0,0
"4698",6,3,0,0,0
"4699",3,0,3,0,0
"4700",30,9,3,0,0
"4701",6,3,3,0,0
"4702",12,6,3,3,0
"4703",0,3,0,0,0
"4704",18,27,3,0,0
"4705",9,0,0,0,0
"4706",0,0,3,0,0
"4707",9,0,0,0,0
"4708",45,0,3,0,0
"4709",3,3,0,0,0
"4710",15,30,0,3,0
"4711",6,6,3,0,0
"4712",12,3,0,0,0
"4713",42,3,3,0,0
"4714",0,3,0,0,0
"4715",6,3,0,0,0
"4716",27,6,3,0,0
"4717",3,45,0,0,0
"4718",45,3,0,0,0
"4719",42,3,3,0,0
"4720",15,33,0,0,0
"4721",3,3,0,0,0
"4722",45,3,0,0,0
"4723",0,3,0,0,0
"4724",12,0,0,0,0
"4725",30,12,3,3,0
"4726",15,6,0,0,0
"4727",0,0,3,0,0
"4728",0,3,0,0,0
"4729",3,0,3,0,0
"4730",12,0,0,0,0
"4731",3,0,0,0,0
"4732",30,15,0,3,0
"4733",45,0,3,0,0
"4734",0,3,0,0,0
"4735",0,0,3,0,0
"4736",42,0,3,0,0
"4737",6,0,0,0,0
"4738",6,0,0,0,0
"4739",6,0,0,0,0
"4740",9,0,3,3,0
"4741",6,3,0,0,0
"4742",30,3,3,0,0
"4743",42,0,6,0,0
"4744",12,6,0,0,0
"4745",3,0,0,0,0
"4746",0,3,0,0,0
"4747",45,0,3,0,0
"4748",0,3,0,0,0
"4749",3,3,0,0,0
"4750",39,6,3,0,0
"4751",9,6,0,0,0
"4752",12,0,3,0,0
"4753",15,3,3,0,0
"4754",45,0,3,0,0
"4755",39,6,3,0,0
"4756",3,0,3,0,0
"4757",45,3,0,0,0
"4758",3,0,0,0,0
"4759",0,3,0,0,0
"4760",15,3,0,3,0
"4761",6,0,0,0,0
"4762",42,3,3,0,0
"4763",0,3,0,0,0
"4764",45,3,0,0,0
"4765",39,6,3,0,0
"4766",42,6,0,0,0
"4767",36,6,6,0,0
"4768",3,0,3,3,0
"4769",0,3,0,0,0
"4770",6,3,0,0,0
"4771",3,0,3,0,0
"4772",36,9,3,0,0
"4773",0,3,0,0,0
"4774",3,0,3,0,0
"4775",21,3,0,0,0
"4776",0,3,0,0,0
"4777",42,3,3,0,0
"4778",33,12,3,0,0
"4779",6,0,3,0,0
"4780",3,0,3,0,0
"4781",42,6,0,0,0
"4782",3,0,3,0,0
"4783",6,0,0,0,0
"4784",6,0,0,0,0
"4785",3,0,3,0,0
"4786",6,0,3,0,0
"4787",9,0,3,0,0
"4788",0,0,3,0,0
"4789",0,3,0,0,0
"4790",3,0,3,0,0
"4791",6,3,0,0,0
"4792",0,3,3,0,0
"4793",6,3,3,0,0
"4794",39,9,0,0,0
"4795",45,0,3,0,0
"4796",42,3,3,0,0
"4797",15,0,3,0,0
"4798",12,0,3,0,0
"4799",42,6,0,0,0
"4800",12,3,6,0,0
"4801",12,6,0,0,0
"4802",3,0,3,0,0
"4803",3,36,9,0,0
"4804",3,0,3,0,0
"4805",42,3,3,0,0
"4806",27,12,9,0,0
"4807",3,0,0,0,0
"4808",0,0,3,0,0
"4809",12,6,0,3,0
"4810",3,3,3,0,0
"4811",0,3,0,0,0
"4812",0,3,0,0,0
"4813",0,3,0,0,0
"4814",0,3,0,0,0
"4815",39,6,3,0,0
"4816",45,3,0,0,0
"4817",6,3,3,0,0
"4818",42,6,0,0,0
"4819",6,0,0,0,0
"4820",21,9,0,3,0
"4821",15,0,0,0,0
"4822",0,3,0,0,0
"4823",0,0,3,0,0
"4824",3,0,0,0,0
"4825",18,0,3,0,0
"4826",0,0,3,0,0
"4827",6,3,0,0,0
"4828",3,0,3,0,0
"4829",12,0,3,0,0
"4830",6,0,0,0,0
"4831",30,9,0,0,0
"4832",18,24,3,3,0
"4833",0,3,0,0,0
"4834",15,0,0,0,0
"4835",0,3,0,0,0
"4836",39,6,3,0,0
"4837",39,6,3,0,0
"4838",45,0,3,0,0
"4839",0,3,0,0,0
"4840",12,0,0,0,0
"4841",39,9,0,0,0
"4842",39,6,3,0,0
"4843",15,27,6,0,0
"4844",21,3,0,0,0
"4845",6,0,0,0,0
"4846",6,3,0,0,0
"4847",36,9,3,0,0
"4848",12,3,3,0,0
"4849",0,0,3,0,0
"4850",42,3,3,0,0
"4851",3,0,3,0,0
"4852",3,6,3,0,0
"4853",39,9,0,0,0
"4854",39,6,3,0,0
"4855",39,6,3,0,0
"4856",0,0,3,0,0
"4857",3,0,3,0,0
"4858",45,0,3,0,0
"4859",3,0,3,0,0
"4860",42,3,0,0,0
"4861",15,6,3,0,0
"4862",6,3,0,0,0
"4863",42,3,3,0,0
"4864",0,3,0,0,0
"4865",0,3,3,0,0
"4866",6,0,0,0,0
"4867",0,0,3,0,0
"4868",3,0,3,0,0
"4869",9,0,0,0,0
"4870",6,0,3,0,0
"4871",0,0,3,0,0
"4872",6,3,0,0,0
"4873",6,0,3,0,0
"4874",0,0,3,0,0
"4875",3,0,3,0,0
"4876",36,12,0,0,0
"4877",33,3,0,0,0
"4878",6,0,0,0,0
"4879",3,0,3,0,0
"4880",6,3,0,0,0
"4881",3,0,3,0,0
"4882",3,0,0,0,0
"4883",3,0,3,0,0
"4884",0,0,3,0,0
"4885",9,0,3,0,0
"4886",45,3,0,0,0
"4887",24,6,0,0,0
"4888",6,0,0,0,0
"4889",9,3,0,0,0
"4890",15,0,3,0,0
"4891",0,3,0,0,0
"4892",21,3,3,0,0
"4893",3,0,3,0,0
"4894",12,6,0,0,0
"4895",0,0,3,0,0
"4896",3,0,0,0,0
"4897",39,3,6,0,0
"4898",45,0,3,0,0
"4899",3,0,3,0,0
"4900",12,6,0,0,0
"4901",3,0,3,0,0
"4902",36,6,3,3,0
"4903",30,3,3,0,0
"4904",0,3,0,0,0
"4905",21,24,3,0,0
"4906",3,0,0,0,0
"4907",42,3,3,0,0
"4908",3,3,0,0,0
"4909",42,3,3,0,0
"4910",0,0,3,0,0
"4911",12,3,0,0,0
"4912",3,0,3,0,0
"4913",39,9,0,0,0
"4914",0,3,0,0,0
"4915",45,3,0,0,0
"4916",0,6,3,0,0
"4917",3,3,0,0,0
"4918",42,3,3,0,0
"4919",0,3,0,0,0
"4920",3,0,0,0,0
"4921",42,6,0,0,0
"4922",36,6,0,0,0
"4923",45,3,0,0,0
"4924",0,0,3,0,0
"4925",3,0,3,0,0
"4926",6,3,0,0,0
"4927",0,0,3,0,0
"4928",12,3,0,0,0
"4929",21,3,0,0,0
"4930",0,0,3,0,0
"4931",15,6,0,0,0
"4932",6,0,3,0,0
"4933",3,0,3,0,0
"4934",15,0,3,0,0
"4935",9,6,0,0,0
"4936",18,3,0,0,0
"4937",36,9,3,0,0
"4938",39,3,0,0,0
"4939",21,3,6,0,0
"4940",3,0,3,0,0
"4941",6,3,0,0,0
"4942",42,6,0,0,0
"4943",30,0,3,0,0
"4944",0,3,0,0,0
"4945",15,3,3,0,0
"4946",12,0,3,0,0
"4947",15,3,0,3,0
"4948",0,3,0,0,0
"4949",3,0,3,0,0
"4950",9,0,3,0,0
"4951",3,0,3,0,0
"4952",3,0,3,0,0
"4953",3,0,3,0,0
"4954",42,3,3,0,0
"4955",30,6,3,3,0
"4956",0,3,0,0,0
"4957",48,0,0,0,0
"4958",3,0,0,0,0
"4959",42,6,0,0,0
"4960",15,3,0,0,0
"4961",45,3,0,0,0
"4962",3,0,0,0,0
"4963",6,0,3,0,0
"4964",15,0,0,0,0
"4965",6,3,0,0,0
"4966",42,6,0,0,0
"4967",3,0,0,0,0
"4968",3,0,0,0,0
"4969",0,3,0,0,0
"4970",0,3,0,0,0
"4971",18,9,0,0,0
"4972",0,0,3,0,0
"4973",3,0,3,0,0
"4974",3,0,3,0,0
"4975",6,3,0,0,0
"4976",45,3,0,0,0
"4977",15,3,0,0,0
"4978",6,0,0,0,0
"4979",39,9,0,0,0
"4980",45,3,0,0,0
"4981",39,6,0,0,0
"4982",48,0,0,0,0
"4983",30,15,3,0,0
"4984",3,3,0,0,0
"4985",18,3,3,0,0
"4986",42,3,3,0,0
"4987",0,3,0,0,0
"4988",0,3,0,0,0
"4989",6,0,0,0,0
"4990",27,0,0,0,0
"4991",0,3,0,0,0
"4992",0,3,0,0,0
"4993",30,9,9,0,0
"4994",0,3,0,0,0
"4995",18,30,0,0,0
"4996",9,6,0,0,0
"4997",18,3,6,0,0
"4998",6,0,0,0,0
"4999",3,0,3,0,0
"5000",0,3,0,0,0
