"","V1","V2","V3","V4","V5"
"1",1,0,1,0,0
"2",0,1,0,0,4
"3",0,2,0,1,1
"4",0,1,0,0,3
"5",0,3,3,0,0
"6",0,2,0,0,2
"7",0,0,3,1,0
"8",0,2,0,1,0
"9",1,0,0,0,5
"10",0,2,0,1,0
"11",0,0,0,0,8
"12",0,2,0,0,2
"13",1,5,0,0,0
"14",0,0,1,2,7
"15",0,0,1,2,6
"16",0,1,0,2,6
"17",1,0,0,1,2
"18",0,4,0,0,0
"19",0,0,0,0,4
"20",0,6,0,0,0
"21",2,0,1,0,0
"22",0,0,0,1,5
"23",0,0,2,0,0
"24",0,0,0,0,3
"25",0,3,0,0,0
"26",0,1,0,1,0
"27",0,0,2,0,5
"28",1,1,1,0,0
"29",0,0,5,1,0
"30",0,0,4,2,1
"31",0,1,0,0,0
"32",0,0,0,0,7
"33",0,0,0,2,7
"34",0,4,0,0,0
"35",0,0,0,0,5
"36",0,0,4,0,0
"37",0,4,1,0,0
"38",0,1,0,3,0
"39",0,1,1,0,2
"40",1,1,1,0,4
"41",0,1,4,1,0
"42",0,6,0,0,0
"43",0,4,0,0,0
"44",0,0,0,0,6
"45",0,2,0,0,0
"46",0,0,1,0,2
"47",0,1,0,0,6
"48",0,0,1,0,8
"49",0,5,1,0,0
"50",0,3,0,0,0
"51",1,0,1,0,0
"52",1,0,1,1,2
"53",0,0,1,0,0
"54",1,0,3,0,2
"55",0,0,0,0,5
"56",1,3,1,1,0
"57",0,3,0,1,0
"58",0,0,4,0,0
"59",0,1,0,0,3
"60",0,0,5,0,0
"61",0,0,0,0,3
"62",0,0,5,1,0
"63",0,4,0,0,0
"64",0,2,0,1,0
"65",0,0,2,0,2
"66",0,1,4,0,0
"67",2,0,0,0,0
"68",0,2,0,0,0
"69",1,1,1,2,0
"70",0,4,0,0,0
"71",0,0,2,4,0
"72",0,0,0,1,8
"73",0,2,0,0,0
"74",0,0,4,1,0
"75",0,0,4,0,0
"76",0,0,0,0,3
"77",0,5,0,0,1
"78",0,4,0,0,0
"79",0,0,2,7,2
"80",0,1,1,1,3
"81",0,1,0,0,5
"82",0,0,0,1,7
"83",2,1,0,0,0
"84",0,0,2,0,4
"85",0,1,0,0,3
"86",2,0,0,0,0
"87",0,0,0,0,6
"88",0,2,0,0,0
"89",1,1,0,0,0
"90",0,4,0,0,0
"91",0,0,0,0,4
"92",0,0,3,0,0
"93",0,1,0,0,4
"94",0,1,0,0,0
"95",0,0,3,2,4
"96",0,0,6,0,2
"97",0,0,1,1,0
"98",0,0,5,0,0
"99",0,1,0,0,2
"100",0,3,5,0,0
"101",0,0,0,1,5
"102",0,2,0,0,3
"103",0,2,0,0,3
"104",1,2,0,0,0
"105",0,1,1,5,0
"106",0,1,6,0,0
"107",0,0,3,0,0
"108",0,0,0,1,4
"109",2,0,0,0,0
"110",1,1,0,0,0
"111",0,0,1,0,3
"112",0,0,0,0,6
"113",1,1,5,0,0
"114",0,0,1,0,0
"115",1,2,0,0,0
"116",0,0,2,2,2
"117",1,0,4,0,0
"118",0,4,1,0,2
"119",0,3,0,1,0
"120",0,3,0,0,1
"121",1,5,0,0,0
"122",0,0,2,0,6
"123",2,1,1,0,0
"124",0,3,0,1,0
"125",0,0,0,0,3
"126",0,0,0,1,8
"127",0,0,3,3,4
"128",1,2,0,0,2
"129",0,0,0,1,3
"130",0,0,1,0,0
"131",0,1,0,0,0
"132",0,1,0,1,0
"133",4,1,2,0,0
"134",0,0,0,2,5
"135",0,2,0,1,0
"136",1,0,0,1,6
"137",0,0,1,0,5
"138",0,1,0,0,0
"139",0,0,0,0,0
"140",0,2,0,0,0
"141",1,0,0,0,2
"142",0,0,0,0,5
"143",1,0,0,6,2
"144",0,1,0,0,3
"145",0,2,0,0,0
"146",1,5,3,0,0
"147",1,1,0,0,0
"148",0,0,7,0,0
"149",2,0,0,1,0
"150",0,0,1,1,6
"151",0,3,0,0,0
"152",0,4,1,0,2
"153",3,1,0,0,0
"154",2,0,0,0,0
"155",0,0,0,0,6
"156",1,4,0,0,0
"157",0,0,4,0,0
"158",0,0,0,5,4
"159",0,0,1,0,6
"160",0,2,0,0,0
"161",0,0,0,0,3
"162",3,0,0,2,0
"163",0,0,0,0,6
"164",0,0,0,0,5
"165",0,0,2,0,4
"166",0,5,0,1,0
"167",0,2,3,0,0
"168",1,0,0,0,0
"169",0,5,0,1,0
"170",0,0,0,1,7
"171",0,0,4,0,2
"172",0,3,0,0,0
"173",0,1,0,0,0
"174",0,0,0,0,1
"175",0,0,0,2,9
"176",0,0,1,0,0
"177",1,0,0,0,5
"178",0,3,0,0,1
"179",0,2,0,0,1
"180",0,0,0,1,5
"181",0,0,1,6,4
"182",0,0,1,0,0
"183",1,0,1,0,0
"184",0,3,2,0,0
"185",0,2,0,0,2
"186",0,0,3,1,0
"187",0,0,0,0,3
"188",0,0,0,0,5
"189",0,0,2,0,0
"190",0,0,1,1,3
"191",0,4,1,0,0
"192",0,0,0,1,9
"193",0,4,0,0,0
"194",0,0,0,0,8
"195",0,0,0,1,0
"196",1,0,0,1,0
"197",1,1,0,0,0
"198",0,6,0,0,0
"199",0,5,1,0,0
"200",0,0,0,0,5
"201",0,1,6,0,0
"202",0,0,0,0,7
"203",0,4,0,0,0
"204",0,1,1,0,0
"205",0,2,0,0,0
"206",0,0,4,0,0
"207",0,0,4,1,2
"208",2,3,1,0,0
"209",0,0,0,0,8
"210",0,0,0,0,6
"211",0,1,0,0,0
"212",0,0,1,0,0
"213",0,0,6,1,1
"214",0,1,2,1,3
"215",0,5,0,0,0
"216",0,2,0,1,0
"217",0,0,5,0,0
"218",1,0,0,1,5
"219",0,1,1,0,0
"220",0,0,0,0,7
"221",0,2,0,0,0
"222",0,0,0,1,7
"223",0,0,0,0,8
"224",0,0,0,1,3
"225",0,0,2,0,5
"226",0,1,0,0,5
"227",0,0,2,0,0
"228",0,0,0,0,7
"229",0,3,0,0,0
"230",0,0,4,0,0
"231",0,0,0,2,4
"232",0,2,1,1,2
"233",0,0,0,0,6
"234",0,0,3,0,0
"235",0,0,4,0,1
"236",0,2,0,0,0
"237",1,2,0,0,0
"238",1,1,1,0,0
"239",0,0,4,1,2
"240",0,4,0,0,0
"241",1,7,0,0,0
"242",0,2,0,0,0
"243",0,2,0,0,0
"244",0,0,1,0,5
"245",0,4,0,0,0
"246",0,0,5,0,0
"247",0,0,1,2,3
"248",0,0,0,1,8
"249",0,0,3,0,2
"250",0,3,0,0,0
"251",0,7,0,0,0
"252",0,4,0,1,0
"253",0,3,1,0,0
"254",0,0,0,1,8
"255",0,0,0,0,7
"256",1,0,2,1,1
"257",0,0,3,2,0
"258",0,0,5,0,0
"259",0,0,0,0,6
"260",0,4,0,1,1
"261",0,0,0,0,6
"262",0,0,5,1,0
"263",0,4,0,0,0
"264",0,0,0,1,1
"265",0,0,4,0,0
"266",0,4,1,0,4
"267",0,3,1,0,0
"268",0,1,3,1,1
"269",0,0,0,0,5
"270",0,0,0,1,6
"271",0,0,0,0,5
"272",0,5,1,0,0
"273",0,6,0,0,0
"274",1,1,0,0,0
"275",0,5,0,0,0
"276",1,0,2,0,0
"277",1,0,0,0,0
"278",1,0,0,2,1
"279",0,0,0,0,4
"280",0,2,0,0,0
"281",0,1,0,1,5
"282",0,0,0,1,5
"283",0,4,1,0,0
"284",0,0,4,0,1
"285",1,0,3,0,0
"286",0,0,0,0,6
"287",0,4,0,0,0
"288",0,2,0,0,0
"289",0,1,0,0,0
"290",0,0,2,0,0
"291",0,0,2,0,0
"292",0,3,0,1,0
"293",0,0,0,1,6
"294",0,2,2,0,0
"295",1,0,0,0,1
"296",0,0,5,2,0
"297",0,1,1,3,1
"298",0,3,0,2,2
"299",1,0,0,0,4
"300",0,4,1,0,0
"301",0,4,1,0,1
"302",0,0,0,0,0
"303",0,0,1,0,0
"304",0,1,0,0,4
"305",0,0,1,0,0
"306",0,0,4,0,0
"307",0,4,0,0,1
"308",2,0,3,0,0
"309",0,3,0,0,0
"310",0,0,0,1,7
"311",1,0,5,0,0
"312",0,2,1,0,0
"313",0,4,1,0,1
"314",0,2,0,0,0
"315",0,0,0,0,2
"316",0,0,1,0,3
"317",0,1,0,1,0
"318",0,1,2,1,2
"319",0,0,0,0,10
"320",0,2,7,0,0
"321",0,0,2,0,1
"322",0,0,5,0,0
"323",0,0,0,1,10
"324",2,0,1,0,0
"325",0,1,0,0,0
"326",1,0,1,0,0
"327",1,1,3,0,0
"328",0,4,0,0,0
"329",1,2,1,0,0
"330",1,0,5,0,0
"331",0,0,2,3,0
"332",0,0,1,2,5
"333",0,1,0,1,2
"334",0,0,0,2,8
"335",1,0,0,0,0
"336",0,1,0,0,0
"337",0,0,2,4,3
"338",1,3,0,0,1
"339",0,0,3,0,1
"340",0,0,0,1,6
"341",0,2,0,0,0
"342",0,1,6,0,0
"343",3,0,0,0,2
"344",0,0,0,0,6
"345",0,0,3,1,0
"346",0,3,0,0,0
"347",0,1,0,0,0
"348",0,0,0,0,2
"349",0,0,5,0,0
"350",0,0,3,0,0
"351",0,0,0,0,3
"352",0,0,4,1,1
"353",0,0,1,5,1
"354",0,0,1,3,5
"355",0,4,0,0,1
"356",0,2,0,0,0
"357",0,0,2,0,0
"358",0,0,4,1,1
"359",0,1,5,1,0
"360",0,0,2,0,3
"361",1,0,0,0,2
"362",0,0,0,0,5
"363",0,0,1,0,5
"364",1,4,1,0,0
"365",0,2,0,0,0
"366",0,4,0,0,0
"367",0,0,0,1,10
"368",0,0,0,0,2
"369",0,1,0,2,4
"370",0,0,3,0,1
"371",0,0,0,0,3
"372",1,0,0,1,3
"373",0,4,0,0,0
"374",0,2,0,0,0
"375",0,0,0,0,7
"376",0,0,0,0,6
"377",0,2,0,0,0
"378",0,4,0,0,0
"379",0,0,5,0,2
"380",0,1,3,2,1
"381",0,0,0,0,2
"382",0,0,0,3,1
"383",0,0,1,0,3
"384",0,0,0,0,6
"385",1,0,0,1,6
"386",0,0,2,1,0
"387",1,5,0,0,0
"388",0,3,1,0,0
"389",0,5,0,2,0
"390",4,0,0,0,0
"391",0,4,0,0,0
"392",0,5,0,0,0
"393",0,1,1,1,0
"394",0,0,1,1,5
"395",0,0,0,3,0
"396",0,3,0,1,0
"397",1,0,3,2,0
"398",0,5,0,0,0
"399",0,0,0,1,9
"400",0,0,1,2,7
"401",0,0,2,2,4
"402",0,2,0,0,0
"403",0,3,2,0,0
"404",0,0,3,2,1
"405",0,0,1,0,3
"406",0,0,0,1,4
"407",1,1,0,0,0
"408",1,0,5,0,0
"409",2,3,0,0,0
"410",0,0,1,0,7
"411",1,1,0,0,1
"412",0,0,2,0,0
"413",0,3,0,0,1
"414",0,0,2,5,2
"415",1,2,1,0,0
"416",0,0,2,0,0
"417",0,5,0,0,0
"418",0,0,0,0,3
"419",0,0,2,2,4
"420",0,0,9,0,0
"421",0,3,0,1,0
"422",0,0,5,0,1
"423",1,3,1,0,0
"424",0,0,0,0,4
"425",0,0,5,3,0
"426",0,2,0,0,0
"427",0,0,0,0,7
"428",0,4,0,1,0
"429",0,0,2,0,1
"430",1,4,1,0,0
"431",0,0,0,0,7
"432",0,0,1,0,4
"433",0,1,3,0,4
"434",0,0,1,1,7
"435",0,4,0,0,0
"436",0,0,0,0,9
"437",0,0,0,2,7
"438",0,1,0,0,5
"439",0,0,1,0,6
"440",0,1,3,0,0
"441",0,2,0,0,0
"442",0,4,0,1,0
"443",0,3,0,0,0
"444",0,0,5,0,0
"445",0,0,0,0,7
"446",0,0,5,2,0
"447",0,1,6,0,0
"448",0,3,0,0,1
"449",0,0,0,0,2
"450",0,0,0,0,5
"451",0,0,6,1,0
"452",0,4,1,0,0
"453",0,0,2,0,0
"454",0,1,0,0,3
"455",0,1,0,0,5
"456",0,0,1,0,6
"457",0,0,0,0,3
"458",0,0,2,0,1
"459",0,0,1,0,3
"460",0,6,1,3,0
"461",0,0,0,0,0
"462",0,1,1,2,0
"463",0,0,0,0,7
"464",0,5,0,0,0
"465",2,0,0,0,0
"466",1,0,0,1,0
"467",0,1,0,0,0
"468",0,0,0,0,4
"469",0,0,1,0,6
"470",2,6,1,0,0
"471",0,0,1,7,0
"472",0,0,1,2,4
"473",0,3,0,0,1
"474",0,3,0,0,1
"475",0,6,0,0,1
"476",0,0,5,0,1
"477",0,2,0,0,2
"478",1,2,2,0,3
"479",1,1,0,1,0
"480",0,2,0,0,0
"481",0,0,0,1,3
"482",1,0,0,0,4
"483",0,0,0,0,5
"484",0,0,0,1,6
"485",1,0,2,5,1
"486",0,0,0,0,4
"487",0,0,2,1,0
"488",0,1,0,1,5
"489",0,0,0,0,3
"490",0,3,1,0,0
"491",0,0,1,0,7
"492",0,4,5,0,1
"493",0,0,0,3,2
"494",0,2,0,1,5
"495",0,0,6,0,0
"496",0,1,0,4,3
"497",0,1,4,1,0
"498",0,1,0,0,0
"499",0,0,1,1,5
"500",0,0,4,0,0
"501",0,1,0,1,0
"502",0,0,0,0,8
"503",0,0,1,3,6
"504",0,0,1,0,8
"505",0,3,1,0,2
"506",0,1,0,0,0
"507",0,2,0,1,0
"508",0,6,0,0,0
"509",0,0,0,1,3
"510",0,6,2,0,0
"511",0,2,0,0,1
"512",0,0,0,0,0
"513",0,5,0,0,0
"514",0,0,3,0,0
"515",0,0,0,1,3
"516",0,1,0,0,0
"517",0,0,5,1,0
"518",0,2,0,0,1
"519",0,0,0,0,4
"520",0,0,0,1,5
"521",0,0,0,1,8
"522",0,0,6,2,0
"523",0,1,0,0,5
"524",0,0,4,0,0
"525",2,1,3,0,0
"526",0,0,2,0,4
"527",0,0,0,0,8
"528",0,2,1,2,0
"529",1,0,6,0,0
"530",0,1,1,0,6
"531",0,1,0,5,0
"532",0,6,1,0,0
"533",0,1,1,0,3
"534",0,2,0,0,0
"535",0,0,1,0,5
"536",0,0,4,1,0
"537",0,0,5,0,1
"538",1,0,0,0,6
"539",0,0,0,0,1
"540",0,1,0,2,6
"541",1,1,0,4,1
"542",0,0,0,0,7
"543",0,0,0,0,6
"544",0,0,0,0,9
"545",0,0,0,3,6
"546",0,0,8,0,0
"547",0,2,1,0,0
"548",0,3,1,1,0
"549",0,1,0,0,6
"550",1,0,2,0,0
"551",0,0,2,0,5
"552",0,1,1,0,0
"553",0,0,2,5,2
"554",1,1,0,0,0
"555",0,1,6,0,0
"556",0,5,0,0,0
"557",0,1,0,0,0
"558",0,0,0,1,4
"559",0,2,0,0,1
"560",0,3,0,3,0
"561",0,2,1,0,0
"562",0,2,0,0,0
"563",0,0,0,0,4
"564",0,2,0,0,0
"565",1,0,0,1,5
"566",1,3,1,0,0
"567",0,0,0,4,1
"568",0,3,0,2,0
"569",0,1,2,1,0
"570",0,3,1,0,3
"571",0,2,0,2,0
"572",0,1,0,0,0
"573",0,4,0,0,0
"574",0,0,1,0,4
"575",0,0,0,0,6
"576",0,2,0,0,0
"577",0,0,0,0,6
"578",1,0,2,0,3
"579",1,1,5,0,0
"580",0,0,0,4,4
"581",0,2,0,0,0
"582",0,3,0,0,0
"583",0,0,3,0,0
"584",0,4,0,0,0
"585",0,0,0,0,4
"586",0,2,0,1,0
"587",0,0,0,0,6
"588",0,1,0,7,3
"589",0,0,0,1,7
"590",0,3,0,0,0
"591",0,0,1,0,2
"592",0,0,1,2,4
"593",0,0,2,0,0
"594",0,0,2,0,0
"595",0,2,0,0,0
"596",0,4,0,0,0
"597",0,0,1,0,6
"598",0,0,0,0,6
"599",0,0,0,1,4
"600",0,1,0,0,4
"601",0,0,5,0,0
"602",0,0,0,0,6
"603",1,1,2,0,0
"604",0,5,0,0,2
"605",0,0,1,0,8
"606",0,1,0,0,8
"607",1,3,0,0,0
"608",0,0,8,0,0
"609",0,0,2,0,1
"610",0,0,0,1,6
"611",0,0,0,0,0
"612",0,1,1,0,0
"613",0,0,0,0,6
"614",0,4,0,0,0
"615",0,0,0,1,9
"616",0,1,3,0,0
"617",0,0,1,1,4
"618",0,0,0,1,6
"619",0,2,0,0,0
"620",0,0,1,0,5
"621",1,0,3,0,0
"622",0,4,0,0,0
"623",1,4,0,0,0
"624",0,0,1,3,1
"625",0,1,0,2,6
"626",0,0,0,2,3
"627",0,0,1,1,6
"628",0,0,2,0,7
"629",0,0,1,2,0
"630",0,0,0,0,5
"631",0,2,2,0,0
"632",1,0,1,6,0
"633",0,1,1,4,3
"634",0,6,0,0,0
"635",0,0,0,1,4
"636",0,3,2,0,0
"637",0,0,4,0,0
"638",0,0,0,0,9
"639",1,4,0,0,0
"640",1,0,0,0,0
"641",0,2,1,2,0
"642",0,8,1,0,0
"643",0,1,0,0,0
"644",2,8,0,0,0
"645",0,1,1,0,0
"646",0,0,1,0,1
"647",0,2,0,0,0
"648",0,0,3,1,3
"649",0,0,0,1,8
"650",0,0,0,0,6
"651",0,2,0,2,1
"652",0,1,1,0,0
"653",0,0,1,0,1
"654",1,3,0,0,0
"655",0,4,0,0,0
"656",0,0,0,0,10
"657",0,1,5,0,0
"658",1,2,0,0,0
"659",2,2,3,0,0
"660",0,1,0,0,6
"661",0,0,0,0,6
"662",2,3,0,0,0
"663",0,0,4,0,1
"664",0,0,4,0,1
"665",0,0,0,0,1
"666",0,0,0,1,4
"667",0,0,0,1,7
"668",0,1,0,0,1
"669",0,0,0,1,5
"670",0,0,0,0,6
"671",0,5,1,0,0
"672",0,0,1,0,8
"673",1,1,0,0,1
"674",0,1,0,0,0
"675",0,1,0,0,0
"676",1,0,0,6,2
"677",0,0,2,2,1
"678",1,5,0,0,0
"679",0,0,0,0,1
"680",0,0,0,0,3
"681",0,0,3,0,2
"682",3,2,0,0,0
"683",1,3,0,0,0
"684",2,2,2,0,0
"685",0,2,1,0,0
"686",0,5,1,0,0
"687",0,0,1,1,4
"688",0,0,0,0,4
"689",1,5,0,1,3
"690",0,1,1,0,4
"691",0,0,0,1,9
"692",1,0,0,1,1
"693",0,0,0,0,1
"694",0,1,0,0,5
"695",0,0,2,6,1
"696",0,0,1,3,6
"697",3,1,0,0,0
"698",1,0,0,0,5
"699",0,4,0,0,0
"700",1,1,0,0,2
"701",1,0,0,2,0
"702",0,1,0,0,2
"703",0,0,0,1,3
"704",0,1,3,0,0
"705",0,0,1,0,7
"706",0,4,0,0,0
"707",4,1,1,0,0
"708",0,2,0,0,0
"709",0,4,2,0,0
"710",0,0,0,1,5
"711",0,0,0,0,5
"712",0,2,0,0,0
"713",0,0,0,0,7
"714",0,0,1,1,0
"715",0,0,0,0,2
"716",0,0,0,0,5
"717",2,1,0,0,0
"718",0,0,5,0,1
"719",0,1,1,0,0
"720",0,0,0,2,6
"721",0,4,0,0,0
"722",0,0,0,2,7
"723",0,1,7,0,0
"724",0,0,0,1,6
"725",0,4,1,0,0
"726",0,0,0,1,4
"727",0,0,0,1,7
"728",0,0,1,0,0
"729",0,0,1,6,3
"730",0,2,0,0,4
"731",0,1,0,0,1
"732",0,5,0,0,0
"733",0,0,4,0,1
"734",0,3,2,1,0
"735",0,0,0,0,4
"736",0,0,7,0,0
"737",1,0,1,0,2
"738",0,0,0,1,5
"739",0,0,6,0,0
"740",1,0,2,0,0
"741",0,5,0,0,0
"742",2,0,0,1,0
"743",1,1,1,0,0
"744",0,0,1,0,5
"745",0,0,0,2,2
"746",0,0,3,3,4
"747",0,0,0,1,6
"748",0,0,1,0,5
"749",0,2,0,1,1
"750",0,0,3,3,0
"751",0,3,1,0,0
"752",0,3,0,0,0
"753",1,0,1,1,0
"754",0,0,2,0,8
"755",0,0,0,1,2
"756",0,0,3,0,0
"757",0,2,0,0,0
"758",0,0,3,0,0
"759",0,2,0,0,2
"760",0,2,0,4,1
"761",0,4,0,0,0
"762",0,0,1,0,6
"763",3,0,1,0,0
"764",0,2,0,0,0
"765",0,0,0,2,9
"766",1,0,0,0,7
"767",0,0,0,1,3
"768",0,1,2,1,0
"769",0,2,0,0,1
"770",0,0,0,3,4
"771",0,0,0,0,8
"772",0,0,1,0,7
"773",1,3,1,0,0
"774",0,2,1,0,0
"775",1,0,0,0,0
"776",0,6,0,1,0
"777",0,3,0,0,0
"778",0,3,0,0,0
"779",0,0,2,0,1
"780",0,4,1,0,0
"781",0,0,4,2,0
"782",0,4,1,0,0
"783",0,7,2,0,3
"784",0,4,0,0,0
"785",0,2,0,0,0
"786",0,3,0,1,0
"787",0,1,0,0,7
"788",0,2,1,0,0
"789",0,0,2,0,1
"790",0,0,1,1,6
"791",0,0,2,0,6
"792",0,0,0,0,5
"793",0,1,2,0,0
"794",0,2,4,0,2
"795",2,0,0,0,0
"796",0,4,0,0,0
"797",0,0,0,1,2
"798",0,2,2,1,2
"799",0,0,0,1,5
"800",0,2,2,0,0
"801",0,0,0,0,5
"802",0,5,3,0,0
"803",0,3,0,0,0
"804",0,0,2,1,0
"805",1,3,1,0,1
"806",0,0,2,0,3
"807",0,3,2,0,0
"808",0,2,0,0,3
"809",0,0,1,7,0
"810",2,2,0,1,0
"811",0,6,1,0,1
"812",0,3,0,1,0
"813",0,1,0,0,0
"814",1,0,0,0,5
"815",0,0,0,0,6
"816",0,0,2,1,0
"817",0,5,0,0,0
"818",0,2,0,0,0
"819",0,1,4,0,0
"820",0,0,3,0,0
"821",0,5,0,0,1
"822",0,1,0,0,1
"823",0,0,4,0,0
"824",0,3,0,0,1
"825",1,0,2,0,0
"826",0,1,3,2,0
"827",0,0,0,0,9
"828",0,0,0,0,7
"829",4,0,0,0,0
"830",0,0,3,1,2
"831",0,0,1,1,8
"832",0,1,4,0,0
"833",0,0,0,1,5
"834",0,1,0,0,3
"835",0,5,0,1,0
"836",0,3,0,0,0
"837",0,6,0,1,0
"838",0,3,0,1,0
"839",0,3,0,1,0
"840",0,0,1,0,1
"841",2,0,0,1,0
"842",0,3,0,0,2
"843",0,0,4,0,0
"844",0,0,0,1,4
"845",0,1,1,4,2
"846",0,1,0,2,0
"847",0,4,1,0,0
"848",0,1,0,0,7
"849",0,1,3,1,0
"850",0,0,0,0,7
"851",0,0,0,0,5
"852",0,0,0,1,8
"853",0,1,0,0,0
"854",0,0,0,1,4
"855",0,0,0,1,5
"856",0,0,1,1,3
"857",0,0,4,0,0
"858",2,0,1,0,0
"859",0,0,0,3,0
"860",0,3,0,0,2
"861",0,4,0,0,1
"862",0,0,0,0,4
"863",2,0,0,0,0
"864",0,2,0,0,0
"865",0,0,1,0,0
"866",0,1,0,0,0
"867",0,0,0,0,0
"868",1,0,3,5,0
"869",0,0,0,0,7
"870",0,0,3,0,0
"871",0,0,1,0,8
"872",0,1,0,0,0
"873",0,5,0,0,0
"874",0,1,1,3,3
"875",0,5,0,1,0
"876",0,3,2,3,0
"877",0,0,1,0,2
"878",0,0,0,1,7
"879",0,0,0,0,4
"880",0,0,0,5,6
"881",0,0,0,0,3
"882",0,1,0,0,1
"883",0,0,3,0,0
"884",0,1,0,0,0
"885",0,0,1,0,8
"886",0,5,1,0,0
"887",0,0,1,0,9
"888",0,0,0,0,7
"889",0,0,2,0,0
"890",0,1,0,0,7
"891",0,2,2,0,0
"892",0,0,5,0,0
"893",0,1,0,0,0
"894",0,4,0,0,0
"895",0,0,1,1,2
"896",0,2,0,1,0
"897",0,1,4,1,0
"898",1,6,0,0,0
"899",0,3,0,0,0
"900",0,0,2,0,6
"901",0,2,0,0,2
"902",0,0,0,0,9
"903",0,0,0,6,4
"904",0,0,0,0,6
"905",0,1,0,4,2
"906",0,0,8,0,0
"907",1,2,1,0,0
"908",0,5,0,0,1
"909",0,0,0,0,2
"910",0,3,0,0,0
"911",0,6,1,0,0
"912",0,0,2,0,5
"913",0,1,0,0,7
"914",0,2,2,4,0
"915",0,0,2,0,1
"916",0,0,0,1,6
"917",0,0,0,0,7
"918",0,0,1,1,4
"919",0,2,0,0,0
"920",0,0,0,0,9
"921",0,0,1,0,6
"922",0,0,5,0,1
"923",1,4,0,0,0
"924",0,1,3,0,3
"925",0,2,0,0,5
"926",1,0,0,0,5
"927",0,0,7,0,0
"928",0,1,2,0,0
"929",0,1,1,1,5
"930",1,0,0,0,1
"931",0,0,1,0,7
"932",0,0,4,0,0
"933",0,0,0,0,9
"934",0,2,2,0,0
"935",3,0,4,0,0
"936",0,0,3,0,0
"937",0,4,0,0,1
"938",0,0,7,2,0
"939",0,5,0,1,2
"940",0,2,3,2,0
"941",0,0,3,0,0
"942",0,4,0,0,0
"943",0,0,0,1,7
"944",1,0,1,0,0
"945",0,0,0,0,3
"946",0,0,0,0,8
"947",0,0,4,1,0
"948",0,5,2,0,0
"949",0,1,0,1,0
"950",0,0,0,0,0
"951",3,0,0,1,0
"952",0,0,0,0,4
"953",0,0,1,0,5
"954",0,0,0,0,5
"955",0,1,0,0,3
"956",0,2,0,0,1
"957",0,0,1,0,6
"958",0,0,0,0,5
"959",0,2,0,0,1
"960",0,0,0,0,7
"961",0,2,0,0,2
"962",0,0,4,3,5
"963",0,2,0,0,0
"964",2,2,1,0,0
"965",0,1,3,0,0
"966",1,1,2,0,0
"967",0,3,0,2,0
"968",0,0,0,3,7
"969",0,0,3,0,2
"970",1,0,3,3,0
"971",1,1,0,0,5
"972",0,0,3,2,1
"973",1,1,1,0,0
"974",0,2,0,0,2
"975",0,0,5,0,0
"976",1,3,0,0,0
"977",0,3,2,0,0
"978",0,0,3,0,0
"979",0,0,0,6,1
"980",0,0,0,0,8
"981",0,0,1,0,3
"982",0,0,1,0,7
"983",0,2,6,0,0
"984",0,0,1,4,5
"985",0,0,1,0,9
"986",0,4,0,0,0
"987",0,0,5,0,0
"988",1,0,2,0,0
"989",0,0,0,0,4
"990",0,0,1,0,3
"991",0,0,0,0,6
"992",0,0,5,0,0
"993",0,1,1,0,0
"994",0,0,0,0,8
"995",0,0,2,0,0
"996",0,0,1,0,5
"997",0,4,0,0,0
"998",0,0,0,0,9
"999",0,2,1,1,0
"1000",0,1,4,1,0
"1001",2,0,0,0,0
"1002",0,0,0,0,8
"1003",0,0,0,0,6
"1004",0,1,0,2,0
"1005",0,1,0,3,2
"1006",0,6,0,0,0
"1007",0,4,0,0,0
"1008",0,0,0,0,3
"1009",0,2,4,0,0
"1010",0,0,0,0,6
"1011",0,0,1,0,3
"1012",1,0,0,0,8
"1013",2,0,0,0,0
"1014",0,1,0,2,6
"1015",2,1,0,0,0
"1016",0,1,0,1,7
"1017",0,2,1,0,3
"1018",0,3,2,2,0
"1019",0,0,0,0,6
"1020",0,3,0,0,1
"1021",1,0,2,3,0
"1022",0,0,2,0,2
"1023",1,0,0,0,0
"1024",1,0,0,0,1
"1025",0,0,0,0,6
"1026",0,0,0,1,9
"1027",2,0,1,0,0
"1028",0,3,1,0,2
"1029",0,0,0,0,6
"1030",0,0,1,0,5
"1031",0,0,1,0,2
"1032",0,0,4,0,0
"1033",0,5,2,0,0
"1034",2,0,2,2,0
"1035",0,2,0,1,0
"1036",0,0,6,0,1
"1037",0,1,0,0,1
"1038",3,1,0,0,1
"1039",0,1,0,0,3
"1040",0,0,2,2,5
"1041",0,4,0,0,3
"1042",0,0,0,1,4
"1043",0,0,0,0,4
"1044",0,1,0,0,0
"1045",0,1,0,5,4
"1046",3,0,0,1,0
"1047",0,0,0,0,7
"1048",0,0,1,4,4
"1049",1,3,1,0,2
"1050",0,0,2,0,0
"1051",0,1,0,2,7
"1052",0,2,4,3,0
"1053",1,6,1,0,0
"1054",0,0,3,0,0
"1055",0,1,5,0,1
"1056",1,0,1,2,0
"1057",0,0,1,0,1
"1058",1,0,0,2,0
"1059",0,0,0,0,5
"1060",0,0,0,1,4
"1061",0,0,0,0,1
"1062",0,0,2,0,3
"1063",1,1,0,0,0
"1064",0,1,1,1,5
"1065",0,1,5,1,2
"1066",0,0,0,0,6
"1067",0,0,1,0,5
"1068",0,0,0,0,5
"1069",0,5,2,0,0
"1070",0,0,0,3,4
"1071",0,0,5,1,0
"1072",0,4,1,0,0
"1073",0,3,0,2,0
"1074",0,0,1,0,5
"1075",0,0,1,6,1
"1076",0,5,0,0,0
"1077",1,0,2,0,0
"1078",0,0,0,0,6
"1079",0,0,0,1,5
"1080",0,0,3,2,3
"1081",0,0,2,1,0
"1082",0,2,0,0,2
"1083",0,1,0,0,1
"1084",0,0,0,5,1
"1085",0,1,2,1,0
"1086",1,0,0,0,0
"1087",0,3,0,1,0
"1088",0,1,0,0,4
"1089",0,0,0,0,0
"1090",0,0,3,0,0
"1091",0,0,0,0,3
"1092",0,0,3,1,0
"1093",0,0,1,0,8
"1094",1,0,1,5,0
"1095",0,0,0,0,3
"1096",0,2,3,1,0
"1097",0,2,1,1,1
"1098",0,1,0,0,2
"1099",0,0,0,0,6
"1100",0,2,0,0,0
"1101",0,1,2,0,0
"1102",0,0,1,3,3
"1103",0,7,0,0,0
"1104",0,1,0,0,0
"1105",0,1,1,0,0
"1106",3,0,0,0,1
"1107",0,0,1,1,4
"1108",0,1,0,0,6
"1109",1,0,2,0,5
"1110",0,0,2,0,3
"1111",0,0,6,0,2
"1112",0,0,0,0,7
"1113",0,2,0,0,0
"1114",0,0,0,0,8
"1115",0,3,0,0,0
"1116",0,1,0,0,0
"1117",1,0,0,2,4
"1118",0,2,2,0,0
"1119",0,0,0,1,6
"1120",0,1,0,0,3
"1121",0,2,1,0,0
"1122",0,0,0,2,6
"1123",0,0,5,0,0
"1124",0,0,4,0,1
"1125",0,0,1,0,7
"1126",0,0,5,0,1
"1127",0,2,0,0,0
"1128",0,4,1,0,0
"1129",1,1,0,0,0
"1130",0,7,0,0,0
"1131",0,0,1,0,7
"1132",0,0,1,0,6
"1133",0,2,0,0,0
"1134",0,1,0,0,7
"1135",2,0,0,0,1
"1136",0,3,0,0,2
"1137",0,0,1,0,7
"1138",0,0,0,0,2
"1139",0,0,0,0,5
"1140",0,0,0,1,3
"1141",0,1,0,1,7
"1142",0,0,3,0,2
"1143",0,2,6,0,0
"1144",0,0,4,0,0
"1145",0,0,1,0,7
"1146",0,1,3,1,0
"1147",0,0,2,0,1
"1148",0,3,0,0,0
"1149",0,0,6,0,2
"1150",0,0,0,2,4
"1151",1,1,0,1,0
"1152",0,2,0,4,1
"1153",0,0,0,0,8
"1154",0,2,0,1,0
"1155",3,1,0,0,0
"1156",0,0,0,0,3
"1157",0,1,2,0,0
"1158",0,0,1,1,5
"1159",0,0,4,1,0
"1160",0,0,1,0,4
"1161",0,2,0,0,3
"1162",0,0,0,7,0
"1163",0,1,1,0,0
"1164",1,4,4,0,0
"1165",1,0,2,1,0
"1166",0,0,0,3,9
"1167",0,1,0,0,3
"1168",0,1,3,0,0
"1169",0,0,0,0,5
"1170",0,0,3,0,3
"1171",2,0,0,0,0
"1172",0,1,5,2,2
"1173",0,0,4,0,1
"1174",0,0,1,0,6
"1175",0,0,0,0,4
"1176",0,1,1,0,2
"1177",0,0,0,1,6
"1178",1,2,1,0,0
"1179",0,7,0,0,0
"1180",0,0,0,3,8
"1181",0,0,2,0,3
"1182",0,0,0,0,5
"1183",0,2,0,0,0
"1184",1,3,0,1,0
"1185",0,0,1,0,0
"1186",0,4,4,0,2
"1187",0,0,1,0,3
"1188",0,2,0,2,0
"1189",0,1,0,0,2
"1190",0,0,0,2,3
"1191",1,0,0,0,6
"1192",0,2,1,0,1
"1193",1,0,0,0,1
"1194",0,3,1,0,0
"1195",0,0,2,2,3
"1196",0,2,0,0,2
"1197",1,0,2,0,0
"1198",0,1,5,0,0
"1199",1,4,1,0,0
"1200",0,3,0,0,1
"1201",0,0,0,0,9
"1202",0,2,0,1,1
"1203",0,0,0,0,1
"1204",0,0,0,5,2
"1205",0,3,0,1,0
"1206",0,4,0,0,0
"1207",0,0,0,0,2
"1208",0,0,0,0,6
"1209",0,0,0,0,6
"1210",0,0,0,0,4
"1211",0,3,1,0,0
"1212",0,1,4,0,2
"1213",0,1,0,0,5
"1214",0,3,0,0,1
"1215",0,0,0,3,4
"1216",0,0,1,0,6
"1217",0,0,0,0,6
"1218",2,0,0,0,0
"1219",0,2,0,1,0
"1220",0,0,4,0,0
"1221",0,0,0,0,8
"1222",0,0,0,1,8
"1223",0,0,1,2,4
"1224",0,0,0,0,7
"1225",0,0,0,0,8
"1226",0,1,1,0,2
"1227",0,1,1,0,0
"1228",2,2,0,0,0
"1229",0,0,0,2,6
"1230",0,0,6,0,1
"1231",0,0,0,1,7
"1232",0,5,1,0,0
"1233",0,3,1,0,0
"1234",0,0,0,0,3
"1235",0,6,0,0,0
"1236",0,6,0,0,0
"1237",0,0,0,3,0
"1238",0,1,1,0,0
"1239",0,0,1,2,2
"1240",0,0,3,0,0
"1241",0,2,4,0,0
"1242",1,0,1,6,2
"1243",1,0,1,0,0
"1244",0,0,0,0,4
"1245",0,0,1,0,1
"1246",0,0,0,0,0
"1247",0,1,1,1,0
"1248",0,0,0,2,0
"1249",0,0,5,0,1
"1250",0,1,0,0,0
"1251",0,0,1,2,1
"1252",0,5,1,0,1
"1253",0,0,0,0,7
"1254",0,1,2,0,0
"1255",0,0,0,0,3
"1256",0,1,3,0,0
"1257",0,3,0,0,0
"1258",0,0,0,0,4
"1259",0,7,0,0,0
"1260",0,0,2,0,4
"1261",2,0,0,0,1
"1262",0,0,0,0,6
"1263",0,3,0,0,0
"1264",0,0,0,0,6
"1265",0,0,2,0,2
"1266",0,0,0,0,9
"1267",0,3,0,0,1
"1268",0,1,1,0,5
"1269",0,4,0,0,0
"1270",0,0,1,0,1
"1271",0,1,0,1,3
"1272",0,3,0,0,0
"1273",0,0,0,0,5
"1274",0,1,4,0,0
"1275",0,2,0,0,0
"1276",0,0,0,0,5
"1277",0,2,0,0,0
"1278",0,2,1,0,0
"1279",0,2,1,0,0
"1280",0,0,0,0,4
"1281",0,0,0,0,6
"1282",0,5,0,0,1
"1283",0,0,2,2,5
"1284",0,0,2,0,0
"1285",1,1,5,0,0
"1286",1,0,0,0,2
"1287",0,3,0,0,0
"1288",1,1,0,0,0
"1289",0,3,0,0,0
"1290",0,0,0,0,5
"1291",0,0,0,0,2
"1292",0,0,0,0,5
"1293",0,1,0,0,0
"1294",0,0,0,0,6
"1295",0,0,0,0,10
"1296",0,3,0,1,0
"1297",0,2,0,0,0
"1298",0,2,0,0,3
"1299",0,5,0,1,0
"1300",0,0,0,6,0
"1301",0,3,0,0,0
"1302",0,3,0,0,0
"1303",0,0,0,0,8
"1304",0,0,0,6,3
"1305",0,0,2,1,0
"1306",1,0,0,0,0
"1307",0,1,2,1,0
"1308",0,4,5,0,0
"1309",0,3,0,0,0
"1310",0,4,0,0,0
"1311",0,0,4,1,0
"1312",0,2,0,0,1
"1313",0,4,3,1,0
"1314",0,0,0,0,1
"1315",0,0,4,0,0
"1316",0,3,2,0,0
"1317",0,0,5,0,0
"1318",0,2,1,1,0
"1319",0,0,0,0,8
"1320",0,0,1,0,5
"1321",0,0,2,0,1
"1322",0,1,1,0,3
"1323",0,0,1,7,2
"1324",0,0,4,0,1
"1325",0,0,0,0,6
"1326",0,3,0,0,0
"1327",0,0,1,0,7
"1328",0,0,1,3,6
"1329",0,1,1,0,6
"1330",0,0,1,1,8
"1331",0,0,0,1,5
"1332",0,7,0,0,0
"1333",0,0,5,0,1
"1334",0,0,0,0,7
"1335",1,2,0,0,0
"1336",0,1,0,0,0
"1337",0,1,0,0,3
"1338",0,3,1,0,1
"1339",0,0,2,2,2
"1340",0,5,0,0,0
"1341",1,0,0,0,3
"1342",0,0,0,1,0
"1343",0,3,0,0,0
"1344",0,0,0,1,2
"1345",1,0,0,3,4
"1346",0,0,1,0,8
"1347",0,0,0,0,6
"1348",0,1,0,0,0
"1349",0,6,0,0,0
"1350",0,0,3,0,1
"1351",0,0,2,7,1
"1352",0,0,0,0,5
"1353",0,1,3,0,0
"1354",0,0,0,0,2
"1355",0,0,0,2,7
"1356",1,1,0,1,3
"1357",1,5,1,0,0
"1358",0,0,0,3,5
"1359",1,1,0,1,0
"1360",0,1,0,1,0
"1361",1,2,0,0,0
"1362",2,4,0,0,0
"1363",0,1,1,2,4
"1364",0,2,0,1,0
"1365",2,0,5,0,0
"1366",0,0,0,1,6
"1367",1,0,2,0,0
"1368",1,1,0,0,0
"1369",0,0,0,0,5
"1370",0,4,0,0,0
"1371",0,2,0,0,0
"1372",0,2,2,0,0
"1373",0,2,0,0,1
"1374",0,6,0,0,0
"1375",0,0,1,1,3
"1376",0,0,0,0,5
"1377",0,0,5,0,1
"1378",0,2,1,1,0
"1379",0,0,0,0,3
"1380",0,0,8,1,0
"1381",0,0,0,0,3
"1382",0,0,1,0,4
"1383",0,2,3,0,2
"1384",1,4,1,0,0
"1385",0,4,0,1,0
"1386",0,0,0,0,6
"1387",0,2,0,0,2
"1388",0,1,0,0,0
"1389",0,0,5,0,0
"1390",2,1,1,2,0
"1391",0,0,0,0,8
"1392",0,1,1,4,3
"1393",1,1,0,2,0
"1394",0,0,0,0,7
"1395",0,0,7,2,0
"1396",0,2,0,3,1
"1397",2,4,0,0,1
"1398",1,0,1,0,1
"1399",0,4,0,0,0
"1400",0,2,4,0,0
"1401",0,0,3,1,0
"1402",0,0,4,1,0
"1403",0,5,0,0,0
"1404",0,0,1,0,5
"1405",0,2,1,0,0
"1406",0,2,1,0,0
"1407",0,4,0,0,1
"1408",0,1,1,0,1
"1409",0,1,1,5,2
"1410",0,0,0,1,6
"1411",0,0,2,0,0
"1412",0,1,0,0,3
"1413",0,5,0,0,0
"1414",0,0,0,0,5
"1415",0,0,0,0,9
"1416",0,0,0,3,7
"1417",0,0,1,0,0
"1418",0,0,0,0,5
"1419",0,0,0,0,9
"1420",0,3,1,0,1
"1421",1,0,0,0,1
"1422",0,3,2,0,0
"1423",0,2,0,0,1
"1424",0,6,0,1,0
"1425",0,2,0,1,1
"1426",0,4,0,0,0
"1427",0,2,1,2,0
"1428",0,0,1,0,1
"1429",0,0,0,1,6
"1430",0,0,0,0,4
"1431",1,0,0,0,0
"1432",0,3,1,1,0
"1433",0,5,0,0,0
"1434",0,0,0,1,6
"1435",1,0,2,0,0
"1436",1,0,1,1,4
"1437",0,1,1,4,0
"1438",0,2,0,0,0
"1439",2,0,1,0,0
"1440",0,0,6,3,2
"1441",0,0,0,1,2
"1442",0,1,0,0,7
"1443",3,0,0,1,0
"1444",0,2,1,0,1
"1445",0,0,2,0,0
"1446",0,4,0,1,0
"1447",0,0,0,4,5
"1448",1,0,3,0,2
"1449",0,0,0,0,6
"1450",0,0,4,0,0
"1451",0,0,0,0,0
"1452",0,2,0,0,0
"1453",0,4,0,0,0
"1454",0,0,1,0,7
"1455",0,5,0,0,0
"1456",0,0,0,1,6
"1457",0,0,4,2,0
"1458",0,0,0,0,4
"1459",0,0,0,0,8
"1460",0,3,0,0,0
"1461",0,0,0,0,9
"1462",0,1,0,0,3
"1463",0,2,3,0,0
"1464",0,0,0,0,5
"1465",0,0,0,0,7
"1466",1,0,0,0,8
"1467",0,2,1,2,2
"1468",0,1,0,1,2
"1469",0,0,2,4,3
"1470",0,0,1,0,5
"1471",0,0,3,0,0
"1472",0,0,1,0,1
"1473",0,0,1,5,0
"1474",1,1,0,1,0
"1475",0,1,0,0,0
"1476",0,5,0,0,1
"1477",0,6,2,0,0
"1478",1,2,0,0,3
"1479",0,0,0,1,8
"1480",0,1,1,1,0
"1481",0,1,1,0,0
"1482",0,1,0,0,0
"1483",0,1,0,0,8
"1484",0,0,4,0,3
"1485",2,3,1,0,1
"1486",0,5,0,0,0
"1487",0,0,0,1,5
"1488",1,0,0,0,5
"1489",1,3,0,0,0
"1490",0,0,1,5,2
"1491",0,2,0,0,0
"1492",0,0,1,0,3
"1493",0,6,0,0,0
"1494",0,1,0,0,0
"1495",0,1,0,0,6
"1496",0,0,1,3,3
"1497",0,0,2,0,7
"1498",0,3,0,0,1
"1499",0,1,3,1,0
"1500",0,3,1,0,0
"1501",0,2,0,1,0
"1502",0,1,0,0,8
"1503",2,1,1,0,1
"1504",0,0,0,0,6
"1505",0,5,0,1,0
"1506",1,0,1,0,1
"1507",0,0,0,0,7
"1508",0,5,1,0,1
"1509",1,2,0,0,0
"1510",0,0,5,0,0
"1511",0,3,1,0,1
"1512",0,1,0,7,3
"1513",0,0,0,0,3
"1514",0,2,3,0,0
"1515",0,1,0,0,0
"1516",1,0,4,1,0
"1517",0,0,1,1,7
"1518",0,2,0,0,0
"1519",0,0,1,3,4
"1520",0,2,0,1,0
"1521",0,1,1,0,1
"1522",0,2,3,0,0
"1523",0,2,0,0,2
"1524",0,2,1,2,0
"1525",0,0,3,1,0
"1526",0,6,1,0,2
"1527",0,0,4,0,2
"1528",0,0,0,0,6
"1529",0,4,1,1,0
"1530",1,0,0,1,0
"1531",0,0,5,0,0
"1532",0,6,1,0,0
"1533",0,0,2,0,2
"1534",0,5,0,0,0
"1535",0,1,0,0,5
"1536",1,0,3,0,2
"1537",0,0,1,0,6
"1538",0,1,2,1,0
"1539",0,0,0,0,4
"1540",0,0,0,1,4
"1541",0,1,0,0,5
"1542",0,0,0,0,3
"1543",0,0,3,0,0
"1544",0,4,0,0,0
"1545",1,0,0,0,0
"1546",1,3,0,1,0
"1547",0,0,1,1,6
"1548",0,0,3,1,0
"1549",0,3,0,1,0
"1550",0,1,0,0,0
"1551",0,1,0,1,0
"1552",1,4,2,0,0
"1553",0,1,0,0,7
"1554",0,0,0,0,7
"1555",0,3,1,0,0
"1556",0,0,0,0,5
"1557",0,3,0,0,0
"1558",0,0,2,0,5
"1559",0,5,1,1,1
"1560",0,3,2,0,0
"1561",0,3,0,0,0
"1562",0,0,0,1,10
"1563",0,0,0,0,8
"1564",0,0,0,0,6
"1565",1,3,0,0,0
"1566",0,0,1,0,4
"1567",0,5,3,0,0
"1568",0,0,3,0,0
"1569",0,2,0,0,1
"1570",0,0,1,0,0
"1571",0,0,4,2,0
"1572",0,0,0,0,7
"1573",0,0,1,1,8
"1574",0,2,0,0,0
"1575",0,0,0,0,0
"1576",1,0,0,0,3
"1577",0,0,1,0,3
"1578",0,0,3,0,0
"1579",0,0,0,0,10
"1580",0,0,1,1,0
"1581",0,3,0,0,3
"1582",1,0,0,0,5
"1583",1,5,0,0,0
"1584",0,0,0,1,8
"1585",0,3,0,0,0
"1586",0,1,0,1,5
"1587",0,0,1,0,4
"1588",0,0,4,1,0
"1589",0,0,1,0,3
"1590",0,1,0,0,0
"1591",0,3,1,0,1
"1592",0,5,5,0,0
"1593",0,1,0,1,6
"1594",0,0,6,0,0
"1595",0,1,3,4,2
"1596",1,0,1,0,0
"1597",2,3,1,2,0
"1598",0,0,3,0,0
"1599",0,0,0,0,9
"1600",0,0,0,1,1
"1601",0,5,0,0,0
"1602",0,0,2,0,0
"1603",0,0,0,0,6
"1604",0,0,0,0,6
"1605",0,0,5,1,0
"1606",0,0,0,1,7
"1607",0,0,0,1,7
"1608",0,0,6,0,0
"1609",0,0,4,0,0
"1610",0,0,0,0,6
"1611",0,0,6,0,0
"1612",0,4,0,2,1
"1613",0,0,1,0,5
"1614",0,4,2,0,0
"1615",0,1,1,0,0
"1616",0,1,0,1,2
"1617",0,0,0,0,9
"1618",0,7,0,0,2
"1619",0,1,0,1,5
"1620",2,0,0,0,1
"1621",0,1,0,0,8
"1622",0,2,2,0,0
"1623",0,0,0,0,2
"1624",1,1,0,0,1
"1625",0,0,0,0,3
"1626",0,2,0,0,0
"1627",1,0,3,1,2
"1628",1,0,3,0,0
"1629",0,4,0,0,0
"1630",0,3,2,0,0
"1631",0,0,3,0,0
"1632",0,1,0,0,3
"1633",0,0,1,0,0
"1634",0,4,0,0,0
"1635",0,0,1,1,5
"1636",0,6,0,0,0
"1637",0,1,6,0,0
"1638",0,1,0,0,3
"1639",0,0,0,0,7
"1640",0,0,0,1,5
"1641",0,0,1,0,1
"1642",0,0,2,2,4
"1643",0,0,0,0,4
"1644",0,6,0,0,0
"1645",1,0,0,0,6
"1646",0,5,0,0,2
"1647",0,2,0,0,1
"1648",0,0,2,1,1
"1649",0,1,0,1,7
"1650",0,5,0,0,0
"1651",0,0,0,1,6
"1652",0,0,3,1,0
"1653",3,0,2,0,0
"1654",1,0,0,1,3
"1655",0,2,2,1,2
"1656",0,0,0,0,5
"1657",0,0,0,0,7
"1658",0,0,0,0,2
"1659",0,2,0,0,0
"1660",3,1,0,2,0
"1661",0,0,3,0,1
"1662",0,1,0,1,1
"1663",0,4,0,1,0
"1664",1,2,2,1,0
"1665",0,5,0,0,3
"1666",0,2,5,0,0
"1667",0,0,2,2,1
"1668",0,0,2,1,0
"1669",0,0,0,1,7
"1670",0,0,0,0,7
"1671",0,0,0,0,3
"1672",2,2,0,0,1
"1673",0,1,3,0,0
"1674",0,4,1,1,0
"1675",0,0,0,0,2
"1676",0,1,0,0,4
"1677",0,0,4,0,0
"1678",0,2,0,0,7
"1679",0,0,0,1,5
"1680",0,3,2,0,0
"1681",0,2,5,0,0
"1682",4,0,1,0,0
"1683",0,1,0,1,0
"1684",1,3,0,1,0
"1685",0,1,2,0,0
"1686",0,5,0,0,0
"1687",0,3,1,0,0
"1688",0,0,2,2,9
"1689",1,0,2,0,0
"1690",0,5,0,2,0
"1691",0,0,1,0,0
"1692",0,0,2,0,1
"1693",0,0,0,1,2
"1694",1,3,0,0,1
"1695",2,1,0,2,0
"1696",0,0,0,1,8
"1697",3,0,0,0,0
"1698",1,3,0,0,0
"1699",3,0,0,1,0
"1700",0,0,0,0,7
"1701",3,1,0,0,0
"1702",0,2,0,0,0
"1703",0,2,0,0,1
"1704",0,7,0,0,0
"1705",0,0,0,0,4
"1706",1,1,0,0,0
"1707",0,1,1,0,4
"1708",0,0,0,2,6
"1709",1,1,0,3,3
"1710",0,0,0,1,0
"1711",0,5,0,0,1
"1712",0,0,1,0,4
"1713",0,5,0,0,0
"1714",0,0,0,0,7
"1715",0,1,1,3,0
"1716",0,0,0,1,7
"1717",0,0,0,0,9
"1718",0,0,1,0,2
"1719",0,1,2,0,0
"1720",1,0,0,0,4
"1721",0,0,0,0,5
"1722",0,0,1,0,0
"1723",1,4,0,0,0
"1724",0,0,0,0,4
"1725",0,0,0,1,4
"1726",0,0,3,4,2
"1727",0,0,1,2,0
"1728",0,1,1,6,0
"1729",0,1,4,0,0
"1730",0,2,2,0,5
"1731",0,0,1,0,0
"1732",0,0,5,0,0
"1733",0,1,1,0,1
"1734",0,0,2,0,4
"1735",0,1,0,1,7
"1736",1,1,2,0,0
"1737",0,0,4,0,0
"1738",0,0,0,0,8
"1739",0,3,0,0,1
"1740",0,6,0,3,0
"1741",0,0,1,0,8
"1742",0,2,2,0,0
"1743",0,0,0,0,4
"1744",0,0,0,0,5
"1745",0,0,1,0,4
"1746",0,6,1,0,0
"1747",0,0,0,3,2
"1748",0,0,1,1,1
"1749",0,2,1,0,2
"1750",0,0,6,0,0
"1751",2,1,1,0,0
"1752",0,0,2,0,0
"1753",1,0,2,0,0
"1754",0,4,0,2,0
"1755",0,2,1,1,0
"1756",6,0,0,0,0
"1757",0,4,1,2,0
"1758",0,2,0,0,1
"1759",0,4,0,1,0
"1760",0,0,0,1,5
"1761",0,0,0,0,5
"1762",0,0,1,0,8
"1763",0,0,0,2,2
"1764",1,3,1,0,0
"1765",0,0,1,2,0
"1766",0,0,1,4,6
"1767",0,2,0,0,1
"1768",1,0,0,3,2
"1769",0,0,0,0,0
"1770",0,0,0,0,9
"1771",1,2,1,0,0
"1772",0,4,0,2,2
"1773",0,2,0,0,0
"1774",0,2,0,0,0
"1775",0,1,0,0,4
"1776",0,1,0,0,3
"1777",0,1,0,0,6
"1778",0,0,9,0,1
"1779",0,0,0,0,0
"1780",0,1,0,0,7
"1781",0,0,0,1,5
"1782",0,1,0,0,6
"1783",0,1,0,0,4
"1784",0,0,5,0,0
"1785",1,0,5,0,1
"1786",0,7,1,0,0
"1787",0,0,0,0,6
"1788",1,0,1,1,0
"1789",0,0,0,1,4
"1790",0,3,0,0,2
"1791",0,0,0,0,2
"1792",0,0,0,0,6
"1793",0,0,0,0,8
"1794",0,0,2,1,3
"1795",4,1,0,0,0
"1796",0,2,2,0,0
"1797",0,0,0,0,6
"1798",0,1,0,2,3
"1799",0,0,0,0,6
"1800",0,0,0,1,7
"1801",0,3,0,1,0
"1802",1,2,1,0,0
"1803",1,4,0,1,0
"1804",0,1,2,0,0
"1805",1,2,5,0,0
"1806",0,4,0,0,1
"1807",1,0,3,1,2
"1808",1,0,0,0,5
"1809",0,0,4,1,0
"1810",0,5,1,0,0
"1811",2,0,3,1,0
"1812",0,0,4,0,0
"1813",0,0,6,1,1
"1814",2,0,0,0,0
"1815",0,3,0,1,2
"1816",0,0,0,0,4
"1817",0,5,1,0,0
"1818",3,0,0,0,0
"1819",0,4,2,0,0
"1820",0,0,0,0,5
"1821",0,0,0,2,7
"1822",0,1,0,1,6
"1823",0,0,4,0,2
"1824",0,3,1,2,0
"1825",0,0,0,0,7
"1826",0,2,3,1,0
"1827",0,0,0,0,6
"1828",0,0,1,0,0
"1829",0,0,3,0,0
"1830",0,0,0,0,9
"1831",0,1,3,0,3
"1832",0,0,0,0,6
"1833",0,0,0,0,3
"1834",0,0,2,2,5
"1835",0,1,0,1,4
"1836",0,1,0,1,4
"1837",0,0,0,0,6
"1838",0,0,2,0,0
"1839",1,0,0,1,0
"1840",0,0,4,1,1
"1841",0,0,2,0,0
"1842",0,0,1,0,6
"1843",0,0,0,0,4
"1844",1,0,0,0,0
"1845",0,1,1,2,7
"1846",0,0,0,0,8
"1847",0,3,0,0,0
"1848",0,0,1,0,6
"1849",0,0,0,0,8
"1850",1,0,1,0,1
"1851",0,1,3,0,0
"1852",1,0,5,1,0
"1853",0,0,3,0,5
"1854",0,0,1,0,5
"1855",0,3,0,0,0
"1856",0,1,3,3,0
"1857",0,1,0,1,1
"1858",1,3,2,0,0
"1859",0,1,1,1,0
"1860",0,4,1,0,0
"1861",0,0,5,0,1
"1862",0,4,2,0,0
"1863",0,0,1,1,6
"1864",0,0,3,1,0
"1865",1,1,0,0,1
"1866",0,3,0,1,0
"1867",0,2,0,0,0
"1868",0,1,0,1,3
"1869",0,0,1,0,4
"1870",0,0,0,1,9
"1871",0,0,0,5,2
"1872",0,5,0,0,1
"1873",0,4,0,0,0
"1874",0,1,0,0,0
"1875",0,0,0,0,0
"1876",0,2,0,0,0
"1877",1,1,0,0,0
"1878",0,1,7,0,0
"1879",0,0,2,0,1
"1880",0,0,0,0,6
"1881",0,0,0,0,0
"1882",0,1,0,0,3
"1883",0,2,1,0,0
"1884",0,0,0,1,7
"1885",0,0,0,0,6
"1886",0,0,0,1,5
"1887",0,1,0,1,8
"1888",2,1,0,0,0
"1889",0,2,0,0,0
"1890",0,0,0,0,5
"1891",0,2,1,0,1
"1892",0,5,0,1,0
"1893",0,0,1,0,5
"1894",0,2,0,0,0
"1895",1,2,0,0,0
"1896",1,0,2,0,0
"1897",0,1,2,0,0
"1898",0,0,0,0,5
"1899",0,1,0,0,0
"1900",0,5,0,1,0
"1901",0,0,0,1,5
"1902",0,0,1,0,0
"1903",0,8,0,0,0
"1904",0,1,6,2,0
"1905",0,0,3,1,0
"1906",0,3,0,1,0
"1907",1,1,0,1,0
"1908",0,0,0,2,6
"1909",0,4,0,1,0
"1910",0,1,0,0,2
"1911",0,4,1,0,1
"1912",1,3,0,2,0
"1913",0,0,0,0,7
"1914",1,0,4,0,0
"1915",0,1,2,3,0
"1916",0,0,0,1,5
"1917",0,5,0,0,0
"1918",0,1,4,2,2
"1919",0,1,6,1,0
"1920",0,1,1,0,3
"1921",0,5,0,0,0
"1922",0,3,0,0,0
"1923",0,1,0,0,1
"1924",0,2,3,0,0
"1925",2,0,0,0,1
"1926",0,4,0,0,2
"1927",0,0,6,0,0
"1928",0,4,0,0,0
"1929",0,0,0,3,0
"1930",0,3,0,1,0
"1931",0,0,2,0,0
"1932",0,2,0,0,0
"1933",0,0,0,0,6
"1934",0,2,2,0,0
"1935",0,3,1,0,0
"1936",2,0,0,0,1
"1937",0,2,0,0,0
"1938",1,2,2,0,0
"1939",0,2,0,0,1
"1940",0,0,0,2,5
"1941",0,0,0,0,0
"1942",0,0,0,0,5
"1943",0,1,3,0,0
"1944",0,4,0,0,0
"1945",0,0,0,0,6
"1946",0,2,0,0,0
"1947",0,3,1,1,0
"1948",0,5,1,0,0
"1949",0,6,1,0,0
"1950",0,0,4,0,0
"1951",0,0,2,0,1
"1952",0,3,0,0,0
"1953",0,0,0,0,4
"1954",0,5,0,0,0
"1955",0,1,4,0,2
"1956",0,0,0,1,2
"1957",1,2,0,0,0
"1958",0,8,0,0,1
"1959",2,2,1,0,0
"1960",0,0,1,0,1
"1961",0,1,2,0,0
"1962",0,0,0,0,6
"1963",0,3,1,0,0
"1964",0,0,0,0,7
"1965",0,3,1,0,1
"1966",0,1,0,0,2
"1967",1,5,1,0,0
"1968",1,0,0,0,0
"1969",1,2,0,0,2
"1970",0,4,0,1,0
"1971",0,0,1,1,5
"1972",0,0,0,0,6
"1973",0,0,0,0,3
"1974",0,0,0,0,8
"1975",0,0,2,0,0
"1976",0,1,4,0,1
"1977",0,0,5,0,0
"1978",2,0,0,0,0
"1979",0,0,1,0,3
"1980",0,5,0,1,0
"1981",0,0,3,0,0
"1982",0,0,2,5,3
"1983",1,0,1,1,4
"1984",0,4,0,1,2
"1985",0,0,0,0,4
"1986",0,1,2,4,0
"1987",0,0,0,1,3
"1988",0,1,0,1,0
"1989",0,1,0,0,3
"1990",0,0,3,3,0
"1991",0,0,0,0,9
"1992",1,2,1,1,0
"1993",1,0,0,0,3
"1994",0,1,0,0,6
"1995",1,0,0,5,1
"1996",0,2,1,0,2
"1997",0,0,1,0,1
"1998",0,0,3,0,0
"1999",0,0,2,2,0
"2000",0,0,0,0,4
"2001",0,2,0,0,0
"2002",1,0,0,0,4
"2003",0,4,1,0,0
"2004",0,2,0,0,0
"2005",0,0,0,1,9
"2006",0,0,0,2,3
"2007",0,1,3,0,1
"2008",0,0,1,2,7
"2009",0,4,1,1,0
"2010",0,0,0,0,0
"2011",0,0,2,2,3
"2012",0,3,1,1,0
"2013",2,0,5,0,0
"2014",0,4,2,0,0
"2015",0,0,1,0,0
"2016",0,0,2,0,3
"2017",0,1,0,0,6
"2018",0,1,2,0,0
"2019",0,4,0,0,2
"2020",0,0,0,0,5
"2021",0,0,0,0,6
"2022",2,1,0,0,3
"2023",0,0,2,1,0
"2024",0,0,0,1,7
"2025",1,0,3,0,0
"2026",0,4,0,1,0
"2027",0,4,0,2,0
"2028",3,0,0,0,0
"2029",0,5,0,0,1
"2030",0,0,0,0,6
"2031",0,2,5,0,0
"2032",0,1,3,0,0
"2033",0,6,0,0,2
"2034",1,1,4,2,0
"2035",0,4,0,0,0
"2036",0,6,1,0,2
"2037",0,0,0,1,4
"2038",0,2,0,1,0
"2039",0,0,1,0,7
"2040",1,0,0,0,8
"2041",0,0,4,1,3
"2042",0,0,0,0,6
"2043",0,2,4,0,0
"2044",0,3,0,2,0
"2045",0,0,0,2,5
"2046",0,1,1,0,0
"2047",0,0,1,0,8
"2048",0,0,3,0,0
"2049",0,0,0,0,6
"2050",0,2,0,0,0
"2051",0,1,1,0,5
"2052",0,0,1,1,5
"2053",0,0,0,0,4
"2054",0,0,3,0,0
"2055",0,0,3,0,0
"2056",0,0,1,0,6
"2057",1,2,0,1,0
"2058",0,0,6,0,0
"2059",0,1,0,0,0
"2060",0,2,0,0,5
"2061",0,0,1,0,7
"2062",4,0,0,1,1
"2063",1,0,3,1,0
"2064",0,1,0,0,2
"2065",1,1,1,0,0
"2066",0,0,0,0,8
"2067",0,0,1,0,8
"2068",0,0,4,0,0
"2069",0,3,1,0,0
"2070",0,0,4,0,2
"2071",0,0,1,0,4
"2072",0,0,1,0,4
"2073",1,4,0,0,0
"2074",0,4,0,0,2
"2075",0,2,0,0,0
"2076",0,3,0,0,0
"2077",1,6,0,0,0
"2078",1,0,0,1,7
"2079",0,1,4,1,0
"2080",0,2,0,0,3
"2081",0,5,0,1,0
"2082",0,2,0,0,0
"2083",0,3,1,0,1
"2084",0,2,0,0,1
"2085",2,0,0,0,0
"2086",1,0,0,0,0
"2087",1,1,1,0,0
"2088",0,3,0,0,0
"2089",0,0,4,0,0
"2090",0,2,1,0,3
"2091",1,2,5,2,0
"2092",0,2,2,0,0
"2093",0,0,0,1,5
"2094",0,3,0,1,0
"2095",0,1,4,0,2
"2096",0,1,0,0,0
"2097",1,2,0,1,0
"2098",0,2,0,0,3
"2099",0,3,2,2,0
"2100",0,0,3,2,0
"2101",1,2,0,0,0
"2102",0,0,0,0,5
"2103",0,0,0,2,6
"2104",0,0,0,2,0
"2105",0,4,1,0,1
"2106",0,1,2,1,3
"2107",0,2,1,0,0
"2108",0,6,0,1,0
"2109",0,0,1,0,4
"2110",0,0,3,0,0
"2111",0,3,1,0,0
"2112",0,3,0,0,2
"2113",0,0,1,0,3
"2114",0,0,1,0,7
"2115",0,2,2,0,0
"2116",1,0,0,0,0
"2117",0,0,3,0,4
"2118",0,2,0,5,2
"2119",0,0,0,0,9
"2120",0,0,1,0,6
"2121",0,4,0,0,0
"2122",1,0,1,1,1
"2123",0,5,0,0,0
"2124",0,0,0,1,6
"2125",0,0,0,2,2
"2126",0,0,0,0,8
"2127",0,3,0,0,0
"2128",0,1,0,1,0
"2129",0,4,0,1,0
"2130",0,0,0,1,6
"2131",0,0,2,4,2
"2132",0,0,3,0,0
"2133",0,0,4,0,2
"2134",0,0,3,0,0
"2135",0,5,2,2,1
"2136",0,0,0,0,10
"2137",0,1,3,0,0
"2138",0,1,2,0,1
"2139",0,0,0,0,5
"2140",0,7,0,0,0
"2141",0,1,0,3,0
"2142",0,1,6,0,0
"2143",0,0,0,0,6
"2144",0,0,0,0,5
"2145",0,1,0,1,0
"2146",0,2,4,0,0
"2147",0,2,3,0,0
"2148",0,0,1,1,3
"2149",0,1,0,0,0
"2150",0,0,1,0,6
"2151",0,1,0,0,7
"2152",0,4,0,2,0
"2153",0,4,0,0,0
"2154",0,1,0,0,0
"2155",1,4,0,0,0
"2156",0,1,1,0,3
"2157",0,2,1,2,0
"2158",0,1,0,3,2
"2159",0,2,0,0,0
"2160",1,2,0,0,0
"2161",2,0,0,0,0
"2162",0,0,0,0,3
"2163",0,0,0,0,5
"2164",0,0,3,0,0
"2165",0,1,1,0,0
"2166",0,0,1,5,1
"2167",0,3,0,0,0
"2168",0,3,0,0,0
"2169",0,1,0,2,6
"2170",0,0,0,0,7
"2171",0,0,0,0,5
"2172",0,0,1,1,3
"2173",0,4,0,0,0
"2174",0,0,0,0,4
"2175",0,7,0,0,0
"2176",0,0,3,0,0
"2177",0,2,2,0,0
"2178",0,0,0,0,5
"2179",0,0,0,0,10
"2180",0,3,0,0,0
"2181",0,3,2,0,0
"2182",0,0,3,0,0
"2183",0,3,0,1,0
"2184",0,2,0,0,0
"2185",0,5,1,0,0
"2186",0,0,0,0,9
"2187",0,3,0,0,1
"2188",0,0,0,2,4
"2189",0,0,0,1,7
"2190",0,3,1,1,0
"2191",0,4,1,1,0
"2192",0,0,1,1,6
"2193",0,0,3,0,0
"2194",0,0,1,0,6
"2195",0,0,0,1,6
"2196",1,0,0,1,5
"2197",0,5,0,0,0
"2198",0,2,0,0,0
"2199",0,6,0,0,1
"2200",0,0,1,2,3
"2201",0,1,0,1,4
"2202",0,0,0,1,1
"2203",1,0,0,1,0
"2204",0,0,0,2,0
"2205",0,1,0,0,1
"2206",0,0,1,1,6
"2207",0,0,0,0,7
"2208",0,0,0,0,5
"2209",0,0,3,1,4
"2210",0,1,3,0,0
"2211",0,4,0,0,2
"2212",0,0,0,1,10
"2213",0,0,1,0,5
"2214",0,5,1,1,0
"2215",1,0,1,3,2
"2216",0,2,0,0,0
"2217",0,0,0,0,6
"2218",0,2,3,4,2
"2219",0,0,3,0,0
"2220",0,0,0,0,5
"2221",0,2,1,0,0
"2222",0,1,1,5,0
"2223",0,2,1,0,0
"2224",0,0,0,0,9
"2225",0,2,0,0,0
"2226",0,0,0,0,6
"2227",0,1,4,0,0
"2228",0,0,2,0,0
"2229",0,2,0,1,0
"2230",0,4,0,0,0
"2231",0,4,1,0,0
"2232",0,4,0,0,0
"2233",0,7,1,0,0
"2234",0,0,0,6,2
"2235",0,2,1,0,2
"2236",0,0,6,0,1
"2237",1,0,0,0,7
"2238",0,0,3,0,1
"2239",1,0,2,0,1
"2240",0,0,1,1,3
"2241",0,0,2,0,0
"2242",0,0,4,0,3
"2243",1,0,0,0,8
"2244",0,3,0,0,0
"2245",0,0,0,2,7
"2246",0,0,0,1,4
"2247",1,0,0,0,3
"2248",0,6,2,0,0
"2249",0,0,5,3,0
"2250",0,0,2,0,2
"2251",3,2,0,1,0
"2252",0,5,1,0,2
"2253",0,0,0,0,7
"2254",0,4,2,0,0
"2255",0,0,2,3,4
"2256",0,0,4,1,0
"2257",0,0,0,0,4
"2258",0,0,1,4,7
"2259",0,3,0,1,0
"2260",2,2,0,0,0
"2261",0,2,1,0,1
"2262",0,2,1,0,0
"2263",0,0,1,0,2
"2264",0,0,0,0,4
"2265",0,0,3,3,3
"2266",1,0,0,0,5
"2267",0,3,0,0,0
"2268",0,1,0,0,4
"2269",0,0,0,0,6
"2270",0,5,0,1,0
"2271",0,0,0,0,10
"2272",0,0,0,0,0
"2273",0,0,6,0,0
"2274",0,1,1,5,0
"2275",0,0,0,0,3
"2276",0,1,0,0,0
"2277",0,0,6,1,0
"2278",0,1,1,1,0
"2279",1,1,2,5,0
"2280",0,0,0,0,0
"2281",0,0,4,0,1
"2282",0,2,0,0,0
"2283",0,5,0,0,0
"2284",0,0,0,0,8
"2285",0,2,1,0,0
"2286",0,2,0,0,0
"2287",0,3,0,0,0
"2288",0,1,0,1,2
"2289",0,2,1,0,0
"2290",0,0,1,4,0
"2291",0,0,0,1,8
"2292",0,5,0,0,0
"2293",0,2,2,1,0
"2294",0,2,1,0,2
"2295",0,0,0,3,5
"2296",2,4,0,0,0
"2297",0,2,0,1,0
"2298",0,0,0,0,6
"2299",1,0,1,1,1
"2300",0,0,0,0,6
"2301",0,0,0,1,2
"2302",0,0,6,0,1
"2303",1,0,0,1,6
"2304",1,1,4,0,0
"2305",0,0,0,0,6
"2306",0,0,0,0,5
"2307",0,0,0,0,5
"2308",0,5,0,2,0
"2309",0,0,0,1,4
"2310",0,0,0,0,0
"2311",0,0,1,0,2
"2312",0,0,5,0,1
"2313",1,1,0,0,0
"2314",0,2,0,0,2
"2315",0,0,1,0,4
"2316",0,2,0,0,1
"2317",0,5,0,1,0
"2318",0,1,3,0,0
"2319",0,0,1,0,5
"2320",0,4,1,0,0
"2321",0,2,2,0,1
"2322",0,1,0,0,7
"2323",0,0,3,0,0
"2324",0,0,1,1,7
"2325",0,0,0,0,1
"2326",0,0,5,1,0
"2327",1,0,2,0,0
"2328",0,0,0,0,7
"2329",0,6,0,1,0
"2330",0,0,2,0,5
"2331",0,3,0,0,0
"2332",0,6,0,0,1
"2333",0,0,0,0,7
"2334",0,0,0,2,7
"2335",1,1,0,0,0
"2336",0,1,2,0,0
"2337",0,1,0,0,6
"2338",0,0,0,1,5
"2339",0,0,2,3,4
"2340",1,2,0,0,0
"2341",0,1,7,2,1
"2342",0,1,0,0,1
"2343",0,1,0,0,6
"2344",0,1,2,0,0
"2345",0,3,1,0,2
"2346",3,0,0,0,0
"2347",0,0,0,0,3
"2348",0,4,0,0,0
"2349",0,0,1,1,6
"2350",0,0,5,0,2
"2351",0,0,0,1,2
"2352",0,0,0,0,4
"2353",0,1,2,6,0
"2354",0,0,7,0,0
"2355",0,1,1,0,6
"2356",0,0,4,0,1
"2357",0,0,3,2,2
"2358",0,6,0,0,0
"2359",0,0,2,1,1
"2360",0,4,0,0,0
"2361",1,0,3,0,0
"2362",0,0,0,1,4
"2363",0,0,0,0,7
"2364",0,1,0,0,0
"2365",0,0,0,1,7
"2366",0,3,0,1,0
"2367",1,0,1,0,2
"2368",0,0,6,0,0
"2369",0,1,1,2,2
"2370",1,0,0,0,6
"2371",0,1,0,0,1
"2372",0,3,0,0,0
"2373",0,1,1,0,0
"2374",0,0,0,0,7
"2375",0,2,0,0,0
"2376",0,1,5,0,1
"2377",0,1,1,0,5
"2378",0,2,0,1,1
"2379",1,0,3,0,0
"2380",0,1,0,2,5
"2381",0,5,1,0,0
"2382",1,0,0,0,6
"2383",1,0,0,0,1
"2384",0,2,0,0,0
"2385",0,0,0,4,4
"2386",0,0,4,0,0
"2387",0,0,1,0,0
"2388",0,0,2,0,1
"2389",0,2,1,0,0
"2390",0,0,0,0,6
"2391",0,0,0,6,2
"2392",0,0,0,1,7
"2393",0,0,0,0,0
"2394",0,0,0,1,6
"2395",1,0,0,1,4
"2396",0,0,3,2,3
"2397",0,0,2,1,7
"2398",0,2,0,0,0
"2399",0,0,1,0,7
"2400",0,0,0,0,7
"2401",1,3,0,0,0
"2402",0,0,2,0,0
"2403",0,2,0,0,1
"2404",0,3,0,2,0
"2405",3,2,0,0,0
"2406",0,0,1,0,4
"2407",0,0,0,0,7
"2408",0,0,5,0,0
"2409",0,0,0,0,5
"2410",0,0,7,0,0
"2411",0,0,2,2,0
"2412",0,0,0,0,3
"2413",0,2,0,1,0
"2414",0,4,1,0,0
"2415",0,0,1,0,5
"2416",0,6,1,0,0
"2417",1,0,2,0,0
"2418",1,0,0,4,4
"2419",0,1,0,0,5
"2420",0,0,0,0,6
"2421",0,3,1,0,1
"2422",0,3,1,0,0
"2423",0,3,0,0,0
"2424",0,5,0,0,2
"2425",0,0,0,0,4
"2426",0,2,1,1,0
"2427",2,0,0,0,0
"2428",0,2,0,0,0
"2429",1,1,0,5,0
"2430",0,0,1,0,5
"2431",0,0,0,0,5
"2432",0,4,0,0,0
"2433",0,0,1,0,0
"2434",1,0,3,0,0
"2435",0,0,1,0,4
"2436",0,0,6,0,2
"2437",0,5,0,1,0
"2438",1,1,0,1,3
"2439",0,0,0,0,3
"2440",0,1,2,0,0
"2441",1,0,4,2,0
"2442",0,0,0,0,9
"2443",1,5,0,0,0
"2444",0,0,4,0,0
"2445",0,0,0,2,3
"2446",0,0,4,3,0
"2447",0,0,1,0,5
"2448",0,2,0,1,0
"2449",0,0,1,0,4
"2450",0,1,0,0,5
"2451",2,0,0,0,0
"2452",0,3,0,0,0
"2453",1,0,2,0,1
"2454",0,8,0,0,2
"2455",0,2,0,1,2
"2456",1,2,0,0,0
"2457",0,0,1,0,2
"2458",0,0,0,0,3
"2459",1,1,0,0,0
"2460",0,1,0,0,0
"2461",0,2,0,0,1
"2462",0,4,2,0,0
"2463",0,1,0,0,0
"2464",1,2,1,0,0
"2465",0,0,6,3,1
"2466",0,1,0,0,6
"2467",0,1,3,1,0
"2468",0,6,0,0,0
"2469",1,2,2,0,0
"2470",0,0,0,0,6
"2471",0,1,2,1,2
"2472",0,0,1,0,6
"2473",1,0,2,0,0
"2474",0,0,2,0,4
"2475",0,0,0,0,11
"2476",0,1,0,0,4
"2477",1,3,0,0,0
"2478",1,0,8,0,1
"2479",0,0,0,0,6
"2480",1,2,0,0,0
"2481",0,4,1,0,0
"2482",0,1,0,0,4
"2483",0,6,1,0,0
"2484",0,2,0,1,0
"2485",0,2,2,1,3
"2486",0,0,0,0,7
"2487",0,0,0,1,3
"2488",0,0,0,0,0
"2489",0,0,1,0,4
"2490",0,2,0,2,0
"2491",0,0,0,2,9
"2492",0,0,0,0,7
"2493",0,0,0,0,3
"2494",1,6,0,3,0
"2495",0,0,0,0,8
"2496",0,0,0,0,8
"2497",1,0,5,1,0
"2498",0,2,0,0,0
"2499",0,3,0,0,0
"2500",0,1,3,0,0
"2501",0,0,0,7,0
"2502",0,0,0,0,7
"2503",1,2,2,0,0
"2504",0,4,0,1,1
"2505",0,0,6,0,0
"2506",0,0,0,0,7
"2507",0,0,6,1,0
"2508",0,6,1,0,1
"2509",0,0,5,0,0
"2510",0,0,4,0,4
"2511",0,6,1,0,0
"2512",1,0,5,0,0
"2513",0,5,0,0,0
"2514",0,0,5,0,0
"2515",0,6,0,0,0
"2516",0,1,0,1,0
"2517",0,0,0,0,5
"2518",0,0,0,0,5
"2519",0,1,1,0,0
"2520",0,0,1,0,5
"2521",0,0,0,0,3
"2522",1,1,2,0,3
"2523",0,0,0,0,6
"2524",0,0,0,1,3
"2525",0,1,0,0,0
"2526",0,0,0,0,6
"2527",0,0,2,0,1
"2528",0,2,0,0,0
"2529",0,0,2,0,2
"2530",1,6,0,0,0
"2531",0,0,3,0,1
"2532",0,1,3,1,0
"2533",0,0,4,0,2
"2534",0,1,0,0,1
"2535",0,2,0,0,0
"2536",0,1,0,0,4
"2537",0,2,0,0,0
"2538",1,4,0,0,0
"2539",0,3,0,0,0
"2540",0,0,1,1,6
"2541",0,0,0,1,8
"2542",0,5,1,0,0
"2543",0,2,0,0,3
"2544",0,4,1,0,1
"2545",0,0,3,1,0
"2546",0,0,0,1,4
"2547",0,2,0,0,0
"2548",0,1,0,1,6
"2549",0,0,1,1,2
"2550",0,0,0,0,2
"2551",0,0,1,0,7
"2552",0,3,0,1,0
"2553",2,2,0,1,0
"2554",1,0,0,1,0
"2555",0,0,0,1,7
"2556",0,0,0,0,7
"2557",1,1,0,0,0
"2558",0,2,1,0,0
"2559",1,0,2,0,0
"2560",0,0,1,0,2
"2561",0,3,0,0,0
"2562",2,0,1,0,0
"2563",0,2,0,1,0
"2564",0,3,0,0,0
"2565",0,0,0,2,3
"2566",0,1,2,0,1
"2567",0,0,3,1,0
"2568",0,0,1,0,4
"2569",0,5,0,1,1
"2570",0,0,1,0,3
"2571",0,2,5,0,0
"2572",0,0,0,0,6
"2573",0,0,2,3,0
"2574",0,1,3,0,2
"2575",1,3,1,1,0
"2576",0,7,1,0,0
"2577",0,0,1,0,2
"2578",0,0,1,0,6
"2579",0,2,0,1,0
"2580",0,0,0,0,0
"2581",0,2,2,0,1
"2582",0,2,2,0,0
"2583",0,3,0,2,0
"2584",0,2,0,0,0
"2585",0,0,0,0,3
"2586",0,0,5,0,0
"2587",0,0,0,0,0
"2588",0,1,0,1,6
"2589",0,2,1,0,0
"2590",0,0,4,0,0
"2591",0,2,0,0,0
"2592",0,1,2,0,0
"2593",0,0,0,0,1
"2594",0,0,0,0,6
"2595",0,0,3,0,0
"2596",0,2,2,0,0
"2597",0,0,0,0,4
"2598",0,0,0,0,0
"2599",0,0,1,0,7
"2600",0,5,0,0,0
"2601",0,5,0,0,0
"2602",0,4,0,0,0
"2603",0,0,1,0,6
"2604",0,1,0,3,2
"2605",0,1,3,1,0
"2606",0,0,0,0,2
"2607",2,2,0,0,0
"2608",1,2,0,0,0
"2609",0,0,0,4,0
"2610",0,0,0,1,4
"2611",1,3,0,0,0
"2612",0,0,10,0,0
"2613",0,1,4,0,0
"2614",0,0,4,1,1
"2615",0,0,0,0,5
"2616",0,6,0,0,1
"2617",0,2,6,0,0
"2618",0,0,0,0,2
"2619",0,0,1,1,4
"2620",0,0,0,0,0
"2621",0,0,0,1,5
"2622",0,3,2,0,0
"2623",0,1,0,0,2
"2624",0,0,0,0,5
"2625",0,3,0,1,0
"2626",0,1,6,0,0
"2627",0,2,0,0,0
"2628",0,2,0,0,1
"2629",0,0,0,0,7
"2630",0,3,0,1,0
"2631",0,3,0,0,1
"2632",0,0,3,1,0
"2633",0,3,0,0,0
"2634",0,0,0,0,6
"2635",0,0,1,1,6
"2636",0,2,2,1,2
"2637",0,1,0,0,7
"2638",0,1,0,0,2
"2639",0,2,1,0,0
"2640",0,0,0,0,5
"2641",0,5,0,0,0
"2642",0,1,1,5,0
"2643",0,1,0,0,0
"2644",0,0,1,0,6
"2645",1,0,0,0,4
"2646",0,4,0,0,2
"2647",0,3,1,1,0
"2648",0,2,0,0,0
"2649",0,0,1,2,0
"2650",0,1,0,0,8
"2651",3,0,0,0,0
"2652",0,0,0,0,7
"2653",0,5,0,0,2
"2654",1,0,0,0,0
"2655",0,0,0,1,9
"2656",3,0,0,0,0
"2657",0,3,0,1,2
"2658",0,2,0,0,0
"2659",0,0,0,0,5
"2660",0,1,0,0,0
"2661",1,3,0,0,0
"2662",0,0,2,4,3
"2663",0,0,0,4,4
"2664",0,1,0,2,0
"2665",0,0,4,1,0
"2666",0,0,6,0,0
"2667",0,1,0,1,0
"2668",0,0,3,2,3
"2669",0,0,1,0,1
"2670",0,0,0,0,5
"2671",0,1,0,0,0
"2672",0,0,0,0,0
"2673",0,0,1,0,6
"2674",2,0,0,0,0
"2675",0,0,0,0,4
"2676",0,1,1,0,0
"2677",0,0,1,0,7
"2678",0,5,0,0,1
"2679",1,0,0,4,1
"2680",0,0,4,0,2
"2681",0,1,0,0,0
"2682",0,0,1,0,8
"2683",0,0,1,0,3
"2684",0,0,1,3,0
"2685",0,0,2,0,2
"2686",0,4,0,0,0
"2687",0,0,0,0,6
"2688",0,1,0,0,0
"2689",0,5,0,4,0
"2690",0,3,0,0,0
"2691",0,3,0,0,0
"2692",0,0,6,0,0
"2693",0,4,0,0,1
"2694",0,3,0,0,0
"2695",0,0,0,0,2
"2696",0,0,0,5,3
"2697",0,0,1,0,3
"2698",0,0,0,0,4
"2699",0,0,6,0,1
"2700",0,0,1,0,5
"2701",0,0,1,3,6
"2702",0,1,0,0,0
"2703",0,0,2,0,4
"2704",0,0,0,1,6
"2705",0,0,1,2,0
"2706",0,3,0,1,0
"2707",0,1,0,0,7
"2708",0,8,0,0,0
"2709",0,0,0,0,6
"2710",0,0,0,0,5
"2711",0,3,0,0,0
"2712",1,0,0,1,2
"2713",0,1,0,5,4
"2714",0,1,0,1,7
"2715",2,0,0,0,0
"2716",0,1,0,1,2
"2717",0,3,0,0,0
"2718",0,4,0,0,0
"2719",0,0,3,3,0
"2720",0,1,0,0,7
"2721",0,0,6,0,0
"2722",0,1,2,0,0
"2723",1,0,0,0,0
"2724",0,0,0,0,7
"2725",0,0,0,0,3
"2726",0,4,0,0,0
"2727",0,0,1,0,7
"2728",0,1,5,0,0
"2729",0,6,0,0,0
"2730",0,0,1,2,3
"2731",2,1,1,0,1
"2732",0,0,1,0,6
"2733",1,0,0,0,0
"2734",1,0,0,1,3
"2735",0,0,3,0,0
"2736",2,1,0,0,0
"2737",0,2,0,0,0
"2738",3,0,0,0,3
"2739",0,5,0,0,0
"2740",0,0,0,0,6
"2741",1,0,2,0,3
"2742",0,0,3,0,0
"2743",0,0,4,1,0
"2744",0,0,5,1,0
"2745",0,0,0,1,4
"2746",0,0,1,3,5
"2747",0,0,1,2,4
"2748",0,4,0,0,0
"2749",0,0,0,0,2
"2750",0,0,0,4,3
"2751",0,0,0,0,4
"2752",0,0,0,0,0
"2753",0,0,5,0,0
"2754",0,0,0,1,6
"2755",0,1,5,0,0
"2756",0,0,0,0,5
"2757",0,3,3,0,1
"2758",0,3,0,0,0
"2759",0,0,0,1,1
"2760",0,4,1,0,1
"2761",0,1,3,0,0
"2762",0,0,0,0,0
"2763",2,2,0,0,0
"2764",0,0,1,1,0
"2765",0,0,0,2,3
"2766",0,4,0,0,0
"2767",1,2,0,0,0
"2768",0,0,1,1,4
"2769",0,0,2,5,4
"2770",0,1,0,0,6
"2771",0,1,6,2,0
"2772",0,5,0,0,0
"2773",0,3,4,0,0
"2774",0,0,3,1,0
"2775",0,0,0,1,4
"2776",0,5,0,0,0
"2777",1,1,5,0,0
"2778",0,3,0,0,0
"2779",0,2,0,0,0
"2780",0,3,0,0,0
"2781",0,2,0,0,0
"2782",0,5,0,1,0
"2783",0,0,4,3,0
"2784",0,2,0,0,0
"2785",0,2,0,2,0
"2786",4,1,0,1,1
"2787",0,2,0,0,0
"2788",0,0,0,0,8
"2789",0,0,1,0,5
"2790",0,5,0,0,0
"2791",0,1,1,0,0
"2792",0,1,3,0,0
"2793",0,0,0,0,6
"2794",0,0,0,0,10
"2795",0,0,3,0,1
"2796",0,1,0,0,3
"2797",0,4,0,0,1
"2798",0,0,5,0,0
"2799",0,0,0,0,10
"2800",1,0,2,0,0
"2801",0,0,0,0,4
"2802",0,0,3,0,0
"2803",0,0,6,0,0
"2804",1,3,1,0,0
"2805",0,0,3,0,0
"2806",0,3,0,0,0
"2807",0,3,2,0,0
"2808",0,2,0,0,0
"2809",0,2,1,0,0
"2810",0,1,0,1,0
"2811",2,2,0,0,0
"2812",1,1,2,1,1
"2813",0,4,1,0,0
"2814",0,2,3,0,0
"2815",1,1,0,0,0
"2816",0,7,1,0,2
"2817",3,3,0,0,0
"2818",0,0,1,1,5
"2819",0,0,0,4,3
"2820",0,0,1,0,5
"2821",0,0,4,0,0
"2822",0,0,5,0,0
"2823",0,0,0,0,6
"2824",0,2,1,0,0
"2825",0,7,0,0,0
"2826",0,0,1,0,4
"2827",0,0,0,0,7
"2828",0,1,1,0,0
"2829",1,0,4,0,0
"2830",0,0,3,1,1
"2831",0,0,1,0,7
"2832",0,3,0,0,0
"2833",0,3,0,0,0
"2834",0,0,0,0,1
"2835",0,4,0,1,0
"2836",0,5,0,0,0
"2837",0,0,5,1,0
"2838",1,0,2,0,0
"2839",0,0,0,0,3
"2840",0,0,0,0,4
"2841",0,2,0,0,0
"2842",0,0,0,0,3
"2843",1,0,0,0,7
"2844",0,1,1,1,1
"2845",0,2,1,0,0
"2846",1,0,1,0,0
"2847",0,0,0,0,7
"2848",0,0,1,0,3
"2849",0,0,1,1,0
"2850",0,0,0,0,0
"2851",0,5,2,0,0
"2852",0,4,0,0,0
"2853",0,4,0,1,0
"2854",0,3,0,0,3
"2855",0,4,0,0,0
"2856",0,2,0,1,0
"2857",0,0,0,0,6
"2858",0,1,0,0,0
"2859",0,0,0,0,9
"2860",0,3,0,1,0
"2861",0,1,0,0,6
"2862",0,3,1,0,0
"2863",0,6,2,0,0
"2864",0,2,0,0,3
"2865",0,0,1,1,4
"2866",0,1,1,0,0
"2867",0,0,1,0,4
"2868",0,0,3,0,0
"2869",0,0,5,1,2
"2870",0,0,1,0,0
"2871",0,0,4,1,0
"2872",3,0,1,0,0
"2873",0,1,0,0,4
"2874",0,3,0,0,1
"2875",0,0,0,0,5
"2876",0,4,0,0,0
"2877",0,0,0,0,8
"2878",0,2,0,0,0
"2879",1,6,0,2,0
"2880",0,1,0,0,0
"2881",2,0,0,0,0
"2882",0,2,6,1,0
"2883",0,0,1,0,6
"2884",3,0,0,0,0
"2885",0,0,0,0,0
"2886",0,0,0,0,2
"2887",0,0,0,0,0
"2888",0,2,0,0,2
"2889",0,0,1,2,3
"2890",0,0,1,1,0
"2891",0,0,0,0,6
"2892",0,0,3,0,0
"2893",0,1,1,0,0
"2894",1,0,0,1,5
"2895",0,2,1,2,2
"2896",0,0,0,0,5
"2897",0,1,2,0,0
"2898",0,0,1,0,5
"2899",1,0,3,3,0
"2900",1,0,3,4,0
"2901",2,0,0,0,1
"2902",0,7,1,0,0
"2903",0,3,1,0,0
"2904",0,1,1,0,0
"2905",0,4,1,1,2
"2906",0,3,0,0,3
"2907",0,0,0,0,2
"2908",0,0,0,0,5
"2909",0,0,0,1,5
"2910",0,0,0,0,6
"2911",0,3,0,0,1
"2912",1,1,0,2,0
"2913",0,0,3,0,1
"2914",0,6,0,0,0
"2915",0,5,1,0,0
"2916",0,0,0,0,2
"2917",0,3,1,1,0
"2918",0,0,2,1,0
"2919",0,7,0,0,0
"2920",1,1,0,0,0
"2921",0,0,0,1,2
"2922",0,3,0,1,0
"2923",0,0,0,0,5
"2924",2,0,0,0,1
"2925",1,0,3,0,0
"2926",0,0,0,0,8
"2927",0,1,0,7,1
"2928",1,2,2,0,0
"2929",0,0,0,0,5
"2930",0,1,0,1,8
"2931",0,6,0,0,0
"2932",0,0,1,2,0
"2933",1,3,0,0,0
"2934",0,1,1,0,0
"2935",0,0,0,0,4
"2936",2,0,0,1,0
"2937",0,2,1,0,1
"2938",0,0,4,0,0
"2939",0,6,1,0,0
"2940",0,1,0,0,5
"2941",0,2,0,7,0
"2942",0,0,5,1,2
"2943",0,3,0,2,2
"2944",3,0,0,0,0
"2945",0,2,1,1,3
"2946",0,2,0,0,3
"2947",0,0,6,0,2
"2948",1,1,0,0,0
"2949",0,1,0,0,6
"2950",1,0,2,2,2
"2951",0,0,5,1,2
"2952",1,1,0,2,0
"2953",1,0,0,0,0
"2954",0,0,4,1,0
"2955",0,0,0,2,8
"2956",0,1,7,0,0
"2957",0,1,4,1,0
"2958",0,0,1,0,0
"2959",1,0,4,0,0
"2960",0,0,0,6,2
"2961",0,4,0,0,0
"2962",0,0,0,2,10
"2963",0,1,3,1,0
"2964",4,1,0,0,1
"2965",2,0,0,0,0
"2966",0,1,0,0,0
"2967",3,0,0,1,0
"2968",0,0,0,0,6
"2969",0,1,0,0,0
"2970",0,0,0,1,4
"2971",0,0,3,0,0
"2972",0,1,1,1,1
"2973",0,2,1,1,0
"2974",2,2,0,2,0
"2975",0,0,0,1,0
"2976",6,0,0,0,0
"2977",1,3,0,0,0
"2978",0,0,1,0,7
"2979",0,4,0,0,2
"2980",3,0,1,0,0
"2981",0,0,1,0,0
"2982",0,1,0,1,2
"2983",0,4,0,0,0
"2984",0,0,5,0,0
"2985",0,0,2,1,1
"2986",0,0,0,0,5
"2987",0,3,2,0,0
"2988",0,6,0,1,0
"2989",0,0,3,0,1
"2990",2,0,0,0,0
"2991",0,3,1,1,0
"2992",1,0,0,0,1
"2993",0,4,0,0,0
"2994",0,0,0,2,6
"2995",0,0,1,2,5
"2996",0,4,0,0,1
"2997",0,0,0,1,7
"2998",0,0,5,1,0
"2999",0,4,0,0,0
"3000",0,0,6,2,0
"3001",0,0,1,0,0
"3002",0,0,0,0,0
"3003",0,0,0,1,7
"3004",0,0,1,0,5
"3005",1,0,0,1,6
"3006",0,0,5,0,1
"3007",1,1,0,0,0
"3008",2,0,0,0,1
"3009",0,2,0,1,0
"3010",0,0,0,0,6
"3011",0,1,0,0,1
"3012",0,1,0,0,6
"3013",0,0,0,0,0
"3014",0,1,1,2,0
"3015",0,0,4,2,2
"3016",1,1,0,0,5
"3017",0,2,0,0,0
"3018",0,3,0,0,0
"3019",0,0,4,0,2
"3020",0,0,6,0,0
"3021",0,0,0,0,8
"3022",0,0,0,1,9
"3023",0,0,0,0,8
"3024",1,3,0,0,1
"3025",0,4,0,0,0
"3026",0,3,0,0,0
"3027",0,0,0,0,6
"3028",1,0,5,0,1
"3029",0,0,1,0,6
"3030",0,2,0,0,0
"3031",2,0,1,0,0
"3032",0,2,0,1,4
"3033",1,0,1,5,1
"3034",0,0,5,0,0
"3035",0,4,2,0,0
"3036",0,3,0,0,0
"3037",0,0,1,0,3
"3038",1,2,0,0,0
"3039",0,0,0,0,0
"3040",0,1,0,0,0
"3041",0,0,3,1,0
"3042",0,4,0,0,0
"3043",0,0,1,0,5
"3044",1,1,0,0,0
"3045",0,0,6,0,0
"3046",0,0,0,0,4
"3047",0,0,2,0,0
"3048",0,0,1,0,0
"3049",0,1,0,0,0
"3050",0,4,1,0,0
"3051",0,1,3,0,0
"3052",0,0,0,1,3
"3053",1,5,0,0,0
"3054",0,0,0,0,5
"3055",0,0,0,0,7
"3056",0,0,1,0,6
"3057",0,1,0,0,0
"3058",0,0,0,0,7
"3059",0,9,0,0,0
"3060",0,0,4,0,2
"3061",0,0,0,1,6
"3062",0,0,0,0,0
"3063",1,2,0,0,0
"3064",0,7,0,2,0
"3065",0,0,1,0,3
"3066",0,0,3,0,0
"3067",0,5,1,0,0
"3068",0,0,0,0,7
"3069",0,0,2,2,4
"3070",0,1,1,0,2
"3071",0,0,0,0,4
"3072",3,0,0,0,0
"3073",0,4,0,2,0
"3074",0,3,0,0,0
"3075",0,0,1,0,3
"3076",0,1,3,2,0
"3077",0,0,1,0,0
"3078",1,6,0,1,1
"3079",3,1,2,0,0
"3080",0,0,1,0,5
"3081",1,0,1,0,0
"3082",0,0,0,0,6
"3083",0,0,0,0,8
"3084",0,1,1,0,0
"3085",0,0,1,1,4
"3086",0,0,4,3,0
"3087",0,2,1,0,0
"3088",0,5,0,0,0
"3089",0,0,0,1,7
"3090",1,2,0,2,0
"3091",0,0,0,0,7
"3092",0,0,0,0,5
"3093",0,0,0,0,7
"3094",0,2,1,0,0
"3095",0,4,1,0,0
"3096",0,0,2,2,2
"3097",2,4,0,0,0
"3098",0,2,2,0,0
"3099",2,1,1,0,0
"3100",0,4,2,0,0
"3101",0,0,0,1,4
"3102",0,4,0,0,0
"3103",1,0,0,0,6
"3104",0,2,0,0,0
"3105",0,0,4,0,1
"3106",0,0,0,1,0
"3107",0,0,0,0,4
"3108",0,0,0,0,5
"3109",0,0,1,0,0
"3110",0,1,0,0,0
"3111",0,2,0,0,0
"3112",0,0,2,2,7
"3113",0,0,0,1,5
"3114",0,4,0,0,1
"3115",0,1,0,0,5
"3116",0,2,0,1,0
"3117",0,1,4,4,3
"3118",0,0,0,0,7
"3119",0,0,0,0,7
"3120",0,1,0,1,0
"3121",2,0,0,0,0
"3122",0,4,0,0,0
"3123",0,1,1,1,3
"3124",0,0,1,0,8
"3125",0,0,1,0,6
"3126",0,0,2,0,0
"3127",0,1,1,0,0
"3128",0,4,0,0,0
"3129",0,0,0,1,4
"3130",0,3,1,1,0
"3131",0,0,0,1,0
"3132",0,6,2,0,0
"3133",0,0,3,6,0
"3134",0,5,0,0,0
"3135",0,1,0,2,0
"3136",0,1,1,3,2
"3137",0,4,0,0,0
"3138",0,1,1,0,1
"3139",0,5,3,2,0
"3140",0,0,1,0,0
"3141",0,0,0,0,6
"3142",0,2,0,0,0
"3143",0,0,0,1,8
"3144",0,0,1,0,4
"3145",0,0,4,0,0
"3146",0,0,2,0,1
"3147",0,0,5,0,1
"3148",0,0,3,1,0
"3149",0,1,0,0,0
"3150",0,2,1,2,0
"3151",0,0,0,0,7
"3152",0,1,0,0,4
"3153",0,4,0,0,0
"3154",0,2,0,0,0
"3155",0,2,0,0,0
"3156",1,0,5,1,2
"3157",1,0,3,0,0
"3158",0,0,2,0,3
"3159",0,0,0,2,4
"3160",0,3,0,0,0
"3161",0,1,0,8,1
"3162",0,2,0,1,0
"3163",1,1,0,1,0
"3164",0,0,6,0,0
"3165",0,0,2,0,5
"3166",0,0,5,2,2
"3167",0,4,1,2,0
"3168",0,0,1,1,7
"3169",0,0,1,0,3
"3170",0,0,1,0,8
"3171",0,0,0,1,2
"3172",0,6,1,0,1
"3173",0,0,0,0,6
"3174",0,3,0,0,1
"3175",0,0,4,0,0
"3176",1,3,2,0,2
"3177",0,1,0,0,6
"3178",0,1,0,0,1
"3179",0,4,0,2,0
"3180",0,2,0,0,4
"3181",0,2,1,0,0
"3182",0,2,1,1,0
"3183",0,2,0,4,0
"3184",0,1,0,1,0
"3185",0,0,0,0,2
"3186",2,1,0,0,0
"3187",0,0,1,0,1
"3188",0,3,1,0,0
"3189",0,2,0,0,0
"3190",0,1,1,0,3
"3191",0,0,0,0,7
"3192",1,0,2,0,0
"3193",0,0,0,0,5
"3194",0,0,1,0,7
"3195",0,0,0,0,2
"3196",0,1,0,0,7
"3197",0,8,1,0,0
"3198",0,0,0,1,4
"3199",0,1,1,0,0
"3200",0,0,2,0,1
"3201",0,0,5,0,0
"3202",0,2,0,0,1
"3203",0,0,0,0,8
"3204",0,0,1,0,0
"3205",0,1,1,0,0
"3206",0,1,3,2,0
"3207",0,0,1,0,1
"3208",1,1,0,0,0
"3209",0,0,2,6,1
"3210",0,2,1,0,0
"3211",1,5,0,0,0
"3212",0,3,0,0,0
"3213",1,4,1,0,0
"3214",0,1,2,1,2
"3215",0,2,1,0,0
"3216",0,2,0,0,0
"3217",0,3,1,0,0
"3218",0,4,0,0,0
"3219",0,1,0,0,3
"3220",0,0,3,1,1
"3221",0,7,0,0,0
"3222",0,0,0,0,6
"3223",0,7,0,0,0
"3224",1,2,0,0,0
"3225",0,2,0,0,0
"3226",0,0,0,2,4
"3227",0,2,0,0,0
"3228",0,0,0,1,7
"3229",0,0,2,1,0
"3230",0,0,1,0,0
"3231",0,0,7,0,0
"3232",0,2,0,0,0
"3233",0,1,0,1,6
"3234",0,0,4,0,2
"3235",0,0,3,1,0
"3236",0,0,0,1,8
"3237",0,2,0,0,0
"3238",0,0,0,0,4
"3239",0,0,1,1,3
"3240",0,6,0,0,0
"3241",0,5,0,0,0
"3242",0,0,1,0,4
"3243",0,0,0,1,6
"3244",0,6,1,0,2
"3245",0,0,0,2,0
"3246",1,0,0,0,3
"3247",0,0,4,3,5
"3248",0,6,1,0,2
"3249",0,1,1,0,0
"3250",0,3,3,0,0
"3251",0,3,1,0,1
"3252",0,0,5,0,0
"3253",0,2,2,0,0
"3254",0,0,0,1,2
"3255",0,0,1,0,6
"3256",0,3,0,0,2
"3257",0,0,2,0,5
"3258",0,1,0,0,0
"3259",0,0,0,0,5
"3260",0,4,0,0,1
"3261",0,2,0,0,0
"3262",1,0,2,2,0
"3263",0,1,0,0,6
"3264",0,3,1,0,0
"3265",0,0,0,4,1
"3266",0,5,0,0,0
"3267",0,6,0,0,0
"3268",1,0,0,0,4
"3269",0,0,0,0,3
"3270",0,7,0,0,0
"3271",0,0,0,2,6
"3272",0,2,0,0,0
"3273",0,0,1,1,8
"3274",0,0,2,0,1
"3275",0,4,0,0,0
"3276",0,2,1,0,2
"3277",0,0,4,0,2
"3278",0,2,0,0,0
"3279",0,2,0,1,3
"3280",0,0,1,0,5
"3281",0,1,0,0,8
"3282",0,0,1,0,6
"3283",0,0,1,0,2
"3284",0,3,0,1,0
"3285",0,0,2,0,0
"3286",0,3,1,0,0
"3287",0,3,1,2,0
"3288",0,0,0,2,0
"3289",0,2,0,0,2
"3290",0,3,0,0,0
"3291",0,0,3,0,0
"3292",0,0,0,6,1
"3293",0,1,5,0,1
"3294",0,0,0,1,4
"3295",0,0,1,0,0
"3296",0,0,0,0,3
"3297",1,0,1,0,0
"3298",0,0,1,5,4
"3299",0,1,4,3,0
"3300",0,0,0,0,8
"3301",1,2,0,0,0
"3302",0,1,0,0,3
"3303",0,6,0,0,0
"3304",0,0,0,0,5
"3305",0,1,0,0,0
"3306",0,1,3,2,1
"3307",0,0,2,0,0
"3308",0,0,3,1,0
"3309",0,2,0,0,1
"3310",0,2,0,2,3
"3311",0,1,0,0,0
"3312",0,4,0,0,0
"3313",0,0,0,2,3
"3314",1,0,0,0,0
"3315",0,2,4,0,0
"3316",2,1,5,0,0
"3317",0,1,0,0,1
"3318",0,0,0,0,7
"3319",0,3,4,1,0
"3320",0,0,4,0,0
"3321",0,1,0,0,1
"3322",0,3,0,0,0
"3323",0,0,0,0,7
"3324",0,2,0,2,0
"3325",0,1,0,0,2
"3326",0,0,1,0,4
"3327",0,0,0,0,3
"3328",0,1,0,0,0
"3329",0,2,0,1,0
"3330",0,0,1,0,7
"3331",0,0,2,0,7
"3332",0,4,0,0,0
"3333",0,1,0,0,0
"3334",0,2,0,0,1
"3335",0,0,0,0,7
"3336",0,1,0,0,7
"3337",0,6,0,1,1
"3338",0,0,0,0,0
"3339",0,0,1,0,4
"3340",3,0,3,0,0
"3341",0,0,4,0,0
"3342",0,1,4,1,0
"3343",0,1,5,1,2
"3344",0,4,0,2,0
"3345",0,0,0,0,4
"3346",2,0,0,1,0
"3347",0,0,0,1,0
"3348",0,2,0,1,0
"3349",0,0,3,0,0
"3350",0,0,6,3,0
"3351",0,3,0,0,0
"3352",0,3,1,0,1
"3353",0,0,1,4,5
"3354",0,5,0,0,0
"3355",1,2,1,0,0
"3356",0,0,3,0,0
"3357",0,2,0,0,2
"3358",0,2,4,0,4
"3359",0,2,4,0,0
"3360",2,0,0,0,0
"3361",0,1,0,1,0
"3362",0,0,3,0,0
"3363",0,8,0,0,0
"3364",0,0,2,0,0
"3365",0,0,0,0,3
"3366",0,4,2,0,0
"3367",0,0,0,0,7
"3368",0,0,2,3,3
"3369",0,0,2,0,0
"3370",0,0,5,0,0
"3371",0,0,1,0,1
"3372",0,0,0,0,7
"3373",1,2,0,0,0
"3374",0,2,0,2,0
"3375",0,3,0,0,0
"3376",0,0,0,2,8
"3377",0,0,0,0,7
"3378",0,0,4,0,0
"3379",0,8,0,0,0
"3380",0,2,4,2,0
"3381",0,0,0,3,2
"3382",0,0,1,0,5
"3383",0,0,1,0,6
"3384",0,0,1,0,2
"3385",0,0,1,0,5
"3386",0,3,0,1,0
"3387",1,0,3,0,0
"3388",1,0,0,0,0
"3389",0,5,0,0,2
"3390",0,0,0,1,2
"3391",0,1,4,0,1
"3392",0,0,0,0,8
"3393",0,0,1,0,7
"3394",1,2,0,0,1
"3395",0,0,0,0,6
"3396",0,0,4,0,0
"3397",2,1,2,0,0
"3398",1,1,0,0,0
"3399",0,2,0,0,0
"3400",0,0,0,0,0
"3401",1,0,0,0,0
"3402",0,0,8,1,0
"3403",0,0,0,0,2
"3404",0,0,0,1,9
"3405",1,0,0,0,0
"3406",0,2,0,0,0
"3407",0,1,0,0,4
"3408",0,0,0,3,6
"3409",1,0,1,0,0
"3410",0,3,0,2,0
"3411",0,0,2,0,0
"3412",0,0,1,0,5
"3413",1,0,0,1,5
"3414",0,0,0,0,5
"3415",0,1,0,0,0
"3416",0,0,2,0,0
"3417",0,0,0,0,5
"3418",0,2,0,0,0
"3419",0,0,3,0,0
"3420",0,0,0,1,5
"3421",1,1,3,0,0
"3422",0,3,1,0,0
"3423",0,0,0,1,3
"3424",0,0,1,0,2
"3425",0,2,3,1,0
"3426",0,0,1,0,1
"3427",0,0,0,0,7
"3428",0,3,0,0,0
"3429",0,0,1,1,6
"3430",0,3,0,0,0
"3431",0,0,0,0,5
"3432",2,0,1,0,0
"3433",0,0,0,1,4
"3434",0,1,0,0,6
"3435",0,0,0,0,2
"3436",0,1,0,1,7
"3437",0,2,0,2,0
"3438",0,0,0,0,8
"3439",6,1,0,0,0
"3440",0,2,0,1,0
"3441",0,0,0,0,1
"3442",1,0,4,3,0
"3443",0,0,6,0,0
"3444",0,0,0,2,0
"3445",1,1,0,0,1
"3446",0,1,5,0,0
"3447",0,2,0,0,0
"3448",0,1,3,0,1
"3449",0,0,3,0,0
"3450",0,0,1,0,0
"3451",1,0,0,0,6
"3452",0,4,0,0,0
"3453",0,1,0,0,6
"3454",0,0,0,1,5
"3455",0,1,0,1,0
"3456",0,0,0,1,4
"3457",0,2,0,0,0
"3458",0,0,0,0,0
"3459",1,0,0,0,8
"3460",0,1,5,0,0
"3461",0,1,2,0,0
"3462",2,0,0,0,0
"3463",0,0,0,0,4
"3464",0,0,0,1,6
"3465",0,5,0,0,0
"3466",0,0,2,0,0
"3467",0,4,0,0,1
"3468",0,5,0,0,0
"3469",0,0,6,0,0
"3470",0,2,0,1,0
"3471",0,0,0,0,7
"3472",1,0,2,0,0
"3473",0,2,0,0,0
"3474",2,0,0,0,0
"3475",0,0,3,0,0
"3476",0,5,0,1,0
"3477",0,4,0,1,0
"3478",0,2,0,0,0
"3479",0,5,1,0,0
"3480",0,0,0,1,7
"3481",0,1,1,0,1
"3482",0,5,0,0,1
"3483",0,0,0,0,6
"3484",1,4,0,0,0
"3485",0,1,1,0,4
"3486",0,0,1,0,6
"3487",0,0,1,0,5
"3488",0,7,1,0,0
"3489",0,0,1,4,1
"3490",0,0,2,0,2
"3491",3,0,0,0,0
"3492",0,2,2,4,1
"3493",0,0,0,0,0
"3494",0,0,6,0,3
"3495",0,0,3,0,0
"3496",1,0,0,0,7
"3497",0,0,0,1,6
"3498",0,0,0,0,4
"3499",0,3,0,0,0
"3500",0,0,1,0,6
"3501",0,0,3,2,2
"3502",2,3,1,0,0
"3503",0,4,0,0,1
"3504",0,1,0,2,6
"3505",0,0,5,0,0
"3506",0,2,0,0,0
"3507",0,1,0,0,2
"3508",0,0,0,0,6
"3509",0,0,2,1,0
"3510",0,0,1,0,1
"3511",0,2,0,0,1
"3512",0,3,0,1,0
"3513",0,0,0,0,10
"3514",0,0,0,0,1
"3515",0,3,0,0,0
"3516",0,2,0,0,1
"3517",0,3,5,0,0
"3518",0,0,2,1,0
"3519",0,0,0,1,8
"3520",0,3,0,0,0
"3521",1,2,0,0,0
"3522",0,3,0,1,0
"3523",0,1,0,0,1
"3524",0,2,0,0,0
"3525",0,3,1,0,0
"3526",0,0,2,3,1
"3527",0,0,0,0,5
"3528",0,3,0,2,1
"3529",0,0,0,0,5
"3530",2,1,0,0,0
"3531",1,4,1,0,0
"3532",0,1,1,0,0
"3533",3,1,0,0,0
"3534",0,0,0,0,8
"3535",0,2,0,0,2
"3536",1,0,0,0,2
"3537",0,0,2,1,0
"3538",0,7,0,0,0
"3539",0,1,0,2,5
"3540",0,3,0,0,1
"3541",1,3,0,0,0
"3542",2,0,1,0,0
"3543",1,0,0,0,7
"3544",0,1,1,0,0
"3545",0,0,3,0,0
"3546",0,1,0,1,0
"3547",0,0,0,0,5
"3548",0,0,0,0,5
"3549",0,0,3,3,0
"3550",0,3,0,0,0
"3551",0,0,2,4,5
"3552",0,2,0,0,0
"3553",1,0,0,0,5
"3554",0,1,3,0,0
"3555",0,2,1,1,0
"3556",0,1,2,1,0
"3557",0,0,1,0,5
"3558",0,5,1,0,0
"3559",0,3,1,1,0
"3560",0,1,0,0,0
"3561",2,1,0,0,0
"3562",0,1,0,1,4
"3563",0,0,3,0,1
"3564",0,0,0,0,0
"3565",0,0,0,1,7
"3566",0,8,0,0,0
"3567",0,3,0,0,1
"3568",0,2,1,0,0
"3569",0,0,0,0,4
"3570",0,0,1,0,7
"3571",0,0,1,0,7
"3572",0,0,3,0,0
"3573",0,2,1,1,0
"3574",0,0,0,2,7
"3575",0,0,1,1,4
"3576",0,0,1,3,0
"3577",0,0,1,3,3
"3578",0,1,0,0,4
"3579",0,0,0,2,9
"3580",0,5,1,0,2
"3581",0,0,1,0,5
"3582",0,0,1,0,4
"3583",0,2,0,0,0
"3584",0,0,0,0,7
"3585",2,0,0,0,0
"3586",0,1,0,1,0
"3587",0,1,2,1,0
"3588",0,0,0,0,4
"3589",0,1,0,0,4
"3590",0,2,0,0,1
"3591",0,4,0,0,1
"3592",0,0,5,0,0
"3593",0,0,0,1,5
"3594",0,0,2,0,0
"3595",2,3,0,0,0
"3596",0,6,0,0,0
"3597",1,1,0,1,0
"3598",0,0,5,0,1
"3599",0,2,0,0,0
"3600",0,0,0,0,8
"3601",1,5,0,0,0
"3602",0,0,0,0,0
"3603",0,2,1,0,0
"3604",0,2,0,0,0
"3605",0,1,0,0,3
"3606",0,1,0,0,0
"3607",0,2,0,0,0
"3608",0,1,1,4,2
"3609",0,0,5,0,0
"3610",1,1,4,3,0
"3611",1,0,1,3,0
"3612",0,0,0,0,4
"3613",0,1,1,0,0
"3614",0,0,4,1,0
"3615",0,4,1,0,0
"3616",0,2,0,1,0
"3617",0,2,1,0,1
"3618",0,4,1,0,0
"3619",0,0,6,2,0
"3620",1,3,0,0,0
"3621",0,0,1,0,9
"3622",1,2,0,0,0
"3623",0,0,0,0,9
"3624",0,1,0,0,0
"3625",1,0,0,0,0
"3626",0,1,0,0,2
"3627",0,3,0,0,1
"3628",0,0,1,1,5
"3629",0,0,0,1,3
"3630",1,1,1,2,0
"3631",0,0,0,0,5
"3632",0,0,1,1,7
"3633",0,4,0,2,0
"3634",0,0,0,0,1
"3635",0,0,0,0,5
"3636",0,8,2,0,0
"3637",0,2,0,0,0
"3638",0,2,0,0,0
"3639",0,2,0,0,0
"3640",0,2,0,1,0
"3641",0,4,0,0,0
"3642",1,5,0,0,0
"3643",0,1,0,0,5
"3644",0,0,0,2,6
"3645",0,0,0,0,9
"3646",0,0,0,0,4
"3647",0,0,0,0,1
"3648",0,3,0,0,0
"3649",1,0,0,0,7
"3650",0,6,0,0,0
"3651",0,1,7,0,0
"3652",0,0,0,0,2
"3653",0,2,0,0,0
"3654",0,1,2,0,0
"3655",0,7,0,0,0
"3656",0,4,0,0,0
"3657",0,1,0,0,4
"3658",0,1,4,0,0
"3659",0,1,0,0,2
"3660",0,4,0,0,1
"3661",0,0,0,0,9
"3662",1,0,1,5,0
"3663",0,0,0,0,6
"3664",0,0,0,1,4
"3665",0,0,0,0,4
"3666",1,1,0,0,0
"3667",0,0,0,0,5
"3668",0,3,2,0,0
"3669",0,0,0,0,2
"3670",0,2,0,0,0
"3671",0,0,0,4,7
"3672",0,2,0,0,1
"3673",0,3,0,0,0
"3674",0,2,0,1,0
"3675",0,0,0,0,5
"3676",0,2,5,0,1
"3677",0,0,0,0,4
"3678",0,4,0,1,0
"3679",0,0,1,2,2
"3680",0,4,2,0,0
"3681",0,0,3,0,1
"3682",0,1,0,1,5
"3683",0,3,0,0,1
"3684",0,0,0,0,9
"3685",0,0,0,0,6
"3686",0,0,2,0,4
"3687",0,4,0,0,1
"3688",0,1,1,1,1
"3689",0,0,0,0,4
"3690",0,1,4,0,0
"3691",0,2,0,1,0
"3692",0,6,0,0,0
"3693",2,0,3,0,0
"3694",3,1,0,0,0
"3695",0,1,1,1,0
"3696",0,0,1,0,6
"3697",0,0,0,0,3
"3698",0,0,0,0,2
"3699",0,2,1,1,1
"3700",0,0,0,0,5
"3701",0,0,4,3,0
"3702",0,4,1,1,1
"3703",0,0,0,0,7
"3704",0,0,0,0,7
"3705",2,0,4,2,0
"3706",1,0,0,0,6
"3707",0,0,0,1,0
"3708",0,1,3,0,0
"3709",0,0,0,0,7
"3710",0,0,2,0,0
"3711",0,1,0,0,0
"3712",0,0,0,0,8
"3713",0,0,0,0,0
"3714",0,0,0,0,6
"3715",0,4,0,0,0
"3716",0,2,0,0,0
"3717",0,0,0,0,5
"3718",0,0,1,0,4
"3719",0,6,1,0,0
"3720",0,0,0,1,6
"3721",0,0,0,0,6
"3722",0,0,0,0,8
"3723",0,0,4,0,0
"3724",0,1,0,0,4
"3725",0,2,0,0,0
"3726",0,0,0,0,5
"3727",0,0,0,0,5
"3728",0,6,1,0,0
"3729",0,3,1,2,0
"3730",0,1,2,0,1
"3731",0,0,1,0,6
"3732",0,1,0,0,1
"3733",0,0,0,0,6
"3734",1,0,0,0,6
"3735",0,0,3,0,0
"3736",0,5,1,0,0
"3737",1,0,1,0,2
"3738",0,2,0,0,0
"3739",0,2,0,0,0
"3740",2,1,0,0,0
"3741",1,0,2,3,0
"3742",0,5,0,0,1
"3743",2,0,0,0,0
"3744",0,0,0,0,6
"3745",0,0,0,0,10
"3746",0,0,0,0,4
"3747",0,0,0,0,7
"3748",0,0,3,0,0
"3749",0,0,0,0,7
"3750",0,1,0,2,5
"3751",0,4,0,0,0
"3752",0,6,0,0,0
"3753",0,5,0,0,0
"3754",1,5,0,0,0
"3755",0,3,2,0,0
"3756",0,0,1,0,6
"3757",0,3,0,0,0
"3758",0,0,4,0,0
"3759",0,0,0,2,6
"3760",0,4,2,0,0
"3761",0,0,1,0,2
"3762",0,0,0,0,8
"3763",0,0,0,0,1
"3764",0,3,1,0,0
"3765",0,0,1,6,0
"3766",0,0,2,0,5
"3767",0,0,0,1,9
"3768",0,0,0,0,7
"3769",1,3,0,0,0
"3770",0,1,0,0,0
"3771",0,0,0,0,4
"3772",0,2,0,2,4
"3773",0,1,7,0,0
"3774",0,1,1,0,4
"3775",0,0,0,1,6
"3776",0,0,1,0,7
"3777",0,0,3,2,0
"3778",0,0,1,0,5
"3779",0,0,3,0,0
"3780",0,2,0,0,0
"3781",0,2,1,0,0
"3782",0,2,2,1,2
"3783",0,1,0,0,0
"3784",0,1,1,6,0
"3785",1,6,0,0,0
"3786",0,0,1,1,7
"3787",0,5,1,0,1
"3788",0,4,0,1,0
"3789",0,0,2,1,1
"3790",1,0,0,1,1
"3791",0,1,1,6,0
"3792",0,0,1,0,2
"3793",0,0,0,0,6
"3794",0,0,1,1,0
"3795",0,0,0,1,6
"3796",0,5,0,0,0
"3797",0,0,0,0,7
"3798",0,8,1,0,1
"3799",0,1,0,0,0
"3800",0,3,0,0,0
"3801",0,2,0,0,0
"3802",0,0,0,0,8
"3803",0,0,4,2,0
"3804",0,2,1,1,0
"3805",0,2,2,1,2
"3806",0,5,0,1,0
"3807",0,2,0,0,0
"3808",0,0,0,2,6
"3809",0,0,1,1,5
"3810",0,0,0,0,4
"3811",0,3,0,0,0
"3812",2,3,0,0,0
"3813",0,1,0,0,4
"3814",0,0,0,0,1
"3815",1,0,1,0,5
"3816",0,0,0,3,0
"3817",0,0,1,0,7
"3818",3,0,0,0,3
"3819",0,1,8,0,0
"3820",0,2,0,0,0
"3821",0,1,0,0,3
"3822",0,0,0,0,4
"3823",0,4,0,0,0
"3824",0,0,6,1,0
"3825",0,2,1,0,0
"3826",0,1,0,0,3
"3827",1,2,3,0,0
"3828",0,0,2,0,0
"3829",1,0,1,5,2
"3830",1,3,0,0,0
"3831",2,0,0,0,4
"3832",1,4,0,0,1
"3833",1,2,0,0,0
"3834",0,0,1,3,7
"3835",0,0,1,0,4
"3836",0,3,1,1,0
"3837",0,0,0,0,9
"3838",0,1,0,0,5
"3839",0,0,1,0,0
"3840",0,3,0,0,0
"3841",0,3,1,1,0
"3842",1,4,2,0,0
"3843",0,2,0,0,1
"3844",0,0,0,0,3
"3845",0,0,0,0,5
"3846",0,0,0,2,3
"3847",0,0,3,1,6
"3848",0,3,2,0,0
"3849",0,1,0,1,5
"3850",0,0,0,0,7
"3851",0,1,1,0,0
"3852",0,2,3,3,0
"3853",0,1,0,1,3
"3854",0,1,3,0,0
"3855",0,1,0,0,9
"3856",1,0,0,0,0
"3857",1,0,3,0,0
"3858",0,3,0,4,0
"3859",0,0,0,0,7
"3860",1,2,0,0,1
"3861",0,5,1,0,0
"3862",0,0,0,2,6
"3863",0,0,0,0,6
"3864",0,0,0,0,5
"3865",0,1,2,1,3
"3866",0,0,0,0,5
"3867",1,0,0,2,2
"3868",0,0,5,0,0
"3869",0,4,1,0,0
"3870",0,0,1,0,4
"3871",0,1,0,0,2
"3872",0,1,3,0,0
"3873",0,0,5,0,0
"3874",0,3,1,0,0
"3875",0,5,0,0,0
"3876",0,1,0,0,6
"3877",0,4,0,0,2
"3878",1,3,0,2,0
"3879",0,0,0,0,0
"3880",0,0,4,0,0
"3881",0,2,0,0,0
"3882",0,3,0,0,1
"3883",0,0,3,1,1
"3884",0,2,0,0,0
"3885",0,0,7,0,0
"3886",0,1,0,0,5
"3887",2,2,4,0,0
"3888",0,0,1,3,3
"3889",0,6,0,1,0
"3890",0,3,0,0,0
"3891",0,0,1,0,1
"3892",0,7,1,0,0
"3893",0,2,0,0,0
"3894",0,0,0,0,6
"3895",0,0,0,1,1
"3896",0,1,0,0,4
"3897",0,6,2,0,0
"3898",0,0,0,0,4
"3899",0,0,0,0,7
"3900",0,0,0,0,4
"3901",0,0,0,0,5
"3902",0,1,1,0,2
"3903",0,0,0,0,7
"3904",0,1,0,0,0
"3905",0,1,0,0,7
"3906",0,1,4,0,0
"3907",0,0,1,5,4
"3908",0,2,0,0,0
"3909",1,1,4,0,0
"3910",0,1,0,0,6
"3911",0,0,5,0,0
"3912",0,0,1,0,3
"3913",0,0,2,0,6
"3914",2,3,1,0,0
"3915",0,0,2,0,0
"3916",0,2,1,0,1
"3917",0,2,0,1,0
"3918",0,4,0,3,0
"3919",0,0,0,1,6
"3920",0,1,0,0,0
"3921",0,1,1,0,0
"3922",0,3,0,0,0
"3923",0,1,3,0,0
"3924",3,0,0,1,0
"3925",0,3,0,0,0
"3926",0,0,0,0,7
"3927",1,0,0,0,2
"3928",0,3,0,0,0
"3929",0,0,2,3,3
"3930",0,3,0,0,0
"3931",1,2,0,0,0
"3932",0,0,4,0,0
"3933",0,2,1,0,0
"3934",0,0,0,0,7
"3935",0,0,1,0,7
"3936",0,1,1,0,2
"3937",0,4,0,0,0
"3938",0,0,5,0,0
"3939",0,0,0,0,3
"3940",0,0,2,0,0
"3941",0,0,0,0,3
"3942",0,2,0,0,0
"3943",0,0,0,0,7
"3944",0,0,2,0,1
"3945",0,0,0,0,8
"3946",0,0,0,0,3
"3947",0,0,3,0,1
"3948",0,0,0,0,3
"3949",0,1,0,0,0
"3950",0,3,0,0,1
"3951",1,0,0,0,0
"3952",1,2,0,1,0
"3953",0,1,3,0,0
"3954",0,0,0,0,6
"3955",0,0,0,0,3
"3956",0,4,1,0,0
"3957",0,0,2,0,5
"3958",0,2,0,0,2
"3959",0,4,1,0,1
"3960",0,0,6,0,0
"3961",0,4,0,0,0
"3962",0,0,0,1,9
"3963",0,2,6,0,0
"3964",0,0,2,3,5
"3965",0,0,0,1,7
"3966",0,0,0,0,6
"3967",0,0,1,0,6
"3968",0,0,0,1,2
"3969",0,0,1,0,8
"3970",0,4,0,0,0
"3971",0,1,4,0,0
"3972",0,2,0,0,0
"3973",0,0,3,0,1
"3974",1,0,0,4,0
"3975",0,2,1,0,0
"3976",1,2,0,0,3
"3977",0,0,0,0,9
"3978",0,2,1,0,0
"3979",0,1,5,3,2
"3980",0,0,0,1,8
"3981",1,3,0,0,0
"3982",0,2,0,0,0
"3983",1,0,3,1,0
"3984",0,0,0,0,5
"3985",0,1,0,1,3
"3986",0,0,1,1,5
"3987",1,3,0,0,1
"3988",0,1,3,0,2
"3989",0,2,0,0,0
"3990",0,3,1,0,0
"3991",0,0,7,0,0
"3992",1,0,1,6,0
"3993",0,2,0,0,0
"3994",0,0,2,4,1
"3995",0,0,0,1,4
"3996",0,0,0,1,4
"3997",0,0,0,1,7
"3998",0,0,4,0,1
"3999",1,6,0,1,0
"4000",0,2,0,1,0
"4001",1,3,1,0,0
"4002",0,2,0,0,0
"4003",1,0,1,0,4
"4004",0,4,1,0,1
"4005",0,1,6,1,0
"4006",0,0,4,0,0
"4007",0,2,0,0,0
"4008",1,0,0,0,6
"4009",0,3,1,1,0
"4010",2,0,0,0,1
"4011",0,0,0,0,6
"4012",1,0,2,0,0
"4013",0,3,1,1,0
"4014",0,0,3,1,0
"4015",0,0,0,2,3
"4016",1,0,0,0,0
"4017",0,2,0,0,1
"4018",0,0,1,7,0
"4019",0,0,0,1,7
"4020",0,1,3,0,1
"4021",0,0,2,0,0
"4022",0,0,0,0,0
"4023",0,1,0,0,1
"4024",0,0,2,0,3
"4025",0,3,0,0,0
"4026",0,0,1,0,7
"4027",0,0,1,0,0
"4028",0,0,1,0,1
"4029",0,4,0,0,0
"4030",1,3,0,0,0
"4031",0,0,0,0,9
"4032",0,0,0,0,5
"4033",0,0,2,0,0
"4034",1,0,2,0,0
"4035",0,0,1,1,6
"4036",0,1,1,0,5
"4037",0,4,0,0,0
"4038",0,0,0,1,9
"4039",0,2,0,0,0
"4040",0,1,4,0,0
"4041",0,0,0,0,8
"4042",2,1,0,0,0
"4043",0,1,1,2,0
"4044",0,2,3,0,0
"4045",0,0,0,2,0
"4046",0,0,0,0,0
"4047",0,0,0,0,0
"4048",0,1,0,0,1
"4049",0,0,0,0,10
"4050",0,0,0,0,5
"4051",0,0,0,1,5
"4052",0,5,0,0,1
"4053",1,0,1,2,4
"4054",1,0,2,1,2
"4055",0,0,6,0,0
"4056",0,1,0,1,0
"4057",0,3,0,0,1
"4058",0,1,0,1,6
"4059",0,3,0,0,0
"4060",0,0,0,0,4
"4061",0,1,0,0,0
"4062",0,3,0,0,0
"4063",0,2,1,0,2
"4064",0,0,1,0,5
"4065",1,0,2,1,3
"4066",1,2,0,0,0
"4067",0,5,0,0,0
"4068",0,1,0,1,0
"4069",1,2,2,0,0
"4070",1,0,0,0,2
"4071",1,0,6,0,0
"4072",1,3,1,0,0
"4073",1,3,0,0,0
"4074",0,1,4,1,0
"4075",1,0,0,0,6
"4076",0,1,0,0,0
"4077",0,0,0,1,4
"4078",0,4,0,0,1
"4079",0,1,0,0,6
"4080",0,3,0,0,1
"4081",0,0,1,3,7
"4082",0,0,0,2,1
"4083",0,4,0,0,0
"4084",0,2,0,0,0
"4085",0,0,0,0,8
"4086",1,0,2,0,0
"4087",2,3,0,0,0
"4088",0,0,4,0,0
"4089",0,1,5,1,0
"4090",0,3,0,0,0
"4091",1,1,1,0,0
"4092",0,0,0,1,8
"4093",0,1,0,1,1
"4094",0,0,1,3,1
"4095",0,5,1,0,0
"4096",0,0,0,0,4
"4097",0,0,0,0,4
"4098",0,0,5,0,0
"4099",0,1,0,0,2
"4100",0,2,2,0,2
"4101",0,0,0,2,5
"4102",0,0,1,0,0
"4103",0,0,5,0,0
"4104",0,1,0,1,0
"4105",0,3,0,1,0
"4106",0,1,2,0,0
"4107",1,3,0,0,0
"4108",0,0,0,0,4
"4109",0,1,1,5,2
"4110",1,7,1,0,0
"4111",0,0,4,0,0
"4112",0,0,0,1,6
"4113",0,2,0,0,0
"4114",0,4,0,0,0
"4115",0,0,0,0,1
"4116",0,5,0,0,0
"4117",0,2,0,0,0
"4118",0,0,1,2,3
"4119",0,0,0,0,7
"4120",0,2,1,0,0
"4121",0,0,0,1,7
"4122",0,0,1,1,2
"4123",0,2,5,0,2
"4124",0,1,2,0,0
"4125",0,0,3,0,1
"4126",0,1,3,0,1
"4127",0,0,2,0,0
"4128",0,1,0,1,6
"4129",0,3,0,1,1
"4130",0,2,0,0,0
"4131",0,3,1,0,0
"4132",0,1,1,0,0
"4133",0,1,1,0,5
"4134",0,0,0,0,3
"4135",0,1,0,0,9
"4136",0,2,0,1,0
"4137",0,0,0,1,0
"4138",0,4,1,2,0
"4139",0,3,1,0,0
"4140",0,0,1,0,6
"4141",0,0,1,0,4
"4142",0,0,1,1,6
"4143",3,0,0,2,0
"4144",0,0,4,0,1
"4145",2,0,3,0,0
"4146",0,4,0,2,0
"4147",0,1,1,0,4
"4148",1,0,1,6,0
"4149",0,4,0,0,0
"4150",0,0,3,0,0
"4151",2,1,0,0,0
"4152",3,0,0,0,1
"4153",0,0,0,2,8
"4154",0,1,1,0,0
"4155",0,0,0,0,7
"4156",0,4,0,1,0
"4157",0,0,1,0,3
"4158",1,1,2,0,0
"4159",0,4,0,1,0
"4160",0,7,0,0,0
"4161",0,4,1,1,0
"4162",2,2,0,1,1
"4163",0,0,3,2,0
"4164",0,0,2,0,0
"4165",1,1,0,0,0
"4166",0,2,0,0,0
"4167",0,4,3,0,0
"4168",0,0,1,0,3
"4169",0,0,0,1,3
"4170",0,3,2,1,0
"4171",0,0,0,0,4
"4172",0,0,0,4,4
"4173",0,0,2,0,1
"4174",0,0,0,0,7
"4175",1,2,0,0,0
"4176",0,0,0,0,6
"4177",0,1,0,0,0
"4178",0,1,0,0,6
"4179",0,0,0,0,4
"4180",0,0,1,0,6
"4181",0,0,0,1,4
"4182",0,3,1,0,0
"4183",3,0,0,0,0
"4184",0,0,0,1,5
"4185",0,0,1,0,7
"4186",0,1,0,0,3
"4187",0,0,0,1,7
"4188",0,0,0,0,5
"4189",0,0,0,0,6
"4190",0,3,1,0,0
"4191",0,0,2,3,2
"4192",0,0,3,0,0
"4193",0,0,1,0,4
"4194",0,0,0,0,1
"4195",0,5,0,1,0
"4196",2,0,0,0,0
"4197",0,0,0,0,7
"4198",0,0,0,0,1
"4199",0,6,0,0,0
"4200",0,1,0,0,0
"4201",0,1,1,0,1
"4202",0,0,1,1,6
"4203",0,5,5,0,0
"4204",0,2,0,0,1
"4205",0,0,0,0,7
"4206",0,4,0,0,0
"4207",0,0,0,0,5
"4208",0,0,0,1,7
"4209",0,0,0,0,3
"4210",1,0,0,1,4
"4211",0,0,1,0,0
"4212",0,0,0,0,4
"4213",0,0,0,3,3
"4214",0,7,0,0,0
"4215",0,0,0,2,6
"4216",0,0,5,0,0
"4217",0,0,3,1,0
"4218",0,3,0,0,0
"4219",1,0,0,0,1
"4220",1,0,0,1,7
"4221",0,0,0,1,8
"4222",0,0,0,0,1
"4223",0,1,0,4,1
"4224",2,2,1,0,0
"4225",0,1,0,0,6
"4226",0,0,1,1,6
"4227",0,1,6,0,0
"4228",0,1,1,0,3
"4229",0,4,0,0,0
"4230",0,1,1,2,4
"4231",0,0,1,0,6
"4232",0,1,0,0,0
"4233",0,3,0,0,0
"4234",0,0,0,0,8
"4235",1,1,0,0,4
"4236",0,1,0,0,1
"4237",0,2,1,0,1
"4238",0,0,0,0,7
"4239",0,0,0,0,2
"4240",0,1,1,0,2
"4241",1,1,4,0,0
"4242",0,1,1,0,1
"4243",0,0,1,1,1
"4244",0,1,1,0,0
"4245",0,0,2,0,1
"4246",0,5,0,0,0
"4247",0,0,1,0,8
"4248",0,4,0,1,0
"4249",0,0,1,1,4
"4250",1,0,0,0,6
"4251",0,0,0,1,6
"4252",0,0,1,0,5
"4253",0,0,1,0,3
"4254",0,0,2,0,0
"4255",0,0,0,0,3
"4256",0,0,4,0,0
"4257",1,0,1,1,1
"4258",0,0,1,0,6
"4259",0,0,0,1,4
"4260",0,0,1,0,4
"4261",0,4,1,0,0
"4262",0,3,0,0,0
"4263",1,1,0,0,0
"4264",0,0,0,2,4
"4265",0,2,0,0,1
"4266",0,1,0,1,1
"4267",0,8,0,0,0
"4268",0,3,1,0,0
"4269",0,0,2,1,3
"4270",0,0,0,0,6
"4271",0,4,0,1,0
"4272",0,0,1,0,7
"4273",0,0,0,0,2
"4274",0,2,0,0,0
"4275",1,2,1,3,0
"4276",0,1,3,0,0
"4277",0,0,1,0,6
"4278",0,3,1,0,0
"4279",0,0,0,0,8
"4280",0,0,0,4,1
"4281",0,0,1,1,3
"4282",0,0,0,0,7
"4283",0,0,0,0,6
"4284",0,0,2,0,1
"4285",0,2,0,0,1
"4286",0,0,0,2,0
"4287",0,0,0,3,5
"4288",0,1,1,0,1
"4289",0,2,0,1,1
"4290",0,1,0,0,0
"4291",0,0,0,0,7
"4292",0,1,0,0,8
"4293",0,0,0,0,9
"4294",0,0,3,1,0
"4295",0,4,0,0,0
"4296",0,0,4,0,0
"4297",0,2,0,0,0
"4298",0,3,0,0,1
"4299",0,4,0,0,0
"4300",0,0,1,1,2
"4301",0,2,0,0,1
"4302",0,2,1,0,0
"4303",0,3,0,0,0
"4304",0,0,8,0,0
"4305",0,0,0,0,11
"4306",0,0,0,0,5
"4307",0,0,6,0,0
"4308",0,0,1,0,8
"4309",0,5,2,0,0
"4310",0,3,1,0,0
"4311",0,0,0,0,9
"4312",0,0,0,1,0
"4313",0,0,3,3,0
"4314",0,3,1,0,0
"4315",0,2,0,0,0
"4316",0,0,1,0,5
"4317",0,0,2,0,2
"4318",0,1,3,0,2
"4319",0,0,3,4,1
"4320",0,1,1,1,0
"4321",0,1,3,4,0
"4322",0,3,0,0,0
"4323",0,0,0,0,7
"4324",0,0,0,0,6
"4325",0,0,4,0,0
"4326",0,0,0,0,5
"4327",0,0,5,2,6
"4328",0,0,2,0,3
"4329",0,0,6,0,1
"4330",0,4,0,0,1
"4331",0,0,0,0,3
"4332",0,0,3,1,4
"4333",0,4,0,0,0
"4334",0,0,0,0,3
"4335",0,5,1,0,0
"4336",0,0,1,1,0
"4337",0,0,0,2,6
"4338",0,3,0,0,0
"4339",0,6,1,0,0
"4340",0,0,0,0,4
"4341",0,0,0,2,5
"4342",1,0,1,0,4
"4343",0,1,0,1,0
"4344",1,4,0,1,0
"4345",0,0,0,1,2
"4346",0,0,1,3,4
"4347",0,0,6,0,0
"4348",0,3,0,0,0
"4349",0,0,0,1,6
"4350",0,0,2,0,1
"4351",0,7,0,0,0
"4352",0,0,10,0,0
"4353",0,1,2,0,0
"4354",1,0,3,0,1
"4355",0,0,0,0,7
"4356",0,0,1,6,1
"4357",1,3,1,0,0
"4358",1,1,0,0,0
"4359",0,5,1,0,0
"4360",0,5,1,0,0
"4361",0,0,1,0,3
"4362",0,3,0,2,0
"4363",0,0,0,0,5
"4364",4,0,1,0,0
"4365",0,0,1,1,6
"4366",0,0,0,2,6
"4367",0,0,0,0,8
"4368",0,6,0,0,0
"4369",0,0,0,0,7
"4370",0,0,6,0,1
"4371",1,3,0,0,0
"4372",0,0,0,0,6
"4373",0,3,0,0,0
"4374",2,0,6,0,0
"4375",0,0,7,0,0
"4376",0,0,0,0,8
"4377",0,0,0,0,3
"4378",0,1,0,0,0
"4379",0,0,0,0,0
"4380",0,0,0,0,8
"4381",2,0,0,0,0
"4382",0,1,2,1,2
"4383",0,0,0,2,3
"4384",0,0,0,0,7
"4385",1,0,0,0,3
"4386",0,0,0,0,9
"4387",1,1,0,0,2
"4388",0,0,0,0,7
"4389",0,0,1,0,3
"4390",0,0,0,0,5
"4391",0,0,0,0,6
"4392",0,0,1,0,6
"4393",0,0,1,2,2
"4394",0,0,0,0,8
"4395",0,1,2,0,0
"4396",0,0,3,1,1
"4397",0,0,3,3,2
"4398",0,1,0,0,1
"4399",0,0,1,1,0
"4400",0,0,6,1,0
"4401",0,2,0,0,0
"4402",0,3,1,1,0
"4403",0,0,0,0,8
"4404",0,0,1,0,3
"4405",3,0,0,0,0
"4406",0,0,3,0,0
"4407",0,0,0,1,9
"4408",0,0,3,0,1
"4409",0,0,1,1,1
"4410",0,4,0,1,0
"4411",0,0,4,0,0
"4412",0,0,4,0,2
"4413",0,0,1,1,5
"4414",0,0,2,0,1
"4415",0,4,0,0,0
"4416",0,6,0,0,0
"4417",0,2,0,0,1
"4418",5,0,0,1,0
"4419",0,0,0,3,6
"4420",1,0,0,0,0
"4421",0,1,1,0,0
"4422",0,0,0,0,3
"4423",0,0,0,0,8
"4424",1,2,0,0,0
"4425",0,0,2,4,3
"4426",0,2,0,0,0
"4427",0,4,1,0,0
"4428",1,0,4,0,0
"4429",1,0,3,0,0
"4430",0,0,4,0,0
"4431",0,4,0,0,0
"4432",0,5,1,0,2
"4433",0,0,5,0,0
"4434",0,3,0,1,0
"4435",0,0,0,1,7
"4436",0,0,2,0,0
"4437",1,0,1,1,4
"4438",0,0,1,0,3
"4439",0,3,3,0,0
"4440",0,5,0,0,0
"4441",0,1,0,1,2
"4442",0,4,0,0,2
"4443",0,0,0,0,6
"4444",0,6,0,0,0
"4445",0,0,3,0,0
"4446",0,4,0,0,0
"4447",2,0,0,0,0
"4448",0,3,0,0,0
"4449",0,0,1,0,3
"4450",0,0,0,1,3
"4451",0,4,0,0,0
"4452",0,5,1,0,0
"4453",0,1,0,0,7
"4454",0,1,4,1,0
"4455",0,0,6,0,0
"4456",1,0,2,2,2
"4457",0,0,0,0,5
"4458",0,3,0,1,1
"4459",0,0,8,0,0
"4460",0,0,0,2,5
"4461",0,0,0,1,1
"4462",0,0,5,0,0
"4463",0,1,0,0,3
"4464",0,2,3,0,0
"4465",0,2,0,0,0
"4466",0,0,1,0,6
"4467",0,1,0,0,9
"4468",0,0,2,0,1
"4469",0,2,0,0,0
"4470",0,0,2,0,6
"4471",4,0,0,0,0
"4472",0,0,0,0,8
"4473",0,1,0,1,6
"4474",0,0,0,1,4
"4475",0,0,0,0,6
"4476",0,0,2,0,0
"4477",0,0,0,0,7
"4478",1,1,0,2,2
"4479",0,6,0,0,1
"4480",1,0,0,1,4
"4481",0,2,2,0,0
"4482",0,4,0,0,0
"4483",0,1,0,0,1
"4484",0,0,3,0,0
"4485",0,3,1,0,1
"4486",0,1,0,1,0
"4487",1,1,4,0,0
"4488",0,0,1,0,4
"4489",0,2,0,0,0
"4490",0,0,3,2,1
"4491",0,1,0,4,5
"4492",0,0,0,0,8
"4493",0,2,0,1,0
"4494",0,2,4,0,0
"4495",0,3,0,0,0
"4496",0,0,4,0,0
"4497",0,1,0,0,1
"4498",1,6,1,0,0
"4499",0,0,1,0,1
"4500",0,0,0,0,6
"4501",0,3,0,0,0
"4502",0,0,0,0,6
"4503",0,0,0,0,5
"4504",1,1,0,0,0
"4505",0,0,0,1,5
"4506",0,0,6,0,0
"4507",0,0,0,1,7
"4508",0,0,3,3,2
"4509",0,0,0,0,8
"4510",0,0,0,0,2
"4511",0,4,1,0,1
"4512",0,2,1,0,0
"4513",1,3,1,0,0
"4514",0,3,1,0,0
"4515",0,0,3,0,0
"4516",0,2,0,0,0
"4517",0,3,1,0,0
"4518",0,5,0,0,0
"4519",0,0,3,2,2
"4520",0,0,1,0,1
"4521",0,0,5,0,1
"4522",0,1,0,0,0
"4523",0,1,0,0,1
"4524",0,0,0,0,3
"4525",0,0,0,0,0
"4526",0,0,1,1,0
"4527",0,2,0,0,0
"4528",0,0,0,0,5
"4529",0,4,1,0,0
"4530",1,1,0,0,0
"4531",0,0,3,0,0
"4532",0,1,0,5,1
"4533",0,1,0,0,0
"4534",0,0,0,0,3
"4535",0,0,0,0,8
"4536",0,0,4,0,0
"4537",0,0,0,0,4
"4538",0,0,0,0,6
"4539",0,6,0,0,0
"4540",0,0,0,2,2
"4541",0,3,0,0,0
"4542",2,0,0,0,0
"4543",0,2,3,0,0
"4544",0,1,0,0,7
"4545",0,4,0,0,0
"4546",2,2,0,1,0
"4547",0,0,4,4,1
"4548",0,1,0,0,1
"4549",0,1,0,0,4
"4550",0,1,0,0,6
"4551",0,2,0,0,0
"4552",0,0,0,0,3
"4553",1,0,0,1,5
"4554",0,1,0,0,5
"4555",0,1,0,0,0
"4556",0,0,2,0,0
"4557",0,1,7,0,1
"4558",0,2,5,0,0
"4559",3,0,0,0,0
"4560",0,0,5,0,0
"4561",0,0,0,0,4
"4562",0,0,0,0,4
"4563",0,0,7,0,0
"4564",3,1,0,0,0
"4565",0,0,0,0,4
"4566",0,1,2,4,2
"4567",0,4,3,0,1
"4568",2,0,0,4,0
"4569",0,0,4,0,1
"4570",0,0,1,0,5
"4571",0,0,0,1,0
"4572",0,4,0,0,2
"4573",0,0,0,0,4
"4574",0,2,0,0,0
"4575",0,0,1,0,5
"4576",0,3,0,0,1
"4577",1,1,3,0,0
"4578",0,0,1,2,3
"4579",0,1,5,4,0
"4580",0,3,0,0,1
"4581",0,0,0,0,5
"4582",0,0,0,0,9
"4583",0,1,0,0,5
"4584",0,0,6,1,0
"4585",0,0,0,1,4
"4586",0,0,0,3,3
"4587",1,3,1,0,0
"4588",0,2,2,0,0
"4589",0,3,0,2,2
"4590",0,0,1,0,4
"4591",0,0,2,0,1
"4592",0,0,4,0,2
"4593",0,7,1,0,0
"4594",0,3,0,0,0
"4595",0,0,0,0,6
"4596",0,0,7,0,2
"4597",0,0,1,2,6
"4598",0,0,0,0,6
"4599",0,0,4,0,3
"4600",0,0,2,1,5
"4601",0,1,0,1,6
"4602",0,0,1,0,6
"4603",0,0,0,0,4
"4604",0,7,0,1,0
"4605",0,4,0,2,0
"4606",0,0,0,0,8
"4607",0,0,1,0,6
"4608",0,2,0,0,0
"4609",1,1,1,0,0
"4610",0,0,4,0,1
"4611",0,3,0,0,0
"4612",0,2,2,0,1
"4613",0,6,1,0,0
"4614",0,0,1,0,5
"4615",0,0,2,0,1
"4616",0,2,1,0,0
"4617",0,1,4,0,0
"4618",0,0,3,0,0
"4619",0,0,0,2,2
"4620",0,1,4,2,0
"4621",0,1,1,0,0
"4622",0,2,1,1,2
"4623",0,0,4,3,0
"4624",0,1,3,0,0
"4625",0,3,2,3,2
"4626",0,5,0,0,1
"4627",0,2,0,0,0
"4628",0,0,4,2,2
"4629",0,2,2,0,0
"4630",0,3,0,0,1
"4631",0,1,4,0,0
"4632",0,0,1,0,6
"4633",0,6,0,0,0
"4634",0,4,0,0,0
"4635",0,2,1,0,0
"4636",0,1,0,0,5
"4637",0,1,1,1,0
"4638",1,2,0,0,2
"4639",0,6,1,0,0
"4640",1,1,0,0,0
"4641",0,0,0,0,5
"4642",0,0,0,0,6
"4643",1,2,3,0,0
"4644",0,5,0,0,0
"4645",0,0,0,1,6
"4646",0,0,4,0,0
"4647",0,1,0,0,4
"4648",0,0,3,0,5
"4649",0,0,1,0,7
"4650",0,0,3,0,0
"4651",0,5,0,0,0
"4652",0,0,0,0,5
"4653",0,0,3,0,1
"4654",0,5,0,0,0
"4655",0,0,0,0,8
"4656",0,7,2,0,0
"4657",0,1,2,0,0
"4658",0,3,0,0,0
"4659",0,4,0,3,0
"4660",0,0,0,0,3
"4661",0,3,0,0,0
"4662",0,2,0,0,1
"4663",0,1,2,0,0
"4664",0,0,0,0,8
"4665",0,0,0,0,8
"4666",0,0,0,0,3
"4667",0,0,0,0,3
"4668",1,0,0,0,0
"4669",0,3,0,1,1
"4670",0,0,0,0,7
"4671",0,1,0,0,0
"4672",0,0,0,0,5
"4673",0,3,0,2,0
"4674",2,0,0,0,0
"4675",0,2,0,0,0
"4676",1,2,3,0,0
"4677",0,1,1,0,3
"4678",0,1,0,2,3
"4679",1,3,0,0,0
"4680",0,0,0,0,8
"4681",0,0,1,0,4
"4682",0,0,1,0,5
"4683",0,0,2,0,0
"4684",1,3,0,1,0
"4685",0,0,2,2,2
"4686",0,0,2,0,3
"4687",0,0,0,0,8
"4688",0,0,3,0,5
"4689",0,2,0,1,0
"4690",0,4,0,0,2
"4691",0,0,4,1,0
"4692",0,0,0,0,5
"4693",0,2,1,0,1
"4694",0,0,1,0,2
"4695",0,3,0,0,0
"4696",0,5,0,0,0
"4697",0,0,1,0,5
"4698",0,0,0,1,4
"4699",0,7,0,0,0
"4700",0,0,2,0,5
"4701",0,0,0,3,5
"4702",0,4,0,0,0
"4703",0,4,1,0,1
"4704",0,0,1,1,6
"4705",0,1,2,0,2
"4706",0,1,1,0,0
"4707",0,0,0,1,7
"4708",0,2,0,0,0
"4709",1,0,6,0,0
"4710",0,0,0,0,5
"4711",0,3,0,0,1
"4712",0,2,0,0,0
"4713",0,1,0,1,0
"4714",1,0,1,4,1
"4715",0,3,0,0,0
"4716",0,0,1,0,0
"4717",0,0,0,1,6
"4718",0,1,1,0,1
"4719",0,5,0,0,2
"4720",0,2,0,1,1
"4721",0,1,0,0,5
"4722",2,2,0,0,2
"4723",0,1,1,0,0
"4724",0,0,0,0,7
"4725",0,0,1,1,5
"4726",0,0,5,0,1
"4727",0,2,1,0,2
"4728",2,0,0,0,0
"4729",0,0,0,0,5
"4730",2,4,0,0,0
"4731",0,2,1,0,3
"4732",0,0,0,0,9
"4733",1,0,0,0,0
"4734",0,2,0,1,1
"4735",0,0,1,0,6
"4736",0,0,0,6,0
"4737",0,0,0,0,5
"4738",0,0,0,1,3
"4739",0,1,4,0,1
"4740",0,1,0,0,3
"4741",0,1,0,0,4
"4742",0,2,0,2,0
"4743",1,5,0,0,0
"4744",0,0,0,0,8
"4745",0,1,0,0,3
"4746",0,0,2,0,0
"4747",0,2,6,0,2
"4748",1,0,2,0,0
"4749",0,1,0,0,0
"4750",0,2,0,0,0
"4751",0,0,2,0,0
"4752",1,0,1,0,1
"4753",0,1,0,0,5
"4754",0,2,0,0,0
"4755",0,0,3,0,4
"4756",0,0,6,0,0
"4757",0,0,0,4,2
"4758",0,0,0,1,7
"4759",1,0,0,1,0
"4760",0,1,0,0,0
"4761",0,0,0,1,7
"4762",0,7,0,0,1
"4763",1,0,0,1,1
"4764",0,0,4,0,1
"4765",0,0,1,0,6
"4766",1,2,0,0,0
"4767",0,0,0,0,1
"4768",0,5,0,0,1
"4769",4,0,0,0,1
"4770",0,0,0,0,4
"4771",0,1,5,0,1
"4772",0,0,0,0,7
"4773",0,1,2,0,0
"4774",0,4,0,1,0
"4775",0,2,0,0,0
"4776",0,0,0,0,2
"4777",0,0,0,1,0
"4778",0,3,2,0,0
"4779",0,0,0,0,9
"4780",0,0,0,0,7
"4781",0,7,0,0,1
"4782",0,0,3,1,0
"4783",0,2,1,0,3
"4784",0,0,0,1,6
"4785",0,0,2,2,1
"4786",0,0,0,0,2
"4787",0,0,0,0,0
"4788",0,0,1,0,5
"4789",0,0,0,5,2
"4790",0,4,3,0,0
"4791",0,2,3,3,0
"4792",0,2,0,0,0
"4793",0,2,0,0,1
"4794",1,1,0,0,0
"4795",0,6,1,0,0
"4796",0,0,0,0,7
"4797",0,3,0,0,2
"4798",0,2,0,1,1
"4799",0,0,0,3,4
"4800",0,0,0,0,10
"4801",0,2,0,0,0
"4802",0,1,0,0,0
"4803",3,0,0,0,0
"4804",0,2,2,2,0
"4805",0,0,1,0,8
"4806",0,0,0,0,5
"4807",0,1,2,0,0
"4808",0,3,0,0,0
"4809",0,1,1,0,5
"4810",0,0,4,0,0
"4811",0,0,0,0,7
"4812",1,0,0,0,0
"4813",0,0,0,1,7
"4814",0,1,1,2,0
"4815",0,0,0,0,4
"4816",0,0,3,1,0
"4817",0,0,0,1,6
"4818",0,0,8,0,0
"4819",0,4,0,2,0
"4820",0,0,0,0,6
"4821",0,0,0,0,5
"4822",1,0,0,3,4
"4823",0,3,2,0,0
"4824",0,0,2,0,7
"4825",0,2,0,1,0
"4826",0,0,3,0,4
"4827",0,6,0,2,0
"4828",2,0,0,0,1
"4829",0,5,0,0,0
"4830",0,0,1,0,0
"4831",1,0,2,0,1
"4832",1,0,0,1,0
"4833",0,0,0,4,2
"4834",2,0,0,0,0
"4835",0,0,3,1,0
"4836",0,0,1,0,5
"4837",0,0,4,0,0
"4838",0,8,0,0,0
"4839",0,0,0,0,8
"4840",0,0,0,0,3
"4841",0,0,1,0,5
"4842",0,2,0,0,0
"4843",0,5,0,0,0
"4844",0,1,1,0,0
"4845",0,0,5,0,0
"4846",0,3,0,0,0
"4847",0,1,7,0,0
"4848",0,0,3,0,0
"4849",0,0,0,0,4
"4850",0,0,3,0,0
"4851",0,1,1,0,0
"4852",0,0,0,0,4
"4853",0,2,0,0,1
"4854",0,6,0,1,0
"4855",0,0,0,0,6
"4856",1,3,0,0,0
"4857",0,0,4,3,1
"4858",0,2,0,0,0
"4859",0,2,0,0,0
"4860",0,0,1,1,4
"4861",0,1,0,0,0
"4862",0,0,0,0,5
"4863",0,3,2,0,0
"4864",1,2,1,0,0
"4865",0,1,0,2,0
"4866",0,0,3,0,0
"4867",0,1,0,0,0
"4868",0,0,0,0,5
"4869",0,3,2,0,0
"4870",0,5,2,0,0
"4871",0,1,0,0,0
"4872",0,1,6,0,0
"4873",0,1,3,0,0
"4874",1,2,1,0,2
"4875",0,1,1,0,0
"4876",0,0,2,0,3
"4877",0,0,5,0,0
"4878",0,0,0,0,7
"4879",0,0,0,0,5
"4880",0,3,0,0,0
"4881",0,0,0,0,0
"4882",0,0,3,0,0
"4883",0,0,4,1,0
"4884",0,1,1,0,0
"4885",0,0,3,0,2
"4886",0,1,0,0,8
"4887",0,0,0,0,10
"4888",0,4,0,0,1
"4889",0,2,0,0,1
"4890",0,0,2,0,4
"4891",0,3,1,0,1
"4892",0,0,5,0,1
"4893",1,0,0,0,0
"4894",0,1,5,1,0
"4895",0,0,6,0,0
"4896",0,0,0,0,8
"4897",0,0,0,1,6
"4898",0,0,0,0,6
"4899",0,0,1,0,6
"4900",0,1,2,3,1
"4901",0,0,1,0,2
"4902",0,0,1,0,3
"4903",0,4,0,0,1
"4904",0,0,3,0,2
"4905",0,0,0,0,1
"4906",0,1,0,2,2
"4907",0,0,0,1,2
"4908",0,0,2,2,5
"4909",3,0,1,0,0
"4910",0,3,0,2,0
"4911",0,0,0,0,8
"4912",2,2,0,0,1
"4913",0,0,0,0,4
"4914",0,1,3,0,2
"4915",0,1,2,0,0
"4916",0,0,2,0,0
"4917",0,0,0,0,6
"4918",1,2,0,0,0
"4919",0,0,2,1,5
"4920",0,1,0,0,4
"4921",0,0,1,1,5
"4922",0,0,0,0,2
"4923",2,0,0,1,0
"4924",0,2,0,0,1
"4925",0,0,0,0,2
"4926",0,0,0,0,9
"4927",0,0,0,0,6
"4928",0,0,1,0,5
"4929",0,0,1,3,2
"4930",0,0,1,6,0
"4931",0,0,0,1,4
"4932",0,4,0,0,0
"4933",0,0,0,0,8
"4934",0,0,6,0,0
"4935",1,1,1,0,0
"4936",0,0,1,0,6
"4937",0,0,1,0,3
"4938",0,0,0,0,7
"4939",1,0,0,5,3
"4940",0,0,0,0,5
"4941",0,0,0,1,4
"4942",0,1,0,3,2
"4943",0,0,0,0,0
"4944",0,0,1,0,4
"4945",2,0,0,1,1
"4946",0,3,0,1,0
"4947",0,0,0,0,6
"4948",0,3,0,0,0
"4949",0,4,0,0,0
"4950",0,0,0,0,10
"4951",0,0,0,0,5
"4952",0,0,1,2,4
"4953",1,2,0,0,0
"4954",0,5,0,0,0
"4955",0,2,1,0,1
"4956",0,4,1,0,1
"4957",0,0,4,0,2
"4958",0,0,1,3,0
"4959",0,1,0,0,1
"4960",0,3,0,0,0
"4961",0,5,0,0,1
"4962",0,1,0,0,0
"4963",0,0,2,0,4
"4964",0,0,0,0,3
"4965",1,0,2,0,0
"4966",0,0,0,0,5
"4967",0,0,0,0,7
"4968",0,1,6,0,0
"4969",0,1,0,2,0
"4970",0,2,1,0,0
"4971",0,4,1,1,0
"4972",0,0,1,7,0
"4973",0,0,1,4,1
"4974",0,2,0,0,2
"4975",1,0,0,1,6
"4976",0,0,1,0,6
"4977",0,0,1,0,1
"4978",0,0,5,0,1
"4979",0,0,1,0,0
"4980",0,1,4,0,2
"4981",0,0,0,4,0
"4982",2,1,1,0,2
"4983",0,2,0,0,0
"4984",0,1,4,0,0
"4985",0,0,0,0,6
"4986",1,2,0,0,0
"4987",0,5,0,0,0
"4988",1,4,0,0,0
"4989",1,0,6,0,0
"4990",0,0,0,2,3
"4991",0,1,0,0,0
"4992",0,0,4,1,0
"4993",1,0,1,4,3
"4994",0,0,2,2,3
"4995",0,0,0,0,5
"4996",0,4,0,0,1
"4997",0,1,0,1,5
"4998",0,2,0,0,0
"4999",0,8,0,0,0
"5000",0,0,0,2,1
