"","V1","V2","V3","V4","V5"
"1",1,0,5,0,0
"2",6,0,0,0,0
"3",0,8,2,1,0
"4",0,2,0,0,0
"5",0,3,3,0,0
"6",0,0,0,0,7
"7",0,0,0,3,1
"8",0,4,0,1,0
"9",0,0,0,8,0
"10",1,4,0,1,0
"11",0,3,1,1,0
"12",0,8,3,0,0
"13",0,2,5,0,0
"14",0,0,2,5,0
"15",0,3,1,0,0
"16",7,0,0,0,0
"17",0,0,6,0,1
"18",0,0,2,2,0
"19",6,0,0,0,0
"20",0,0,4,2,0
"21",0,1,6,2,1
"22",0,1,2,0,1
"23",0,1,4,0,0
"24",0,0,1,3,3
"25",1,3,0,0,0
"26",0,1,4,0,0
"27",0,1,0,6,1
"28",0,0,3,0,1
"29",2,2,0,0,0
"30",0,2,0,2,0
"31",0,1,0,0,0
"32",0,7,2,0,0
"33",1,1,1,0,1
"34",0,0,4,0,1
"35",0,2,5,0,0
"36",0,0,0,3,3
"37",0,0,1,4,0
"38",1,6,0,0,0
"39",0,1,1,1,0
"40",1,5,0,2,0
"41",0,0,0,4,4
"42",2,1,0,0,1
"43",0,1,3,0,0
"44",0,0,7,0,2
"45",0,2,4,0,0
"46",0,0,4,0,0
"47",0,0,0,4,4
"48",0,6,0,1,0
"49",0,4,0,0,1
"50",1,1,4,0,0
"51",1,2,2,0,0
"52",1,2,1,0,0
"53",0,0,6,1,0
"54",0,1,3,0,0
"55",0,2,1,1,0
"56",0,0,4,0,0
"57",0,0,2,1,0
"58",1,0,0,0,1
"59",0,0,3,0,0
"60",0,0,0,3,0
"61",0,5,0,0,0
"62",1,2,0,0,0
"63",1,4,0,0,0
"64",0,1,4,0,0
"65",0,1,0,1,3
"66",0,1,3,1,0
"67",0,0,0,1,7
"68",1,0,3,0,0
"69",0,0,4,0,0
"70",0,0,5,0,0
"71",0,1,4,0,1
"72",0,5,1,1,0
"73",0,0,0,0,6
"74",0,0,2,0,1
"75",0,0,6,0,1
"76",0,2,1,0,0
"77",0,1,6,0,0
"78",0,3,1,1,0
"79",1,1,3,1,0
"80",0,0,3,0,2
"81",6,1,0,0,0
"82",0,0,0,0,6
"83",0,5,0,0,0
"84",0,5,3,0,0
"85",1,2,0,2,0
"86",0,3,2,0,0
"87",1,0,5,0,0
"88",0,1,5,0,0
"89",0,0,1,8,1
"90",0,0,6,1,0
"91",2,1,0,1,0
"92",0,0,8,0,0
"93",1,1,0,0,0
"94",0,4,0,0,0
"95",3,2,0,0,0
"96",0,3,2,0,0
"97",6,0,0,0,0
"98",4,0,0,0,0
"99",4,0,0,1,0
"100",0,0,4,2,0
"101",0,0,2,3,2
"102",1,2,2,0,0
"103",1,2,1,0,2
"104",0,0,0,0,0
"105",0,1,3,1,0
"106",0,0,5,2,0
"107",0,0,0,4,3
"108",0,0,4,1,0
"109",0,0,9,0,0
"110",1,2,1,0,0
"111",0,0,0,5,0
"112",0,0,4,0,1
"113",5,1,0,0,0
"114",1,2,0,0,0
"115",0,0,0,4,4
"116",0,0,2,1,2
"117",1,0,2,0,2
"118",0,0,9,1,0
"119",0,0,3,8,0
"120",1,5,0,2,0
"121",0,0,7,0,0
"122",0,3,2,0,0
"123",0,5,0,0,0
"124",0,0,2,0,1
"125",0,0,0,1,6
"126",0,0,2,0,0
"127",0,1,0,0,0
"128",1,6,0,1,0
"129",0,0,3,0,0
"130",1,0,0,0,0
"131",0,0,3,0,2
"132",0,2,6,0,0
"133",0,0,10,0,0
"134",0,7,2,0,0
"135",0,0,0,2,9
"136",0,0,4,0,0
"137",0,1,5,0,0
"138",0,3,0,0,0
"139",0,2,3,2,0
"140",0,0,0,0,2
"141",0,0,0,2,2
"142",0,0,0,0,2
"143",0,0,0,7,0
"144",0,1,0,0,1
"145",0,0,0,2,4
"146",0,5,0,1,0
"147",0,0,3,1,0
"148",0,1,0,0,0
"149",0,1,6,0,1
"150",0,2,4,0,0
"151",0,0,0,6,3
"152",0,1,5,0,0
"153",0,0,0,6,3
"154",0,0,5,0,1
"155",0,7,1,0,0
"156",0,4,0,0,0
"157",1,6,0,0,0
"158",0,4,1,1,0
"159",0,1,2,1,0
"160",4,0,0,0,2
"161",0,4,8,0,0
"162",0,0,5,1,0
"163",0,4,4,0,0
"164",2,1,0,2,2
"165",0,2,0,1,0
"166",0,1,7,0,0
"167",0,5,0,0,1
"168",0,0,6,0,0
"169",0,1,0,0,7
"170",0,2,4,0,0
"171",0,3,1,0,1
"172",0,0,4,0,0
"173",3,0,0,0,0
"174",1,2,2,0,0
"175",1,1,2,0,1
"176",0,0,5,0,0
"177",0,0,3,3,0
"178",1,1,5,0,0
"179",6,3,0,0,0
"180",4,0,0,1,0
"181",0,0,6,1,0
"182",0,0,5,0,1
"183",0,0,2,0,1
"184",0,2,2,0,0
"185",0,0,0,2,4
"186",0,0,1,1,0
"187",0,1,3,0,0
"188",3,0,0,0,1
"189",3,0,2,0,0
"190",0,2,0,0,0
"191",0,3,0,0,2
"192",0,0,0,0,0
"193",0,5,2,0,0
"194",0,0,2,1,2
"195",0,1,1,3,0
"196",0,0,6,0,1
"197",0,0,4,0,2
"198",0,3,4,0,0
"199",0,1,5,0,1
"200",0,0,9,0,0
"201",0,0,1,4,2
"202",0,1,2,0,0
"203",1,1,1,1,0
"204",0,0,4,0,0
"205",0,3,3,0,0
"206",5,2,0,0,1
"207",5,0,1,1,0
"208",0,0,4,0,0
"209",2,7,0,0,0
"210",0,2,3,0,0
"211",0,2,6,0,0
"212",1,0,6,0,0
"213",1,4,0,0,0
"214",0,1,0,0,0
"215",0,0,4,0,3
"216",0,2,3,0,0
"217",1,0,2,0,0
"218",0,4,0,0,0
"219",2,2,1,0,0
"220",1,0,2,0,0
"221",0,0,4,1,1
"222",3,3,1,0,0
"223",0,2,0,0,0
"224",0,0,1,0,0
"225",0,0,0,7,1
"226",1,1,1,0,0
"227",5,1,1,0,0
"228",0,3,0,2,0
"229",1,0,2,0,0
"230",0,4,1,0,0
"231",0,1,8,0,0
"232",0,0,5,0,0
"233",0,0,3,0,2
"234",1,5,1,0,0
"235",0,0,4,1,0
"236",0,0,4,0,0
"237",0,0,11,0,1
"238",0,0,6,2,0
"239",0,4,0,2,0
"240",0,4,2,0,0
"241",0,1,4,2,0
"242",0,4,4,2,0
"243",0,1,3,0,2
"244",7,0,0,0,0
"245",0,2,1,0,0
"246",1,5,2,0,0
"247",1,0,5,0,0
"248",0,0,3,1,1
"249",0,1,4,0,1
"250",1,0,4,1,0
"251",2,1,3,0,0
"252",3,0,0,0,3
"253",1,0,5,0,0
"254",0,0,3,1,1
"255",1,8,0,0,0
"256",0,0,0,2,8
"257",0,2,2,0,0
"258",0,2,0,0,0
"259",0,2,5,0,0
"260",0,0,2,1,1
"261",2,0,4,0,0
"262",0,4,4,0,0
"263",0,5,3,1,0
"264",0,2,3,0,1
"265",1,1,1,0,0
"266",2,3,2,0,0
"267",0,0,1,0,3
"268",1,0,1,0,1
"269",0,0,4,1,0
"270",0,7,1,0,0
"271",2,0,1,0,0
"272",0,3,0,0,1
"273",0,0,3,0,1
"274",0,1,0,1,1
"275",0,5,1,0,0
"276",0,0,3,0,0
"277",1,0,4,0,0
"278",0,4,1,0,0
"279",0,0,1,5,1
"280",2,0,2,1,0
"281",3,0,0,1,0
"282",0,0,5,0,1
"283",1,1,3,0,0
"284",0,0,0,4,2
"285",1,0,2,1,0
"286",0,0,6,0,0
"287",3,0,0,0,0
"288",0,0,3,0,0
"289",0,0,4,2,0
"290",2,0,0,0,0
"291",1,4,0,0,0
"292",0,1,5,2,0
"293",1,1,3,0,0
"294",0,0,6,3,1
"295",0,0,6,0,0
"296",0,4,0,0,0
"297",0,1,3,0,0
"298",0,0,7,0,1
"299",0,2,0,0,0
"300",0,0,4,1,0
"301",0,5,1,1,0
"302",1,2,1,0,0
"303",0,0,3,0,1
"304",0,2,0,2,0
"305",3,3,0,0,0
"306",0,0,4,0,0
"307",0,1,3,2,0
"308",0,0,0,5,3
"309",0,0,3,4,0
"310",0,0,0,1,8
"311",0,2,5,0,0
"312",1,4,0,2,0
"313",3,4,0,0,0
"314",0,0,2,0,1
"315",0,0,2,2,0
"316",1,5,0,0,0
"317",0,0,1,1,3
"318",1,2,1,0,0
"319",0,0,1,3,6
"320",0,3,2,2,1
"321",0,0,0,0,4
"322",0,0,3,0,0
"323",0,3,5,3,0
"324",0,2,2,0,0
"325",0,1,3,0,0
"326",0,0,0,2,3
"327",1,4,1,0,0
"328",0,1,0,2,2
"329",0,0,4,0,0
"330",0,3,0,0,1
"331",0,6,0,0,0
"332",0,2,5,0,0
"333",1,2,4,0,0
"334",0,1,1,2,0
"335",0,0,2,0,1
"336",0,0,0,6,0
"337",0,0,6,2,0
"338",0,0,2,4,0
"339",0,0,5,2,0
"340",0,0,4,1,0
"341",0,0,3,0,0
"342",0,1,5,1,0
"343",1,4,0,0,0
"344",0,0,0,6,2
"345",0,1,2,0,0
"346",5,0,0,0,0
"347",1,0,0,0,2
"348",0,0,4,0,1
"349",0,3,0,1,0
"350",1,0,4,0,0
"351",0,0,3,1,1
"352",0,0,4,0,0
"353",0,0,0,3,1
"354",1,4,2,0,0
"355",0,0,1,4,3
"356",0,0,8,0,1
"357",0,0,1,4,4
"358",4,2,0,0,0
"359",0,1,1,1,2
"360",1,2,0,0,0
"361",0,0,0,3,1
"362",0,0,2,0,6
"363",0,1,2,2,2
"364",0,6,1,0,0
"365",0,0,7,3,0
"366",0,5,1,0,0
"367",2,2,1,0,1
"368",0,5,4,0,0
"369",0,0,4,1,1
"370",1,1,2,0,0
"371",0,1,0,0,0
"372",0,4,1,0,0
"373",1,4,4,0,0
"374",0,0,6,0,0
"375",0,0,0,1,7
"376",1,0,8,0,0
"377",1,1,3,0,0
"378",0,3,0,0,0
"379",7,0,0,0,0
"380",0,7,0,0,0
"381",2,1,1,0,0
"382",0,2,4,0,0
"383",0,0,6,0,1
"384",0,1,0,0,0
"385",0,6,1,0,0
"386",2,1,1,0,0
"387",0,0,6,1,0
"388",3,3,0,0,0
"389",0,2,2,0,0
"390",0,4,0,0,0
"391",0,2,0,0,0
"392",0,5,0,0,1
"393",3,0,0,0,0
"394",0,4,2,2,0
"395",0,1,2,0,0
"396",2,2,2,0,0
"397",0,0,0,6,0
"398",0,0,7,0,2
"399",0,1,4,0,0
"400",0,2,2,0,0
"401",0,4,0,1,0
"402",0,1,5,0,0
"403",0,1,5,0,0
"404",0,3,0,0,2
"405",0,0,2,0,2
"406",0,2,0,1,0
"407",0,4,0,0,2
"408",1,1,0,0,0
"409",1,2,0,0,0
"410",0,0,3,0,0
"411",0,5,1,0,1
"412",0,0,4,3,0
"413",0,0,2,4,0
"414",0,5,1,0,1
"415",1,3,0,0,0
"416",0,0,0,8,0
"417",3,1,2,0,0
"418",1,3,0,0,0
"419",0,6,0,0,0
"420",6,0,0,1,0
"421",0,0,7,1,0
"422",0,0,1,0,7
"423",2,2,0,1,0
"424",0,1,4,0,0
"425",0,0,4,1,0
"426",1,1,0,0,2
"427",2,3,1,0,0
"428",0,1,0,0,2
"429",0,0,5,0,2
"430",0,0,2,2,2
"431",0,0,3,0,0
"432",0,1,4,0,0
"433",0,0,8,1,0
"434",0,0,7,0,0
"435",0,0,6,0,0
"436",0,0,8,0,1
"437",0,0,7,1,0
"438",0,1,4,0,1
"439",0,0,5,0,0
"440",0,0,1,6,1
"441",0,2,0,0,2
"442",0,0,2,0,2
"443",0,0,1,0,4
"444",4,1,2,0,0
"445",4,0,0,0,2
"446",5,0,0,0,0
"447",0,0,0,1,6
"448",2,3,0,0,0
"449",0,0,6,0,0
"450",1,0,4,1,0
"451",1,1,6,0,0
"452",0,0,8,1,0
"453",0,4,2,0,0
"454",0,0,0,0,0
"455",0,2,6,0,0
"456",1,0,3,0,0
"457",0,0,8,1,0
"458",0,1,7,0,0
"459",3,1,1,0,0
"460",0,0,5,0,0
"461",0,0,4,0,0
"462",0,0,0,3,2
"463",5,0,0,0,0
"464",0,0,4,0,2
"465",1,0,5,0,0
"466",0,0,1,1,7
"467",0,1,8,2,0
"468",4,0,1,0,1
"469",3,0,3,0,0
"470",0,2,2,0,0
"471",0,0,4,1,0
"472",1,3,1,0,0
"473",0,0,2,6,0
"474",0,1,0,0,0
"475",0,0,2,3,6
"476",0,0,2,0,2
"477",0,1,3,0,0
"478",1,2,0,0,0
"479",0,3,3,0,0
"480",2,0,0,0,0
"481",0,4,2,0,0
"482",2,2,2,0,0
"483",0,1,0,0,0
"484",0,0,4,1,0
"485",0,0,4,0,0
"486",0,1,3,1,0
"487",0,0,1,2,1
"488",0,0,1,6,0
"489",0,0,8,2,0
"490",2,1,0,0,0
"491",3,3,2,0,0
"492",0,2,0,0,0
"493",0,1,5,0,0
"494",2,0,0,0,2
"495",4,2,1,0,0
"496",0,2,2,0,0
"497",0,0,4,0,0
"498",0,0,5,2,0
"499",1,0,3,0,0
"500",0,0,0,3,3
"501",2,0,0,0,0
"502",0,2,3,0,0
"503",0,0,4,1,2
"504",0,0,5,0,0
"505",0,6,0,0,0
"506",1,1,1,0,0
"507",0,0,3,0,2
"508",0,4,4,1,0
"509",1,6,0,0,0
"510",0,1,2,0,0
"511",0,1,2,0,1
"512",0,1,3,0,0
"513",0,0,3,0,0
"514",0,8,0,0,0
"515",0,0,6,2,0
"516",0,1,8,0,0
"517",4,1,0,0,0
"518",0,2,3,0,0
"519",0,0,5,1,0
"520",1,1,3,0,0
"521",0,0,0,4,1
"522",0,0,3,0,2
"523",4,0,0,0,0
"524",0,0,4,0,2
"525",0,1,6,0,0
"526",1,3,0,0,0
"527",0,2,0,2,0
"528",0,0,5,0,0
"529",0,1,3,0,0
"530",0,2,4,0,0
"531",0,3,2,0,0
"532",0,2,0,0,1
"533",1,2,0,0,0
"534",0,2,0,0,0
"535",1,0,3,1,0
"536",0,0,5,0,0
"537",1,7,0,0,0
"538",1,3,0,0,0
"539",0,0,5,0,0
"540",0,1,0,4,0
"541",0,0,3,0,1
"542",0,0,7,0,0
"543",0,2,0,0,0
"544",2,7,0,0,0
"545",0,0,3,1,0
"546",0,0,3,2,0
"547",0,5,0,0,2
"548",1,1,1,0,0
"549",0,1,4,1,0
"550",1,0,1,2,0
"551",1,0,8,0,0
"552",0,0,4,1,0
"553",0,0,7,0,0
"554",0,0,2,2,1
"555",0,0,4,2,0
"556",0,3,0,0,0
"557",0,2,1,0,0
"558",1,0,4,2,0
"559",1,3,1,2,0
"560",0,0,0,0,8
"561",0,6,0,0,0
"562",2,1,0,0,2
"563",0,1,3,0,2
"564",2,1,0,0,0
"565",0,4,3,0,0
"566",0,1,0,0,2
"567",1,0,5,0,0
"568",1,0,5,0,0
"569",0,0,4,0,0
"570",0,3,1,0,0
"571",0,1,3,0,0
"572",0,0,2,0,1
"573",0,2,1,0,1
"574",0,1,4,0,0
"575",0,0,7,0,0
"576",0,4,4,0,0
"577",1,0,1,1,0
"578",0,0,3,0,0
"579",1,0,4,0,0
"580",2,1,1,0,0
"581",0,0,4,0,0
"582",0,0,4,0,0
"583",1,0,4,3,0
"584",0,4,1,0,0
"585",1,4,1,0,0
"586",0,1,0,3,0
"587",0,0,3,0,1
"588",0,0,6,1,0
"589",0,0,1,0,0
"590",0,0,0,5,3
"591",0,1,3,0,2
"592",0,2,0,2,1
"593",0,2,2,0,0
"594",3,0,1,0,0
"595",0,0,4,2,0
"596",0,2,1,0,0
"597",0,0,7,0,1
"598",4,2,0,0,0
"599",4,2,2,0,0
"600",1,1,3,0,0
"601",1,4,2,0,0
"602",1,0,8,0,0
"603",4,0,0,0,0
"604",0,1,1,0,0
"605",0,6,1,1,0
"606",0,1,2,2,0
"607",1,2,0,0,0
"608",0,2,2,0,0
"609",0,0,2,3,2
"610",0,6,4,0,0
"611",2,2,0,0,0
"612",0,3,0,0,0
"613",0,3,0,0,0
"614",0,1,1,1,1
"615",0,2,1,0,1
"616",0,0,6,1,0
"617",1,3,0,0,0
"618",0,2,3,0,0
"619",2,0,0,0,0
"620",0,4,4,2,0
"621",1,2,5,2,0
"622",0,2,0,0,1
"623",3,3,0,0,0
"624",1,0,4,0,1
"625",1,1,5,0,0
"626",1,0,4,0,0
"627",0,4,2,0,1
"628",0,1,2,0,0
"629",0,0,3,0,2
"630",1,0,1,0,0
"631",2,3,0,0,1
"632",1,2,0,0,0
"633",0,0,0,5,0
"634",0,0,0,0,7
"635",0,0,0,0,4
"636",0,1,5,0,0
"637",0,0,2,3,0
"638",1,0,2,2,0
"639",0,1,0,0,0
"640",2,0,0,0,0
"641",0,7,2,0,0
"642",0,0,6,0,0
"643",6,0,0,0,0
"644",0,1,4,0,0
"645",0,1,7,0,0
"646",1,5,0,0,0
"647",2,2,2,0,0
"648",6,0,1,0,2
"649",0,0,8,0,1
"650",0,0,2,0,1
"651",0,0,8,0,2
"652",0,1,1,2,0
"653",2,3,2,0,0
"654",2,4,0,0,0
"655",0,0,5,1,0
"656",0,0,5,0,0
"657",0,8,1,2,0
"658",4,1,1,0,0
"659",0,3,1,0,0
"660",2,0,0,0,0
"661",0,0,1,2,2
"662",2,3,0,0,0
"663",4,0,2,0,0
"664",0,0,4,2,0
"665",0,1,1,4,0
"666",0,1,0,4,1
"667",3,0,0,0,0
"668",1,1,2,0,0
"669",0,0,5,0,0
"670",0,2,1,0,0
"671",0,2,6,0,0
"672",0,1,0,5,0
"673",0,0,0,5,3
"674",1,0,7,0,0
"675",1,4,1,0,0
"676",1,6,2,3,1
"677",0,0,7,0,0
"678",0,1,2,2,0
"679",0,0,1,7,0
"680",1,3,0,0,2
"681",3,0,1,0,1
"682",0,0,1,3,5
"683",6,0,0,0,0
"684",0,0,3,0,2
"685",2,3,0,0,0
"686",0,0,4,1,0
"687",0,2,2,0,0
"688",0,0,2,4,5
"689",0,2,1,2,0
"690",0,1,7,0,1
"691",0,1,2,1,0
"692",1,0,0,0,2
"693",0,1,3,0,1
"694",4,0,1,0,0
"695",0,0,4,0,0
"696",1,7,0,0,2
"697",0,0,0,1,3
"698",1,3,2,0,0
"699",0,0,2,2,0
"700",0,0,3,1,0
"701",1,3,0,0,0
"702",2,3,0,0,0
"703",0,2,0,0,1
"704",0,3,5,0,0
"705",0,0,4,6,2
"706",0,0,2,1,0
"707",0,2,1,0,1
"708",0,0,2,5,0
"709",1,2,0,1,0
"710",0,1,1,0,0
"711",0,0,5,0,0
"712",0,2,5,0,0
"713",0,0,5,0,0
"714",0,0,3,6,2
"715",1,2,0,0,0
"716",0,0,5,0,2
"717",1,0,4,0,0
"718",2,1,0,0,0
"719",1,0,5,0,0
"720",1,7,0,0,0
"721",0,0,5,0,0
"722",2,0,0,0,0
"723",0,2,1,0,0
"724",0,0,8,0,0
"725",0,1,7,0,0
"726",1,0,2,0,0
"727",0,4,0,0,1
"728",0,0,0,2,3
"729",0,7,2,0,0
"730",0,0,2,2,2
"731",0,1,0,0,2
"732",2,5,0,0,0
"733",0,3,0,0,0
"734",1,1,1,0,0
"735",0,0,5,0,0
"736",1,4,1,0,0
"737",1,2,3,0,2
"738",0,5,1,0,0
"739",0,0,2,6,0
"740",1,1,0,0,0
"741",0,0,0,7,0
"742",4,1,0,0,0
"743",1,1,0,0,0
"744",0,0,5,0,1
"745",0,6,2,0,0
"746",0,0,2,4,3
"747",0,0,0,1,2
"748",1,4,0,0,0
"749",0,0,0,0,5
"750",0,0,6,2,0
"751",1,6,1,2,0
"752",0,0,5,2,0
"753",0,0,6,0,0
"754",0,3,2,0,0
"755",1,0,1,0,1
"756",0,0,0,5,2
"757",1,1,0,0,0
"758",0,0,1,5,1
"759",1,3,0,0,0
"760",0,4,1,0,1
"761",0,0,0,0,9
"762",1,7,1,0,0
"763",0,0,2,0,2
"764",0,1,6,2,3
"765",0,4,0,1,0
"766",0,0,3,3,0
"767",0,0,2,0,1
"768",1,1,3,0,0
"769",0,0,6,0,1
"770",3,0,0,1,0
"771",0,0,0,3,8
"772",0,0,0,4,2
"773",0,3,0,0,0
"774",0,1,4,2,0
"775",0,5,1,0,1
"776",0,1,5,0,0
"777",0,2,3,0,0
"778",0,1,4,0,0
"779",0,0,5,0,0
"780",4,1,1,0,0
"781",0,5,0,0,1
"782",0,0,6,4,0
"783",0,0,3,0,2
"784",0,0,0,1,7
"785",0,1,0,3,2
"786",0,0,9,0,0
"787",0,0,5,0,0
"788",1,2,3,0,0
"789",0,3,0,0,0
"790",1,2,0,0,0
"791",4,0,1,0,1
"792",0,2,0,0,0
"793",0,2,0,3,0
"794",0,5,0,0,0
"795",2,1,0,0,0
"796",0,0,5,0,0
"797",0,1,0,2,1
"798",0,0,9,0,0
"799",0,0,0,1,8
"800",2,0,2,0,1
"801",0,2,1,0,0
"802",0,1,2,1,0
"803",1,1,1,2,0
"804",0,3,1,0,0
"805",0,0,8,0,0
"806",3,0,1,0,1
"807",0,0,2,2,2
"808",0,0,6,1,0
"809",0,0,0,7,5
"810",1,0,3,0,1
"811",0,0,3,0,2
"812",0,3,0,0,0
"813",1,5,0,0,0
"814",2,0,2,0,0
"815",0,0,5,1,1
"816",0,3,1,0,0
"817",0,3,1,1,0
"818",0,0,3,0,3
"819",0,0,3,0,0
"820",0,6,0,1,0
"821",0,4,1,0,0
"822",0,2,4,0,0
"823",0,4,0,0,0
"824",0,0,8,0,0
"825",0,0,2,0,0
"826",0,0,5,1,0
"827",1,6,0,0,0
"828",0,0,3,2,0
"829",0,0,3,0,1
"830",0,0,5,4,0
"831",0,6,1,1,0
"832",0,3,1,0,0
"833",0,0,0,1,1
"834",0,2,0,0,0
"835",1,1,1,2,0
"836",1,0,2,0,0
"837",2,1,0,0,0
"838",0,0,4,0,0
"839",0,0,0,3,5
"840",0,1,4,2,0
"841",0,0,3,0,1
"842",0,1,6,0,0
"843",1,3,0,2,0
"844",0,0,0,3,7
"845",0,2,5,0,0
"846",0,1,2,0,0
"847",1,0,4,0,1
"848",0,4,2,0,0
"849",1,0,6,0,0
"850",0,0,5,0,0
"851",0,0,6,0,0
"852",0,6,0,0,0
"853",1,0,5,0,0
"854",0,1,2,4,2
"855",0,0,4,1,0
"856",0,1,6,0,2
"857",1,0,3,0,0
"858",0,3,1,0,0
"859",4,1,0,0,0
"860",0,0,1,3,7
"861",0,3,3,0,0
"862",1,7,0,0,0
"863",0,0,1,1,0
"864",0,0,8,0,2
"865",0,0,3,1,2
"866",2,8,2,0,0
"867",0,1,6,0,0
"868",0,0,5,0,1
"869",0,2,2,1,0
"870",1,2,0,0,0
"871",0,0,0,0,8
"872",1,0,2,0,0
"873",2,3,0,0,0
"874",0,0,5,0,7
"875",1,1,0,1,0
"876",0,1,2,1,0
"877",0,1,3,0,0
"878",0,8,1,0,0
"879",0,0,1,3,0
"880",0,3,0,0,0
"881",2,2,0,0,0
"882",0,0,4,0,2
"883",0,0,5,2,0
"884",0,0,0,6,2
"885",2,3,2,0,0
"886",2,0,0,0,0
"887",1,0,5,0,0
"888",0,3,0,1,2
"889",0,1,0,5,0
"890",0,0,6,4,0
"891",1,0,7,0,0
"892",0,0,2,3,0
"893",0,0,1,0,2
"894",0,0,7,2,0
"895",0,0,0,4,5
"896",1,1,1,0,0
"897",0,1,0,6,0
"898",1,7,0,0,0
"899",0,3,0,3,0
"900",0,2,6,0,0
"901",0,0,2,1,0
"902",0,0,3,0,0
"903",4,1,0,0,0
"904",0,0,4,6,0
"905",0,3,0,0,0
"906",1,0,5,0,0
"907",0,0,3,0,1
"908",0,5,0,0,2
"909",0,2,4,2,0
"910",3,0,1,0,0
"911",3,0,0,2,1
"912",0,5,0,2,0
"913",1,5,2,0,0
"914",0,0,5,0,0
"915",1,4,1,0,0
"916",0,2,2,0,0
"917",1,0,4,0,0
"918",0,0,4,0,0
"919",1,1,3,0,0
"920",3,2,3,0,0
"921",4,3,0,0,0
"922",3,4,0,0,0
"923",0,1,6,0,0
"924",2,5,1,0,0
"925",1,0,6,0,0
"926",1,1,3,0,0
"927",0,0,3,1,0
"928",0,0,0,0,6
"929",0,0,7,1,4
"930",0,0,9,1,0
"931",0,0,0,5,5
"932",0,0,6,0,1
"933",0,0,2,1,1
"934",1,0,3,0,0
"935",1,0,5,0,0
"936",0,0,4,0,0
"937",1,3,0,2,0
"938",0,0,3,3,0
"939",0,3,0,2,1
"940",2,0,0,2,0
"941",1,1,2,0,0
"942",2,0,0,0,0
"943",0,0,4,3,2
"944",1,3,0,0,0
"945",0,0,5,0,0
"946",0,3,0,0,0
"947",0,0,9,0,0
"948",0,2,3,0,0
"949",0,0,2,0,0
"950",2,1,0,0,0
"951",0,5,1,0,0
"952",0,1,0,0,5
"953",0,1,0,4,3
"954",1,1,3,0,0
"955",0,2,0,0,0
"956",1,2,0,0,0
"957",0,0,0,2,5
"958",0,0,3,0,3
"959",0,0,5,0,1
"960",0,0,7,0,0
"961",1,6,0,0,0
"962",4,0,0,0,0
"963",0,0,0,1,9
"964",2,1,0,0,0
"965",0,2,1,0,0
"966",0,0,5,4,0
"967",0,0,1,7,2
"968",0,0,0,6,0
"969",2,5,0,0,0
"970",0,0,0,0,6
"971",1,0,0,0,0
"972",0,0,1,0,9
"973",0,0,6,0,0
"974",0,2,0,1,0
"975",0,0,2,6,0
"976",1,7,0,0,0
"977",0,0,1,3,0
"978",1,1,2,0,0
"979",0,1,3,0,1
"980",3,0,0,0,0
"981",0,0,6,0,0
"982",1,6,0,0,0
"983",0,0,0,3,4
"984",0,0,5,0,1
"985",0,2,3,0,1
"986",0,2,0,0,2
"987",0,0,4,1,0
"988",0,2,1,0,0
"989",0,0,0,2,5
"990",0,0,1,0,1
"991",2,2,1,0,0
"992",0,3,2,0,0
"993",1,2,0,0,1
"994",0,0,0,7,0
"995",3,1,0,0,0
"996",0,0,6,0,0
"997",1,2,4,0,0
"998",0,0,0,2,4
"999",3,0,0,0,0
"1000",0,0,8,0,0
"1001",0,4,1,0,0
"1002",3,0,0,0,0
"1003",0,1,2,2,0
"1004",0,0,4,0,0
"1005",0,6,2,0,0
"1006",0,7,0,0,0
"1007",1,0,3,0,0
"1008",2,3,0,0,0
"1009",0,5,2,0,0
"1010",0,4,2,0,0
"1011",4,0,0,0,3
"1012",0,0,5,1,0
"1013",1,3,0,0,0
"1014",0,0,7,1,2
"1015",3,0,0,0,1
"1016",0,0,5,0,0
"1017",0,4,1,0,0
"1018",0,1,7,1,0
"1019",0,0,0,0,8
"1020",2,1,1,0,0
"1021",0,0,1,8,0
"1022",0,3,1,0,0
"1023",0,0,8,0,0
"1024",1,1,0,0,1
"1025",0,0,7,1,0
"1026",0,4,1,0,0
"1027",0,0,0,1,8
"1028",0,0,1,4,2
"1029",0,0,4,0,2
"1030",2,0,1,0,0
"1031",0,4,0,0,1
"1032",0,0,3,0,0
"1033",0,0,5,1,2
"1034",0,0,5,1,0
"1035",0,0,2,0,3
"1036",3,5,0,0,0
"1037",0,0,9,0,1
"1038",0,4,3,2,0
"1039",0,0,3,1,0
"1040",0,0,7,1,0
"1041",0,4,3,1,0
"1042",0,2,5,0,0
"1043",0,0,1,4,0
"1044",0,0,0,6,2
"1045",0,0,1,6,0
"1046",0,3,1,0,0
"1047",0,3,2,0,0
"1048",0,3,4,0,0
"1049",0,0,4,0,0
"1050",0,0,1,0,2
"1051",0,6,0,0,0
"1052",1,3,1,0,0
"1053",0,2,4,0,0
"1054",0,0,0,4,1
"1055",0,0,5,0,0
"1056",1,2,0,0,0
"1057",0,0,2,5,4
"1058",0,0,4,4,2
"1059",0,2,3,0,0
"1060",0,1,4,0,0
"1061",3,1,1,0,0
"1062",0,7,0,0,2
"1063",5,2,0,0,0
"1064",2,1,2,0,0
"1065",0,0,2,3,2
"1066",0,0,1,4,2
"1067",0,0,0,3,5
"1068",2,2,0,0,0
"1069",0,0,4,1,0
"1070",0,0,0,0,0
"1071",1,0,2,1,0
"1072",0,0,3,3,0
"1073",4,0,1,0,1
"1074",2,3,0,1,0
"1075",7,0,0,0,2
"1076",0,0,0,2,6
"1077",5,0,0,0,0
"1078",0,1,2,1,0
"1079",1,0,3,0,1
"1080",0,3,0,1,2
"1081",0,3,0,1,0
"1082",0,0,0,0,4
"1083",0,3,1,0,0
"1084",0,0,8,1,0
"1085",1,0,4,0,0
"1086",0,1,1,1,1
"1087",0,0,7,0,0
"1088",0,0,7,0,2
"1089",2,2,2,0,0
"1090",1,1,2,0,0
"1091",2,3,0,0,0
"1092",0,1,4,0,0
"1093",0,0,7,1,0
"1094",0,3,3,2,1
"1095",0,0,4,3,1
"1096",0,0,4,0,0
"1097",0,0,2,1,0
"1098",0,0,4,0,2
"1099",1,3,0,0,0
"1100",0,0,6,1,0
"1101",0,0,0,3,3
"1102",0,0,4,0,1
"1103",0,0,4,3,0
"1104",0,6,0,0,1
"1105",0,0,2,0,2
"1106",0,0,4,1,2
"1107",0,0,7,1,0
"1108",0,0,3,0,0
"1109",5,4,0,0,0
"1110",0,0,3,0,1
"1111",0,0,6,0,1
"1112",0,1,0,6,1
"1113",0,0,0,2,1
"1114",0,2,4,0,0
"1115",1,4,1,0,0
"1116",0,2,0,3,0
"1117",1,2,1,0,0
"1118",0,0,5,0,0
"1119",5,0,0,0,0
"1120",1,0,2,0,0
"1121",1,3,0,0,0
"1122",1,0,5,0,1
"1123",0,2,3,0,3
"1124",0,0,0,1,6
"1125",0,0,1,2,0
"1126",1,3,0,0,0
"1127",0,0,6,0,0
"1128",0,0,4,0,1
"1129",0,0,0,0,10
"1130",0,5,0,2,0
"1131",0,1,7,0,0
"1132",0,0,1,0,3
"1133",0,0,1,0,2
"1134",0,4,0,0,2
"1135",0,1,5,1,0
"1136",1,3,0,0,2
"1137",1,5,0,0,0
"1138",0,0,5,1,0
"1139",1,2,1,0,0
"1140",1,5,0,0,0
"1141",0,0,7,0,0
"1142",0,3,0,2,0
"1143",1,0,1,4,0
"1144",0,2,0,0,0
"1145",1,1,5,0,0
"1146",0,3,0,0,1
"1147",0,0,0,1,3
"1148",0,0,1,1,6
"1149",1,3,0,0,0
"1150",1,2,0,0,1
"1151",2,0,0,0,0
"1152",1,0,1,3,0
"1153",1,2,0,0,2
"1154",1,5,0,0,0
"1155",5,0,0,0,0
"1156",0,0,3,0,0
"1157",0,0,4,0,0
"1158",0,0,0,6,0
"1159",0,0,6,0,0
"1160",1,0,4,0,0
"1161",0,0,1,0,1
"1162",0,2,0,0,0
"1163",0,0,5,0,2
"1164",0,0,5,3,0
"1165",0,3,2,0,0
"1166",1,4,0,1,3
"1167",0,1,0,5,1
"1168",0,0,0,3,6
"1169",0,0,0,6,5
"1170",1,0,0,5,0
"1171",0,1,5,0,0
"1172",3,1,0,1,0
"1173",0,3,0,1,0
"1174",0,4,0,1,2
"1175",0,0,3,5,1
"1176",0,1,5,0,0
"1177",0,1,0,0,2
"1178",1,0,7,0,0
"1179",0,0,7,3,0
"1180",2,5,2,0,0
"1181",0,0,4,0,1
"1182",0,0,2,5,0
"1183",0,1,0,0,0
"1184",0,0,2,2,0
"1185",2,6,0,0,0
"1186",0,0,5,0,0
"1187",0,0,3,0,2
"1188",0,2,1,0,0
"1189",0,0,1,6,0
"1190",0,0,1,6,0
"1191",0,0,5,0,0
"1192",0,0,3,1,2
"1193",0,0,3,2,0
"1194",3,1,1,0,0
"1195",0,0,2,0,0
"1196",0,5,2,0,0
"1197",2,4,0,0,0
"1198",0,6,2,0,0
"1199",0,0,0,0,8
"1200",0,3,5,0,0
"1201",4,0,0,0,0
"1202",0,2,6,0,0
"1203",1,1,0,0,1
"1204",4,0,0,0,0
"1205",0,0,1,5,2
"1206",0,5,2,0,0
"1207",0,0,5,0,0
"1208",0,1,0,0,2
"1209",3,1,1,0,0
"1210",0,2,3,0,0
"1211",1,4,2,0,0
"1212",0,0,1,5,0
"1213",2,2,0,0,0
"1214",2,0,2,0,1
"1215",0,0,0,0,8
"1216",0,0,0,7,2
"1217",1,4,1,0,3
"1218",1,3,0,0,0
"1219",0,1,5,2,0
"1220",0,0,8,0,2
"1221",0,0,0,0,5
"1222",0,1,7,0,0
"1223",0,0,8,0,0
"1224",1,2,0,0,0
"1225",0,0,4,0,1
"1226",1,0,0,0,0
"1227",0,0,0,1,7
"1228",0,0,1,0,4
"1229",1,0,3,0,0
"1230",0,0,0,0,4
"1231",0,0,0,1,5
"1232",0,3,0,0,0
"1233",0,0,0,5,4
"1234",0,0,6,0,0
"1235",0,0,2,0,2
"1236",0,0,5,0,0
"1237",3,6,0,0,0
"1238",0,0,1,2,0
"1239",0,0,1,0,6
"1240",0,2,0,2,0
"1241",1,0,4,0,0
"1242",0,2,0,0,0
"1243",0,7,0,0,1
"1244",0,2,0,0,0
"1245",0,0,6,0,0
"1246",0,5,2,0,0
"1247",1,5,0,0,1
"1248",0,1,1,0,0
"1249",0,0,7,1,0
"1250",1,0,0,0,0
"1251",1,1,0,0,0
"1252",0,3,3,0,0
"1253",0,0,0,5,1
"1254",1,0,1,0,1
"1255",0,0,1,0,2
"1256",0,0,0,1,4
"1257",0,0,0,0,6
"1258",0,0,5,0,0
"1259",4,2,0,0,0
"1260",0,6,0,0,2
"1261",0,1,0,2,0
"1262",0,0,4,0,0
"1263",0,0,4,0,3
"1264",3,0,1,0,0
"1265",0,0,3,1,0
"1266",0,0,0,2,5
"1267",3,0,0,0,1
"1268",0,0,3,0,2
"1269",0,2,4,0,0
"1270",2,3,0,0,0
"1271",0,2,0,2,0
"1272",0,0,3,1,2
"1273",0,0,3,0,1
"1274",0,1,0,1,3
"1275",1,1,3,0,0
"1276",0,7,2,0,0
"1277",0,2,0,1,0
"1278",0,1,3,0,0
"1279",1,1,1,0,2
"1280",1,0,1,3,0
"1281",1,2,0,1,0
"1282",0,0,4,0,0
"1283",0,1,1,0,0
"1284",0,0,0,0,8
"1285",2,3,0,0,0
"1286",0,1,1,1,0
"1287",0,1,1,0,1
"1288",2,0,2,0,0
"1289",0,0,0,2,6
"1290",0,1,2,0,0
"1291",0,1,1,0,0
"1292",0,0,0,0,5
"1293",0,4,2,0,0
"1294",1,5,0,0,0
"1295",0,1,1,4,0
"1296",1,2,0,0,0
"1297",0,0,0,3,5
"1298",0,1,6,2,0
"1299",0,1,3,2,0
"1300",0,0,8,0,0
"1301",4,2,4,0,0
"1302",0,1,8,1,0
"1303",2,0,2,0,0
"1304",0,0,7,0,0
"1305",0,0,3,0,2
"1306",3,3,3,0,0
"1307",0,1,5,1,0
"1308",0,0,2,3,0
"1309",0,1,3,1,0
"1310",0,2,7,0,0
"1311",0,1,0,6,0
"1312",0,0,4,1,0
"1313",0,1,5,0,0
"1314",3,0,0,0,0
"1315",0,0,2,0,0
"1316",0,5,0,0,0
"1317",0,0,5,1,0
"1318",2,1,2,0,0
"1319",0,0,6,0,0
"1320",0,0,5,0,2
"1321",2,4,1,0,0
"1322",0,0,4,0,1
"1323",3,1,2,0,0
"1324",0,0,4,5,1
"1325",0,0,4,0,0
"1326",0,3,0,0,1
"1327",0,3,0,0,0
"1328",0,0,1,4,2
"1329",0,6,0,0,1
"1330",0,1,4,6,0
"1331",0,1,2,0,0
"1332",0,0,4,0,1
"1333",1,0,0,0,0
"1334",6,2,0,0,0
"1335",1,0,1,0,0
"1336",0,0,0,1,7
"1337",0,0,4,0,0
"1338",0,1,6,0,0
"1339",0,3,3,0,0
"1340",1,2,0,0,0
"1341",4,2,1,2,0
"1342",3,3,1,0,0
"1343",0,0,0,0,6
"1344",0,0,2,0,1
"1345",0,3,0,0,0
"1346",0,1,6,0,0
"1347",0,1,7,0,0
"1348",0,0,1,0,1
"1349",0,0,1,5,0
"1350",0,3,4,0,0
"1351",1,0,2,0,0
"1352",3,0,0,0,2
"1353",0,4,1,0,0
"1354",1,0,0,0,0
"1355",2,1,2,0,0
"1356",2,2,0,0,0
"1357",0,0,2,2,4
"1358",6,1,0,0,0
"1359",0,0,4,0,0
"1360",0,0,3,0,1
"1361",0,3,0,2,0
"1362",0,0,1,7,1
"1363",3,0,2,0,0
"1364",0,1,0,0,0
"1365",2,0,0,0,0
"1366",0,0,0,0,10
"1367",0,0,8,0,0
"1368",0,3,2,0,0
"1369",0,3,2,0,0
"1370",0,0,7,1,0
"1371",0,0,8,0,1
"1372",0,1,2,0,0
"1373",0,3,2,0,0
"1374",3,1,0,0,0
"1375",0,4,0,1,0
"1376",2,1,0,0,2
"1377",0,1,2,0,0
"1378",0,0,7,0,1
"1379",0,4,1,0,0
"1380",0,1,0,2,3
"1381",0,0,8,1,0
"1382",0,6,0,1,0
"1383",1,0,4,0,1
"1384",0,1,1,4,0
"1385",1,1,1,0,0
"1386",0,0,5,0,0
"1387",1,1,0,0,0
"1388",0,0,6,2,0
"1389",0,0,7,4,2
"1390",0,4,0,0,0
"1391",0,0,0,9,0
"1392",5,0,0,0,0
"1393",0,1,3,0,0
"1394",2,1,0,0,0
"1395",1,5,0,0,0
"1396",2,7,1,0,0
"1397",1,1,0,0,1
"1398",0,0,0,1,4
"1399",4,1,0,0,0
"1400",2,3,0,0,0
"1401",0,0,5,2,1
"1402",0,3,3,2,0
"1403",0,1,0,5,2
"1404",2,1,0,0,0
"1405",0,0,4,0,0
"1406",0,2,4,0,0
"1407",0,5,1,0,0
"1408",0,0,5,4,0
"1409",0,0,4,0,0
"1410",0,0,3,0,2
"1411",1,0,5,1,0
"1412",0,6,0,0,0
"1413",1,0,2,0,0
"1414",0,3,1,0,0
"1415",0,0,0,0,1
"1416",1,5,0,0,0
"1417",0,1,0,0,4
"1418",0,0,0,5,3
"1419",0,1,6,0,0
"1420",0,6,0,0,0
"1421",0,0,5,0,0
"1422",0,0,8,2,0
"1423",0,0,4,0,1
"1424",0,5,1,0,0
"1425",0,1,3,0,0
"1426",0,0,3,0,0
"1427",0,0,1,1,3
"1428",3,1,0,0,0
"1429",4,2,0,0,0
"1430",1,2,3,0,0
"1431",1,0,4,0,0
"1432",1,4,0,0,0
"1433",0,6,1,2,0
"1434",0,1,0,1,3
"1435",0,2,2,0,0
"1436",4,1,0,0,0
"1437",0,0,3,0,3
"1438",0,1,1,2,0
"1439",3,5,0,0,0
"1440",0,0,6,0,0
"1441",0,0,5,1,0
"1442",0,1,1,4,0
"1443",0,6,0,2,0
"1444",0,0,4,5,1
"1445",0,0,0,0,6
"1446",1,1,5,0,0
"1447",1,0,7,0,0
"1448",0,1,2,0,0
"1449",0,2,5,0,0
"1450",2,2,0,0,0
"1451",3,0,0,0,0
"1452",0,0,6,0,0
"1453",2,0,0,0,0
"1454",0,0,3,0,0
"1455",0,0,5,0,1
"1456",0,6,0,0,0
"1457",0,2,4,2,0
"1458",0,0,2,0,1
"1459",0,0,0,5,4
"1460",0,0,6,0,0
"1461",0,5,1,0,0
"1462",1,1,4,0,0
"1463",0,5,5,1,0
"1464",0,0,1,0,1
"1465",0,0,5,1,0
"1466",0,5,0,0,1
"1467",0,0,1,6,2
"1468",0,0,2,0,4
"1469",2,4,3,1,0
"1470",0,2,2,0,0
"1471",0,1,6,3,0
"1472",0,0,6,0,1
"1473",0,0,1,6,4
"1474",0,1,0,1,1
"1475",0,2,2,0,0
"1476",6,0,2,0,0
"1477",4,0,0,1,0
"1478",1,0,5,0,0
"1479",0,3,2,0,0
"1480",0,0,6,0,0
"1481",0,0,0,3,6
"1482",0,0,3,1,1
"1483",0,2,5,0,0
"1484",3,0,0,0,0
"1485",0,0,1,5,3
"1486",0,0,6,2,0
"1487",0,0,1,0,3
"1488",0,0,8,0,0
"1489",0,0,0,0,0
"1490",0,0,2,1,0
"1491",0,0,2,0,1
"1492",0,0,3,3,0
"1493",0,0,6,0,1
"1494",5,0,0,0,0
"1495",1,0,2,1,0
"1496",1,1,0,0,0
"1497",0,4,1,0,0
"1498",1,0,1,0,1
"1499",0,3,3,0,0
"1500",4,0,2,0,0
"1501",0,3,2,0,0
"1502",1,0,3,0,1
"1503",0,6,1,0,0
"1504",0,4,0,0,0
"1505",0,0,5,1,2
"1506",0,10,0,1,0
"1507",0,0,3,0,1
"1508",0,2,5,1,0
"1509",4,0,0,0,0
"1510",0,0,8,0,2
"1511",0,0,11,0,2
"1512",0,0,1,0,6
"1513",1,0,2,0,0
"1514",1,1,0,0,0
"1515",0,9,0,0,0
"1516",0,0,1,0,2
"1517",0,4,1,2,0
"1518",0,1,5,1,1
"1519",3,2,0,0,0
"1520",1,0,3,0,0
"1521",0,2,2,0,0
"1522",0,3,2,0,0
"1523",0,0,7,1,0
"1524",0,2,3,1,0
"1525",0,0,2,3,1
"1526",1,5,1,0,0
"1527",2,1,0,0,0
"1528",0,0,4,0,1
"1529",3,1,0,0,0
"1530",1,6,2,0,0
"1531",0,0,6,0,0
"1532",1,1,0,1,0
"1533",1,2,0,0,0
"1534",0,0,6,0,0
"1535",0,1,1,0,0
"1536",3,1,0,0,0
"1537",0,0,6,0,0
"1538",0,0,5,0,0
"1539",0,3,0,0,2
"1540",0,0,1,1,0
"1541",0,0,2,0,0
"1542",0,1,3,2,0
"1543",0,0,1,4,3
"1544",1,0,0,0,2
"1545",0,0,3,0,0
"1546",0,0,7,1,0
"1547",0,1,2,0,0
"1548",5,2,1,0,0
"1549",5,0,0,0,0
"1550",1,3,5,0,0
"1551",0,1,4,0,0
"1552",0,0,2,0,0
"1553",0,0,8,0,0
"1554",0,1,6,0,0
"1555",2,3,0,0,2
"1556",0,0,4,0,0
"1557",1,4,1,0,0
"1558",0,0,3,0,0
"1559",1,5,0,0,0
"1560",1,3,0,0,0
"1561",0,3,2,0,0
"1562",0,0,7,0,1
"1563",1,2,0,0,0
"1564",0,4,0,0,2
"1565",0,0,6,0,0
"1566",0,0,6,1,0
"1567",0,1,6,0,0
"1568",0,1,0,1,2
"1569",0,4,0,2,1
"1570",0,0,1,1,5
"1571",0,0,1,0,0
"1572",0,0,0,0,6
"1573",0,3,0,0,0
"1574",0,2,1,2,0
"1575",1,4,0,0,0
"1576",1,1,1,0,0
"1577",0,0,0,0,0
"1578",0,2,1,1,1
"1579",0,0,0,1,1
"1580",0,7,0,0,0
"1581",0,1,3,0,0
"1582",2,3,2,0,0
"1583",0,0,1,6,0
"1584",0,0,4,2,0
"1585",0,0,7,3,0
"1586",0,3,0,2,0
"1587",0,0,4,0,0
"1588",0,1,4,0,0
"1589",0,5,2,1,1
"1590",0,4,5,0,0
"1591",0,4,1,0,2
"1592",0,2,0,4,0
"1593",0,9,0,0,0
"1594",2,7,0,0,0
"1595",0,1,1,0,2
"1596",0,0,0,7,2
"1597",0,1,5,1,0
"1598",0,0,2,6,1
"1599",2,1,0,1,1
"1600",0,0,5,0,0
"1601",0,0,4,0,1
"1602",0,0,5,0,1
"1603",0,0,0,4,5
"1604",0,0,0,7,2
"1605",0,0,7,0,1
"1606",0,0,4,1,0
"1607",0,0,7,0,0
"1608",1,1,3,0,0
"1609",0,0,6,0,0
"1610",1,0,0,0,0
"1611",2,4,1,0,0
"1612",1,3,1,0,0
"1613",0,1,4,0,0
"1614",0,0,2,6,2
"1615",0,4,1,0,0
"1616",0,5,0,0,0
"1617",0,2,5,0,0
"1618",2,3,0,0,0
"1619",0,0,0,2,2
"1620",1,3,2,0,0
"1621",0,0,0,0,6
"1622",0,0,5,0,1
"1623",0,0,8,0,0
"1624",0,1,6,0,0
"1625",1,2,1,0,0
"1626",0,1,0,0,0
"1627",2,0,2,0,0
"1628",0,0,1,5,0
"1629",0,3,0,0,1
"1630",0,0,2,2,0
"1631",0,0,5,0,0
"1632",5,1,0,0,0
"1633",1,3,0,0,0
"1634",0,7,0,0,0
"1635",0,0,0,1,3
"1636",0,0,2,2,1
"1637",0,2,0,1,1
"1638",0,2,1,0,0
"1639",0,7,1,0,0
"1640",3,0,1,0,0
"1641",2,3,0,0,0
"1642",0,0,1,4,3
"1643",0,5,0,0,0
"1644",0,4,2,0,2
"1645",0,0,3,0,0
"1646",0,0,0,5,1
"1647",0,0,0,1,8
"1648",1,2,5,0,0
"1649",0,4,2,0,0
"1650",2,0,0,0,0
"1651",0,1,1,3,0
"1652",0,0,3,0,2
"1653",0,2,6,0,0
"1654",0,5,6,2,1
"1655",0,0,5,1,1
"1656",0,1,5,0,0
"1657",0,2,6,0,0
"1658",0,2,4,1,0
"1659",0,1,7,0,0
"1660",0,0,5,0,0
"1661",0,2,0,1,0
"1662",0,0,7,0,0
"1663",0,2,3,0,1
"1664",0,4,0,0,0
"1665",0,0,2,0,0
"1666",1,6,0,0,0
"1667",0,0,3,3,1
"1668",0,0,2,1,0
"1669",0,0,5,0,0
"1670",0,0,0,1,5
"1671",0,0,0,8,2
"1672",0,0,8,0,0
"1673",1,4,0,0,0
"1674",0,4,0,0,3
"1675",1,2,3,0,0
"1676",0,0,0,1,8
"1677",6,1,0,0,0
"1678",1,1,0,0,1
"1679",0,0,5,0,2
"1680",0,0,5,0,0
"1681",4,0,0,0,0
"1682",1,0,3,0,0
"1683",0,3,0,0,0
"1684",0,1,1,0,1
"1685",0,6,2,0,0
"1686",0,0,0,7,5
"1687",2,2,0,0,0
"1688",0,0,3,0,1
"1689",0,0,5,2,0
"1690",0,0,7,1,0
"1691",0,2,6,0,0
"1692",0,2,2,0,0
"1693",0,5,0,1,0
"1694",0,5,1,0,0
"1695",0,0,2,0,1
"1696",1,0,3,0,0
"1697",0,7,0,0,0
"1698",0,0,2,4,0
"1699",0,0,7,0,1
"1700",5,3,1,1,0
"1701",0,1,2,0,0
"1702",0,3,2,1,0
"1703",0,1,6,0,0
"1704",1,0,1,1,0
"1705",0,2,4,0,0
"1706",1,1,4,0,0
"1707",0,3,0,2,0
"1708",0,3,4,0,0
"1709",1,0,5,2,0
"1710",0,0,2,3,2
"1711",0,1,0,0,0
"1712",0,1,3,0,0
"1713",0,0,5,0,2
"1714",0,0,1,4,4
"1715",0,0,4,1,0
"1716",0,1,6,1,0
"1717",0,1,0,0,0
"1718",0,0,6,0,0
"1719",0,5,0,0,0
"1720",0,0,0,5,1
"1721",0,0,4,0,1
"1722",0,0,3,2,2
"1723",0,4,3,2,0
"1724",2,1,0,0,0
"1725",1,0,0,3,0
"1726",0,1,0,6,0
"1727",0,0,2,2,5
"1728",0,0,3,0,0
"1729",0,2,5,0,0
"1730",1,0,3,1,0
"1731",1,2,2,0,0
"1732",0,0,3,3,1
"1733",0,0,6,0,0
"1734",0,0,0,0,0
"1735",0,4,0,0,0
"1736",0,2,0,0,0
"1737",0,4,1,0,0
"1738",0,0,8,0,0
"1739",2,3,0,0,0
"1740",0,0,3,3,0
"1741",0,0,5,2,0
"1742",0,0,0,0,6
"1743",0,4,0,0,1
"1744",0,0,2,0,3
"1745",0,5,0,0,0
"1746",0,0,0,0,9
"1747",2,5,0,0,1
"1748",0,0,9,0,0
"1749",0,7,0,0,0
"1750",0,3,2,0,0
"1751",8,1,2,0,0
"1752",0,0,1,6,0
"1753",1,1,4,0,0
"1754",1,6,0,0,0
"1755",0,3,3,0,0
"1756",0,1,3,3,1
"1757",0,2,0,0,0
"1758",0,0,2,3,0
"1759",0,0,1,1,0
"1760",1,5,0,0,0
"1761",0,0,0,4,6
"1762",0,0,4,0,0
"1763",0,1,4,4,0
"1764",0,3,4,0,0
"1765",0,1,0,0,5
"1766",2,4,1,0,0
"1767",0,0,2,2,2
"1768",0,0,7,2,0
"1769",0,0,0,0,9
"1770",0,0,4,0,1
"1771",1,1,5,0,0
"1772",1,2,1,0,0
"1773",0,0,6,0,0
"1774",0,0,1,6,1
"1775",0,1,4,0,0
"1776",2,0,1,1,0
"1777",0,0,3,0,0
"1778",0,5,1,0,0
"1779",0,1,5,0,0
"1780",0,0,0,4,5
"1781",0,0,4,0,0
"1782",0,5,0,2,0
"1783",0,0,1,7,0
"1784",1,5,1,0,0
"1785",0,2,0,1,0
"1786",0,0,9,0,0
"1787",0,0,1,3,3
"1788",1,1,3,0,0
"1789",1,2,3,0,0
"1790",1,3,0,0,1
"1791",0,5,2,0,0
"1792",3,0,1,0,0
"1793",1,0,2,0,1
"1794",0,2,3,0,0
"1795",0,0,2,0,2
"1796",0,0,0,7,0
"1797",0,0,2,3,0
"1798",0,1,5,0,0
"1799",0,0,1,6,3
"1800",0,0,3,0,1
"1801",1,0,4,0,1
"1802",0,1,6,0,0
"1803",1,0,0,4,1
"1804",0,0,0,0,1
"1805",0,0,3,0,3
"1806",1,2,0,0,0
"1807",1,4,0,0,0
"1808",0,2,4,1,0
"1809",0,2,1,1,0
"1810",0,2,3,0,2
"1811",0,2,0,0,0
"1812",0,0,2,1,0
"1813",0,2,4,0,0
"1814",3,3,0,0,0
"1815",1,6,2,0,0
"1816",0,0,4,0,0
"1817",0,0,7,1,0
"1818",1,4,1,0,0
"1819",1,1,2,0,0
"1820",0,0,2,0,1
"1821",0,0,0,0,2
"1822",3,2,0,0,0
"1823",1,5,0,0,0
"1824",0,3,0,0,0
"1825",0,0,1,4,1
"1826",0,0,6,0,0
"1827",3,1,0,0,0
"1828",0,1,0,6,0
"1829",2,2,0,0,0
"1830",0,1,3,1,0
"1831",1,5,2,0,0
"1832",0,0,4,0,2
"1833",0,0,2,0,0
"1834",1,4,1,0,0
"1835",0,0,2,0,0
"1836",0,3,2,0,1
"1837",0,0,2,0,3
"1838",0,0,5,0,2
"1839",1,2,2,0,0
"1840",0,0,0,5,3
"1841",2,1,0,0,0
"1842",2,0,1,0,1
"1843",0,2,2,0,0
"1844",0,0,7,0,1
"1845",0,3,0,0,1
"1846",0,0,1,2,6
"1847",0,1,1,1,0
"1848",0,7,0,0,0
"1849",0,0,1,1,7
"1850",0,0,4,0,2
"1851",0,0,8,1,0
"1852",0,0,1,6,1
"1853",1,4,1,0,0
"1854",1,0,2,0,0
"1855",2,5,0,0,0
"1856",1,1,1,0,2
"1857",1,3,0,0,0
"1858",3,1,0,0,0
"1859",0,0,0,1,5
"1860",1,5,0,0,0
"1861",0,5,0,0,0
"1862",0,2,4,0,0
"1863",0,0,0,7,1
"1864",6,2,0,0,0
"1865",0,0,2,6,0
"1866",0,0,0,0,7
"1867",0,0,0,1,2
"1868",0,7,0,0,0
"1869",0,0,2,0,0
"1870",0,6,1,1,0
"1871",7,0,2,0,0
"1872",1,1,1,0,0
"1873",0,3,0,1,1
"1874",0,1,5,0,0
"1875",0,1,0,0,0
"1876",0,3,0,0,0
"1877",3,1,0,0,0
"1878",0,2,2,0,0
"1879",0,2,2,0,0
"1880",3,0,0,0,0
"1881",2,0,5,0,0
"1882",3,4,1,0,0
"1883",0,0,3,0,1
"1884",1,0,4,0,0
"1885",0,0,5,1,0
"1886",0,1,3,0,0
"1887",0,0,0,0,6
"1888",0,2,5,0,0
"1889",0,0,8,0,0
"1890",0,1,2,0,0
"1891",1,0,6,0,0
"1892",0,0,5,0,0
"1893",1,0,4,0,0
"1894",1,0,2,0,0
"1895",0,1,0,6,0
"1896",0,0,0,2,5
"1897",1,6,0,0,0
"1898",1,1,0,0,0
"1899",0,0,1,6,2
"1900",0,0,1,0,6
"1901",0,0,3,0,0
"1902",0,0,1,1,0
"1903",2,1,2,0,0
"1904",0,1,4,2,0
"1905",0,2,0,0,1
"1906",0,2,0,0,0
"1907",0,1,1,0,0
"1908",0,7,1,0,0
"1909",0,0,3,0,0
"1910",1,4,1,0,0
"1911",0,0,3,2,1
"1912",2,3,0,0,0
"1913",0,1,4,0,0
"1914",0,3,0,0,0
"1915",0,0,4,0,3
"1916",0,6,0,1,0
"1917",3,0,0,0,0
"1918",3,3,0,0,0
"1919",0,4,4,1,0
"1920",1,1,3,0,0
"1921",0,0,4,2,1
"1922",1,7,0,0,0
"1923",2,0,1,0,1
"1924",1,1,3,0,0
"1925",4,2,0,3,0
"1926",0,1,1,1,0
"1927",1,1,4,0,0
"1928",0,1,0,2,0
"1929",4,0,1,1,0
"1930",0,0,3,0,3
"1931",0,1,3,0,0
"1932",0,6,0,0,0
"1933",1,2,0,0,0
"1934",6,3,0,0,0
"1935",0,1,2,0,1
"1936",0,1,2,0,0
"1937",2,4,0,0,0
"1938",0,0,1,2,3
"1939",0,1,1,0,0
"1940",0,4,1,2,0
"1941",0,0,4,0,1
"1942",3,1,0,0,0
"1943",1,1,0,0,0
"1944",0,4,7,0,0
"1945",0,0,0,3,4
"1946",0,0,4,0,0
"1947",1,0,4,0,0
"1948",0,0,4,3,0
"1949",0,4,1,0,0
"1950",0,0,5,1,0
"1951",0,8,0,0,0
"1952",0,0,4,0,0
"1953",0,4,1,0,0
"1954",0,0,8,0,0
"1955",0,0,0,3,2
"1956",1,4,0,0,0
"1957",0,1,3,0,0
"1958",0,4,0,1,0
"1959",0,1,1,1,2
"1960",0,3,8,0,0
"1961",0,6,0,0,0
"1962",0,2,0,3,2
"1963",0,0,5,3,0
"1964",0,0,5,1,0
"1965",1,2,0,0,0
"1966",0,4,0,0,0
"1967",1,0,2,0,0
"1968",1,0,1,3,0
"1969",0,1,0,0,0
"1970",1,0,3,0,0
"1971",0,0,6,0,0
"1972",0,0,4,3,0
"1973",0,0,2,0,0
"1974",0,0,7,0,1
"1975",1,3,3,0,0
"1976",0,0,0,1,4
"1977",0,0,0,0,5
"1978",3,1,2,0,0
"1979",4,0,1,0,0
"1980",1,5,0,0,0
"1981",0,1,0,0,0
"1982",1,6,0,0,0
"1983",0,1,6,0,0
"1984",0,1,1,5,1
"1985",1,1,0,0,0
"1986",0,4,1,0,0
"1987",0,0,9,0,1
"1988",0,4,0,0,1
"1989",0,0,4,0,0
"1990",0,2,0,1,1
"1991",1,0,4,0,0
"1992",0,2,1,0,0
"1993",0,5,0,0,0
"1994",0,1,5,2,0
"1995",0,1,1,0,0
"1996",0,0,4,1,0
"1997",0,0,3,2,0
"1998",0,0,5,1,0
"1999",0,1,3,0,2
"2000",2,0,4,0,1
"2001",0,0,0,4,2
"2002",4,2,0,0,0
"2003",0,4,0,0,1
"2004",1,5,0,0,0
"2005",0,0,4,1,2
"2006",5,0,0,0,0
"2007",1,1,1,0,0
"2008",0,0,3,0,0
"2009",2,0,3,0,0
"2010",0,1,4,0,0
"2011",1,4,0,1,0
"2012",0,1,2,0,1
"2013",0,0,1,1,2
"2014",1,2,0,0,0
"2015",0,7,0,0,0
"2016",0,0,7,0,0
"2017",2,2,0,0,0
"2018",0,1,8,0,0
"2019",0,0,3,2,0
"2020",0,0,1,0,3
"2021",0,0,0,2,2
"2022",1,0,3,0,0
"2023",2,0,0,0,0
"2024",0,3,0,0,0
"2025",0,0,0,2,7
"2026",1,3,1,2,0
"2027",2,3,0,0,0
"2028",0,4,0,0,0
"2029",3,0,0,1,0
"2030",0,7,1,1,0
"2031",1,5,2,0,0
"2032",0,2,6,0,0
"2033",0,0,3,2,0
"2034",0,0,3,0,2
"2035",3,3,0,0,0
"2036",0,2,0,0,0
"2037",0,0,2,0,1
"2038",0,2,3,0,0
"2039",0,6,2,1,0
"2040",0,0,1,6,0
"2041",0,0,5,0,1
"2042",0,0,5,0,0
"2043",6,0,0,0,0
"2044",0,0,3,2,6
"2045",0,0,0,0,8
"2046",0,1,4,0,0
"2047",0,0,4,0,0
"2048",0,6,0,0,0
"2049",0,0,0,0,4
"2050",0,2,1,0,0
"2051",0,0,3,0,0
"2052",5,0,0,0,1
"2053",0,1,4,0,0
"2054",0,0,0,6,4
"2055",2,0,0,0,0
"2056",0,1,4,0,0
"2057",0,2,2,1,1
"2058",0,0,3,1,2
"2059",1,0,2,0,0
"2060",1,3,0,0,0
"2061",1,3,0,1,1
"2062",1,2,4,0,0
"2063",0,0,0,4,0
"2064",1,1,2,0,0
"2065",0,0,3,0,6
"2066",0,0,1,6,2
"2067",0,3,0,1,1
"2068",2,4,0,0,0
"2069",0,3,1,0,0
"2070",4,3,1,0,0
"2071",0,1,0,0,1
"2072",0,0,2,1,0
"2073",0,3,1,0,1
"2074",1,8,0,0,0
"2075",2,0,1,0,0
"2076",0,3,0,1,0
"2077",1,0,3,0,0
"2078",0,0,1,1,1
"2079",0,3,1,1,0
"2080",0,3,4,1,0
"2081",0,0,1,6,1
"2082",1,2,2,0,0
"2083",1,0,3,2,0
"2084",0,0,0,0,7
"2085",1,2,4,0,0
"2086",0,0,1,0,3
"2087",0,0,0,3,3
"2088",0,0,0,0,7
"2089",0,0,2,4,0
"2090",1,3,0,1,0
"2091",0,1,4,0,0
"2092",2,3,0,0,0
"2093",0,1,0,4,0
"2094",1,0,7,0,0
"2095",0,4,0,0,1
"2096",2,4,1,0,0
"2097",1,2,3,0,0
"2098",1,3,2,0,0
"2099",0,0,2,0,2
"2100",0,0,9,0,0
"2101",0,0,3,1,0
"2102",0,0,0,4,4
"2103",0,6,1,0,0
"2104",0,0,6,0,2
"2105",3,3,0,0,0
"2106",0,0,3,0,0
"2107",2,2,0,0,0
"2108",0,0,3,1,0
"2109",0,1,0,0,1
"2110",2,1,1,0,0
"2111",1,1,3,1,1
"2112",0,0,6,0,1
"2113",0,2,0,2,4
"2114",0,7,0,0,0
"2115",0,4,1,0,0
"2116",0,1,4,0,0
"2117",0,0,7,0,0
"2118",2,0,2,0,0
"2119",0,1,5,0,0
"2120",0,0,1,0,2
"2121",0,0,0,0,9
"2122",0,0,0,7,0
"2123",0,4,2,0,0
"2124",0,2,3,2,0
"2125",2,3,0,0,0
"2126",0,3,0,2,0
"2127",0,2,4,1,1
"2128",0,0,3,0,3
"2129",0,1,8,0,0
"2130",2,3,0,0,0
"2131",1,7,0,0,0
"2132",0,0,4,1,0
"2133",3,0,0,0,0
"2134",2,3,0,0,0
"2135",2,1,1,0,0
"2136",0,0,5,2,1
"2137",3,0,0,0,1
"2138",1,5,0,0,0
"2139",0,0,2,5,0
"2140",1,5,0,0,0
"2141",0,2,1,0,0
"2142",1,0,6,0,0
"2143",0,0,5,0,0
"2144",0,1,3,0,0
"2145",1,3,2,0,0
"2146",3,0,1,0,0
"2147",0,1,5,1,0
"2148",1,0,2,0,0
"2149",0,0,0,4,6
"2150",0,0,0,5,2
"2151",0,0,4,0,0
"2152",0,0,2,3,0
"2153",7,0,0,0,2
"2154",0,3,2,0,0
"2155",0,3,6,0,0
"2156",0,1,3,0,1
"2157",0,0,0,1,3
"2158",1,6,2,0,0
"2159",0,2,3,0,0
"2160",0,0,7,1,0
"2161",2,1,2,0,1
"2162",0,0,0,0,5
"2163",0,0,0,3,5
"2164",0,0,7,1,0
"2165",0,0,8,0,1
"2166",0,0,4,0,0
"2167",1,3,0,0,0
"2168",0,0,6,0,0
"2169",1,0,1,0,1
"2170",0,1,2,1,0
"2171",0,0,6,0,0
"2172",0,1,5,0,0
"2173",0,3,2,0,0
"2174",0,0,2,0,0
"2175",0,0,2,0,0
"2176",0,3,1,1,0
"2177",0,0,9,1,0
"2178",0,4,0,0,1
"2179",1,0,1,0,3
"2180",0,2,5,2,0
"2181",0,1,1,0,0
"2182",0,2,2,0,0
"2183",0,1,0,3,0
"2184",0,3,2,0,0
"2185",1,1,1,0,0
"2186",1,1,1,1,0
"2187",0,4,3,0,0
"2188",0,1,3,1,0
"2189",1,6,2,0,0
"2190",0,1,4,0,0
"2191",0,1,7,0,0
"2192",2,0,1,0,0
"2193",0,0,7,1,2
"2194",0,0,3,3,0
"2195",0,0,3,3,3
"2196",0,1,3,0,0
"2197",0,0,6,0,0
"2198",4,1,1,0,2
"2199",0,4,1,1,0
"2200",0,3,0,0,0
"2201",0,0,3,0,0
"2202",5,0,0,0,1
"2203",2,1,1,0,0
"2204",0,1,1,0,0
"2205",0,0,6,0,1
"2206",1,0,3,0,0
"2207",0,0,7,0,0
"2208",0,1,5,1,0
"2209",0,0,5,3,3
"2210",1,4,0,0,0
"2211",2,0,0,0,0
"2212",0,0,8,0,0
"2213",0,0,0,2,6
"2214",1,2,5,0,0
"2215",1,2,2,0,0
"2216",0,0,9,2,0
"2217",1,1,3,0,0
"2218",0,0,6,0,0
"2219",0,0,5,0,1
"2220",0,0,0,2,6
"2221",0,0,1,0,0
"2222",0,3,8,0,0
"2223",2,0,2,0,0
"2224",0,2,7,0,0
"2225",0,1,5,0,0
"2226",5,1,0,0,0
"2227",0,4,0,2,2
"2228",0,0,2,0,1
"2229",0,0,5,0,0
"2230",0,2,2,0,0
"2231",2,1,0,0,0
"2232",0,2,2,2,0
"2233",0,0,6,1,0
"2234",1,0,2,1,1
"2235",0,1,1,0,0
"2236",0,0,5,4,0
"2237",0,1,4,0,0
"2238",0,3,0,0,0
"2239",2,2,1,0,2
"2240",0,0,1,5,2
"2241",5,2,0,0,0
"2242",0,0,4,0,4
"2243",0,0,1,1,4
"2244",0,8,0,0,0
"2245",0,0,7,1,0
"2246",0,0,5,0,0
"2247",7,1,1,0,0
"2248",0,0,0,8,0
"2249",0,7,0,2,2
"2250",2,2,0,0,0
"2251",1,6,1,0,0
"2252",0,0,1,0,0
"2253",0,0,0,2,4
"2254",0,0,0,0,2
"2255",2,0,2,0,0
"2256",2,1,0,0,0
"2257",1,4,1,0,0
"2258",0,1,0,6,0
"2259",0,0,3,0,0
"2260",0,0,3,0,0
"2261",1,0,5,0,0
"2262",0,0,3,1,1
"2263",0,0,7,1,0
"2264",5,1,0,0,0
"2265",0,5,0,0,1
"2266",0,0,0,1,6
"2267",1,0,3,0,0
"2268",0,1,0,0,0
"2269",0,0,6,1,0
"2270",1,0,4,0,0
"2271",0,2,3,0,0
"2272",0,1,0,1,3
"2273",2,3,1,0,0
"2274",0,1,2,3,1
"2275",4,2,0,0,2
"2276",2,2,0,0,0
"2277",2,1,1,0,0
"2278",1,0,3,1,0
"2279",0,0,5,0,1
"2280",0,1,2,3,1
"2281",0,0,0,1,4
"2282",0,0,0,4,4
"2283",0,2,1,0,0
"2284",0,7,0,0,0
"2285",0,0,1,5,2
"2286",3,0,4,1,0
"2287",1,1,0,0,0
"2288",3,0,0,0,2
"2289",0,0,3,8,1
"2290",0,0,0,0,5
"2291",0,5,0,0,0
"2292",0,0,2,1,0
"2293",2,1,0,0,0
"2294",2,0,0,0,0
"2295",0,4,0,0,0
"2296",0,6,0,0,0
"2297",1,0,6,0,0
"2298",0,0,0,3,6
"2299",0,0,0,1,2
"2300",1,2,1,0,0
"2301",0,1,1,0,0
"2302",1,8,0,0,0
"2303",0,0,3,1,0
"2304",0,5,0,0,0
"2305",2,1,0,0,1
"2306",0,0,6,2,1
"2307",0,8,0,0,0
"2308",0,0,6,1,0
"2309",0,0,1,5,0
"2310",0,0,3,0,0
"2311",1,0,6,1,1
"2312",0,0,7,1,2
"2313",0,0,4,1,0
"2314",0,2,1,1,1
"2315",0,2,1,1,0
"2316",0,2,1,1,0
"2317",6,0,0,0,0
"2318",0,0,2,2,4
"2319",0,0,3,0,3
"2320",3,4,1,0,0
"2321",0,0,0,1,5
"2322",0,0,3,2,2
"2323",0,0,0,1,1
"2324",0,0,4,2,0
"2325",0,0,3,1,3
"2326",1,0,3,1,0
"2327",0,0,0,6,4
"2328",5,1,0,0,0
"2329",0,0,1,3,3
"2330",0,3,2,0,0
"2331",0,2,7,0,0
"2332",2,1,3,0,0
"2333",0,0,2,0,1
"2334",0,6,1,2,0
"2335",4,0,1,0,1
"2336",3,2,0,0,0
"2337",1,1,5,0,0
"2338",0,3,1,0,0
"2339",0,2,3,0,0
"2340",0,3,1,0,0
"2341",0,0,3,0,1
"2342",2,2,0,0,0
"2343",2,4,0,0,0
"2344",0,0,6,0,2
"2345",0,0,0,3,4
"2346",0,0,2,1,0
"2347",0,0,0,3,5
"2348",4,1,0,0,0
"2349",0,0,0,2,5
"2350",0,3,0,0,0
"2351",0,4,5,0,2
"2352",4,1,0,0,2
"2353",0,0,8,0,0
"2354",1,0,2,1,1
"2355",2,0,2,0,0
"2356",2,2,2,0,0
"2357",1,0,4,0,0
"2358",2,2,0,0,0
"2359",1,2,0,0,0
"2360",1,1,0,0,0
"2361",0,1,2,0,0
"2362",2,0,0,0,0
"2363",1,0,7,1,0
"2364",0,0,0,8,0
"2365",1,0,1,4,2
"2366",0,0,5,0,1
"2367",0,5,3,0,0
"2368",0,2,1,0,0
"2369",0,1,3,0,0
"2370",0,5,1,0,0
"2371",0,0,7,1,0
"2372",2,2,0,0,0
"2373",0,0,6,0,0
"2374",0,0,10,0,2
"2375",0,1,1,1,0
"2376",0,2,0,1,0
"2377",0,1,1,6,0
"2378",0,0,0,3,7
"2379",0,0,4,0,0
"2380",4,0,0,0,0
"2381",0,0,4,0,3
"2382",0,1,9,0,0
"2383",0,0,0,6,2
"2384",1,1,4,0,0
"2385",1,8,0,0,0
"2386",0,0,5,0,0
"2387",0,0,8,0,0
"2388",0,0,4,0,3
"2389",0,0,1,2,2
"2390",1,2,2,1,0
"2391",0,0,1,0,0
"2392",6,0,2,0,0
"2393",1,3,4,1,0
"2394",0,3,1,0,0
"2395",3,0,2,0,0
"2396",0,2,1,1,2
"2397",1,2,0,1,0
"2398",0,0,5,0,0
"2399",0,4,0,0,0
"2400",0,2,3,0,0
"2401",0,2,3,0,0
"2402",1,1,0,0,1
"2403",0,0,2,5,0
"2404",0,0,0,6,3
"2405",1,3,0,0,0
"2406",0,0,3,0,1
"2407",0,5,0,0,0
"2408",1,0,2,0,0
"2409",0,0,5,2,4
"2410",1,2,0,0,0
"2411",1,0,5,0,0
"2412",0,0,0,5,1
"2413",0,0,0,1,6
"2414",1,0,3,0,0
"2415",1,0,0,1,1
"2416",0,4,0,0,0
"2417",0,3,1,2,0
"2418",0,1,2,0,0
"2419",0,1,0,2,2
"2420",0,0,0,6,2
"2421",0,0,5,1,0
"2422",0,0,5,1,1
"2423",0,3,0,0,2
"2424",0,0,0,3,7
"2425",0,0,3,4,0
"2426",0,0,10,2,0
"2427",0,0,4,4,0
"2428",0,1,4,0,0
"2429",2,0,1,0,0
"2430",1,3,1,0,0
"2431",0,1,0,0,0
"2432",0,1,1,5,0
"2433",0,0,6,0,0
"2434",0,0,2,5,0
"2435",1,6,0,0,0
"2436",0,2,2,0,0
"2437",0,2,3,0,0
"2438",0,0,2,7,0
"2439",1,7,0,0,0
"2440",1,0,4,0,0
"2441",0,2,2,0,0
"2442",0,0,5,1,0
"2443",0,0,6,0,0
"2444",4,3,0,0,0
"2445",0,0,0,0,6
"2446",0,0,7,0,0
"2447",0,0,0,1,5
"2448",0,0,2,0,1
"2449",2,3,0,0,0
"2450",0,1,5,1,0
"2451",2,4,2,0,0
"2452",0,0,4,0,0
"2453",0,0,5,1,0
"2454",0,0,1,0,1
"2455",3,1,0,1,0
"2456",0,0,0,0,6
"2457",0,1,4,0,0
"2458",5,0,3,0,0
"2459",1,0,4,0,2
"2460",1,4,1,0,0
"2461",0,2,4,0,0
"2462",0,0,4,0,2
"2463",2,1,1,1,2
"2464",2,5,0,0,0
"2465",0,0,5,0,0
"2466",2,4,0,0,0
"2467",0,0,5,0,2
"2468",3,0,1,0,0
"2469",0,2,3,0,0
"2470",0,2,4,0,0
"2471",0,0,0,8,2
"2472",1,4,4,1,0
"2473",0,1,4,1,0
"2474",4,0,0,0,0
"2475",0,3,7,0,0
"2476",0,0,4,0,0
"2477",4,1,0,0,0
"2478",0,1,3,0,0
"2479",2,2,0,0,0
"2480",0,5,4,0,0
"2481",0,0,0,2,5
"2482",0,0,7,1,0
"2483",0,1,3,0,0
"2484",0,0,4,0,0
"2485",0,5,1,0,0
"2486",0,4,0,0,2
"2487",3,3,0,0,0
"2488",2,1,0,1,0
"2489",0,0,6,0,1
"2490",1,2,0,0,0
"2491",0,0,3,2,0
"2492",1,1,1,0,1
"2493",1,0,3,0,0
"2494",2,0,4,0,0
"2495",0,3,0,2,0
"2496",0,3,2,0,0
"2497",0,2,4,1,0
"2498",0,0,5,0,0
"2499",0,3,2,1,0
"2500",0,0,1,0,5
"2501",0,1,0,0,1
"2502",0,0,6,2,0
"2503",0,0,7,0,1
"2504",0,0,4,0,1
"2505",4,3,0,0,0
"2506",0,0,6,0,0
"2507",0,4,3,2,2
"2508",0,0,4,0,3
"2509",0,0,5,0,0
"2510",0,5,1,0,0
"2511",0,0,3,1,0
"2512",7,1,0,0,0
"2513",0,0,5,0,2
"2514",0,0,2,0,1
"2515",0,1,1,0,0
"2516",1,2,0,0,0
"2517",0,6,0,0,0
"2518",0,0,4,1,0
"2519",0,4,0,0,0
"2520",0,0,0,1,6
"2521",0,0,0,3,4
"2522",1,4,0,0,0
"2523",0,1,1,0,0
"2524",3,2,0,0,0
"2525",0,2,0,0,1
"2526",0,1,1,0,0
"2527",0,0,5,0,0
"2528",0,0,4,0,3
"2529",0,3,6,1,0
"2530",1,1,6,0,0
"2531",0,0,0,2,2
"2532",0,0,0,0,10
"2533",0,5,0,0,0
"2534",0,2,2,0,0
"2535",0,0,3,0,1
"2536",0,0,0,2,5
"2537",0,1,5,2,0
"2538",1,0,2,0,0
"2539",0,0,4,0,1
"2540",0,0,3,0,1
"2541",0,0,5,0,0
"2542",0,3,1,0,0
"2543",1,0,0,0,0
"2544",0,0,0,1,10
"2545",4,3,0,0,0
"2546",0,1,6,0,1
"2547",1,0,1,0,0
"2548",0,1,6,0,0
"2549",0,4,1,0,0
"2550",2,4,0,0,0
"2551",0,0,2,1,3
"2552",0,0,6,2,0
"2553",0,2,0,0,0
"2554",0,0,1,0,2
"2555",0,0,1,0,7
"2556",2,3,0,0,0
"2557",0,0,3,1,0
"2558",1,2,4,0,0
"2559",1,0,1,0,0
"2560",0,2,0,2,0
"2561",0,0,4,1,0
"2562",0,1,0,0,0
"2563",0,1,4,0,0
"2564",0,4,2,0,0
"2565",0,6,2,0,0
"2566",0,0,0,1,3
"2567",0,7,0,0,0
"2568",0,0,2,2,1
"2569",0,2,0,0,0
"2570",0,0,4,1,0
"2571",1,3,3,0,0
"2572",1,1,5,1,0
"2573",2,1,0,0,0
"2574",0,0,6,1,0
"2575",0,0,0,2,5
"2576",1,1,2,1,0
"2577",0,5,1,0,1
"2578",0,1,6,0,0
"2579",1,7,0,0,0
"2580",0,0,4,0,2
"2581",0,0,1,6,0
"2582",1,0,0,0,0
"2583",0,1,7,0,0
"2584",0,0,1,0,5
"2585",0,0,6,0,1
"2586",0,0,1,5,1
"2587",0,0,4,0,0
"2588",0,1,3,0,2
"2589",0,2,0,0,0
"2590",0,1,1,0,0
"2591",0,1,0,4,0
"2592",0,3,0,0,0
"2593",0,3,0,0,1
"2594",2,5,0,0,0
"2595",0,0,3,0,2
"2596",0,0,0,0,1
"2597",1,0,4,0,0
"2598",0,0,0,2,8
"2599",0,4,2,1,0
"2600",3,2,0,0,0
"2601",1,9,0,0,0
"2602",5,0,0,0,0
"2603",0,1,4,0,0
"2604",0,0,1,0,0
"2605",0,3,2,0,0
"2606",0,0,8,0,0
"2607",0,0,3,0,0
"2608",0,0,6,0,0
"2609",2,3,2,0,0
"2610",0,0,1,0,8
"2611",0,0,0,3,6
"2612",1,2,0,0,2
"2613",0,0,4,0,0
"2614",0,0,1,6,0
"2615",1,2,0,0,0
"2616",0,1,0,4,0
"2617",1,3,0,0,0
"2618",0,0,0,4,7
"2619",2,0,1,1,0
"2620",0,7,0,0,1
"2621",0,4,0,0,0
"2622",0,0,1,6,0
"2623",0,0,1,2,4
"2624",0,1,4,1,0
"2625",0,3,2,2,0
"2626",0,0,5,0,2
"2627",0,0,0,1,7
"2628",0,0,1,4,4
"2629",0,0,5,0,0
"2630",0,0,0,3,3
"2631",0,0,6,1,0
"2632",0,4,1,0,0
"2633",1,4,2,0,0
"2634",0,2,4,0,0
"2635",0,2,5,0,0
"2636",0,1,1,1,0
"2637",0,0,4,0,0
"2638",2,1,0,1,0
"2639",0,0,0,8,0
"2640",0,2,1,0,0
"2641",0,1,0,5,2
"2642",0,1,0,0,0
"2643",0,2,0,2,0
"2644",0,0,1,1,6
"2645",0,4,0,0,0
"2646",0,3,2,2,0
"2647",0,0,5,0,0
"2648",0,6,1,0,2
"2649",3,3,0,0,0
"2650",1,3,1,0,0
"2651",2,3,4,0,0
"2652",0,0,2,3,0
"2653",0,0,4,2,8
"2654",0,0,8,1,1
"2655",0,5,2,0,1
"2656",1,0,4,0,0
"2657",0,2,1,1,0
"2658",3,3,0,0,0
"2659",0,1,5,0,1
"2660",0,4,0,0,0
"2661",0,2,6,0,0
"2662",0,4,0,1,0
"2663",0,6,0,0,0
"2664",0,0,3,0,1
"2665",0,0,2,1,0
"2666",0,0,4,0,0
"2667",0,0,2,0,0
"2668",3,4,0,0,0
"2669",0,0,4,0,0
"2670",2,1,2,0,0
"2671",0,1,1,3,0
"2672",1,1,1,0,2
"2673",1,2,0,0,0
"2674",0,0,5,2,0
"2675",2,3,1,2,0
"2676",0,0,2,6,0
"2677",1,0,5,1,0
"2678",0,0,0,1,3
"2679",0,5,1,0,0
"2680",0,1,5,0,0
"2681",0,0,0,5,4
"2682",0,0,0,0,7
"2683",1,1,2,0,0
"2684",0,3,0,0,0
"2685",0,0,4,3,0
"2686",0,0,6,0,1
"2687",0,0,3,5,0
"2688",0,3,0,2,1
"2689",0,0,0,5,2
"2690",0,0,2,0,0
"2691",0,0,3,0,0
"2692",0,4,0,0,0
"2693",0,0,2,0,1
"2694",2,1,0,2,0
"2695",0,2,1,2,0
"2696",4,1,0,2,0
"2697",0,2,1,4,0
"2698",0,0,5,0,0
"2699",5,0,0,1,0
"2700",0,3,0,1,0
"2701",1,2,2,0,0
"2702",5,3,0,0,0
"2703",0,4,4,0,0
"2704",0,0,0,0,2
"2705",1,0,2,0,0
"2706",0,0,4,0,0
"2707",0,6,0,0,0
"2708",1,0,0,0,1
"2709",1,2,3,0,0
"2710",0,2,0,0,0
"2711",0,1,5,0,0
"2712",1,0,5,0,0
"2713",1,1,3,1,1
"2714",2,2,0,0,0
"2715",0,3,0,0,0
"2716",6,1,1,0,0
"2717",0,1,2,0,0
"2718",1,0,1,0,0
"2719",0,0,6,0,0
"2720",0,0,4,0,1
"2721",0,2,0,0,1
"2722",0,2,5,0,0
"2723",0,2,0,0,0
"2724",0,0,4,0,1
"2725",1,2,3,0,0
"2726",0,0,0,5,1
"2727",0,0,7,0,0
"2728",0,1,6,0,0
"2729",0,0,3,1,2
"2730",4,0,0,0,0
"2731",1,2,0,0,0
"2732",0,0,1,7,0
"2733",1,1,1,0,1
"2734",0,0,1,2,5
"2735",0,0,4,1,1
"2736",1,8,1,0,0
"2737",2,4,0,0,0
"2738",0,0,4,0,2
"2739",1,1,0,0,0
"2740",0,0,2,0,0
"2741",0,0,5,0,0
"2742",0,1,5,0,0
"2743",0,0,1,1,3
"2744",0,0,0,0,7
"2745",0,2,4,0,0
"2746",0,3,1,2,0
"2747",0,3,0,0,0
"2748",0,1,3,0,0
"2749",0,2,0,0,0
"2750",0,2,3,0,0
"2751",0,0,2,0,0
"2752",0,1,0,1,3
"2753",0,0,3,1,1
"2754",6,1,0,0,0
"2755",0,0,1,5,2
"2756",2,0,2,0,0
"2757",2,5,0,0,0
"2758",0,1,3,0,0
"2759",0,0,0,0,0
"2760",0,0,0,3,0
"2761",0,1,3,0,0
"2762",0,0,3,1,1
"2763",0,1,0,0,0
"2764",1,2,3,0,0
"2765",0,2,0,0,0
"2766",1,7,0,0,0
"2767",2,0,1,0,1
"2768",4,1,0,2,1
"2769",1,5,0,0,0
"2770",0,0,2,0,0
"2771",2,0,1,0,1
"2772",0,1,5,0,0
"2773",0,1,0,7,0
"2774",1,0,1,2,0
"2775",0,5,1,0,0
"2776",0,1,3,0,0
"2777",0,0,4,0,0
"2778",0,0,2,0,2
"2779",1,1,1,0,0
"2780",0,6,1,0,1
"2781",0,3,1,0,1
"2782",0,0,0,1,7
"2783",2,1,0,0,0
"2784",2,4,0,0,0
"2785",0,0,4,3,0
"2786",1,0,3,2,0
"2787",0,1,5,0,0
"2788",6,1,0,0,0
"2789",1,1,1,1,1
"2790",4,3,0,0,0
"2791",0,0,1,6,3
"2792",0,0,0,3,4
"2793",0,0,4,0,2
"2794",0,2,7,0,0
"2795",0,2,5,0,0
"2796",0,1,0,0,0
"2797",0,0,2,0,0
"2798",3,2,0,0,0
"2799",0,0,2,0,1
"2800",0,2,3,0,0
"2801",0,0,4,0,1
"2802",0,1,1,0,0
"2803",0,1,1,4,1
"2804",0,0,4,0,0
"2805",5,0,1,0,0
"2806",0,0,2,0,1
"2807",3,0,0,0,0
"2808",0,0,4,2,0
"2809",0,1,4,0,1
"2810",0,0,4,0,1
"2811",1,0,5,0,0
"2812",0,0,2,0,2
"2813",4,6,0,1,0
"2814",0,1,3,2,0
"2815",1,0,1,2,0
"2816",0,4,4,0,0
"2817",0,4,2,0,0
"2818",0,0,2,5,0
"2819",0,1,0,0,3
"2820",0,0,0,1,5
"2821",0,0,2,0,0
"2822",0,0,6,0,0
"2823",3,0,0,2,0
"2824",0,1,6,0,0
"2825",2,0,0,0,0
"2826",0,3,3,0,0
"2827",0,1,3,0,2
"2828",0,0,0,1,5
"2829",1,2,2,0,0
"2830",0,4,0,0,0
"2831",6,1,0,0,0
"2832",0,0,1,2,3
"2833",0,0,0,1,5
"2834",1,2,4,0,0
"2835",0,0,6,1,1
"2836",0,6,0,0,0
"2837",0,0,0,5,4
"2838",0,5,0,0,0
"2839",0,1,6,0,0
"2840",0,0,5,0,0
"2841",1,0,4,0,0
"2842",0,1,4,0,0
"2843",4,0,0,0,0
"2844",0,1,3,0,0
"2845",0,0,0,0,6
"2846",0,0,5,0,0
"2847",0,0,5,1,3
"2848",0,0,2,2,4
"2849",0,0,5,3,0
"2850",0,4,0,1,0
"2851",0,0,6,0,2
"2852",0,0,5,0,0
"2853",0,0,0,1,6
"2854",0,0,4,1,1
"2855",1,1,1,0,2
"2856",0,0,7,0,0
"2857",0,1,4,1,0
"2858",0,0,3,0,1
"2859",0,1,6,0,0
"2860",0,9,0,0,0
"2861",0,0,3,0,0
"2862",0,0,2,0,2
"2863",1,4,3,0,0
"2864",2,0,0,0,0
"2865",0,1,2,0,0
"2866",0,0,1,0,5
"2867",0,1,7,1,0
"2868",2,0,0,0,2
"2869",0,5,0,0,0
"2870",2,3,1,0,0
"2871",0,0,7,0,0
"2872",0,0,0,4,4
"2873",1,0,4,0,0
"2874",3,2,0,0,0
"2875",0,4,3,1,0
"2876",0,0,2,0,3
"2877",2,7,0,0,0
"2878",5,0,0,0,0
"2879",0,0,1,4,0
"2880",0,4,0,0,0
"2881",0,0,4,0,2
"2882",0,0,2,0,0
"2883",0,1,1,0,0
"2884",0,0,6,0,2
"2885",1,0,0,0,1
"2886",0,0,1,1,2
"2887",0,0,0,1,3
"2888",1,0,4,0,0
"2889",0,0,4,1,0
"2890",0,3,0,0,0
"2891",0,0,4,0,0
"2892",2,2,0,0,0
"2893",0,1,3,1,0
"2894",0,0,3,0,0
"2895",0,1,0,3,1
"2896",1,3,1,3,0
"2897",1,2,0,0,0
"2898",2,0,0,0,1
"2899",0,7,2,3,0
"2900",1,5,0,0,0
"2901",0,1,0,2,2
"2902",6,1,0,0,0
"2903",0,0,1,0,7
"2904",0,0,2,0,0
"2905",0,2,1,1,0
"2906",0,0,3,1,2
"2907",0,2,5,0,0
"2908",0,0,0,0,8
"2909",0,0,7,0,1
"2910",0,4,0,0,0
"2911",0,0,6,0,0
"2912",0,0,5,2,0
"2913",0,0,4,1,0
"2914",0,5,1,0,0
"2915",0,0,5,0,0
"2916",0,0,0,2,6
"2917",0,3,3,0,0
"2918",0,0,2,1,0
"2919",0,0,0,0,7
"2920",0,7,0,0,0
"2921",0,3,1,0,3
"2922",0,0,4,0,1
"2923",0,1,4,0,1
"2924",0,2,5,0,1
"2925",2,2,0,0,0
"2926",0,0,0,1,6
"2927",0,2,1,1,0
"2928",0,1,5,5,2
"2929",0,0,5,0,0
"2930",0,3,0,0,0
"2931",0,5,0,1,0
"2932",0,2,4,0,0
"2933",0,0,0,5,4
"2934",0,0,5,0,1
"2935",0,0,4,0,1
"2936",1,1,0,0,0
"2937",0,4,4,0,0
"2938",0,1,1,0,0
"2939",1,2,1,0,0
"2940",2,5,0,0,0
"2941",0,0,6,0,2
"2942",1,2,0,0,2
"2943",0,0,0,1,9
"2944",0,1,2,0,0
"2945",1,7,1,0,0
"2946",0,0,1,3,6
"2947",3,0,1,1,0
"2948",1,3,1,0,0
"2949",0,0,6,0,0
"2950",0,0,5,0,3
"2951",0,5,2,2,0
"2952",1,6,1,0,0
"2953",4,1,0,0,0
"2954",0,0,2,0,0
"2955",0,3,1,0,0
"2956",8,0,0,0,0
"2957",0,0,0,1,9
"2958",0,4,0,1,1
"2959",0,0,3,0,4
"2960",0,0,3,1,1
"2961",1,0,4,1,0
"2962",1,0,7,0,0
"2963",0,0,0,1,8
"2964",8,0,1,1,0
"2965",0,0,6,1,0
"2966",2,4,0,0,0
"2967",0,0,0,6,1
"2968",1,1,4,0,0
"2969",1,0,5,0,0
"2970",0,0,3,0,0
"2971",1,0,5,0,0
"2972",0,0,4,0,0
"2973",0,4,0,0,0
"2974",0,1,2,0,2
"2975",1,4,0,0,0
"2976",0,2,3,1,0
"2977",0,0,5,1,0
"2978",0,0,0,3,6
"2979",0,1,0,0,2
"2980",0,0,3,2,0
"2981",0,0,1,3,3
"2982",0,1,2,6,0
"2983",0,0,3,0,0
"2984",0,0,0,8,1
"2985",2,4,0,0,0
"2986",0,0,0,9,0
"2987",1,3,1,0,0
"2988",0,1,2,0,1
"2989",2,0,0,0,0
"2990",5,0,0,0,0
"2991",0,5,0,0,1
"2992",0,5,1,0,0
"2993",0,3,0,1,1
"2994",0,0,4,0,2
"2995",0,2,4,0,0
"2996",0,1,2,0,0
"2997",0,0,3,4,4
"2998",3,3,0,0,0
"2999",0,0,1,3,1
"3000",0,1,3,0,0
"3001",0,0,3,0,0
"3002",0,3,2,0,0
"3003",0,7,2,0,0
"3004",0,0,0,7,0
"3005",0,4,1,0,0
"3006",0,0,5,2,0
"3007",1,0,4,0,1
"3008",0,0,1,0,4
"3009",1,0,0,3,0
"3010",0,1,4,0,0
"3011",0,0,1,3,2
"3012",3,0,0,0,0
"3013",5,1,0,0,0
"3014",0,0,7,1,0
"3015",0,0,3,1,0
"3016",0,1,3,0,0
"3017",0,0,0,0,9
"3018",0,7,0,1,0
"3019",0,1,2,0,2
"3020",0,0,8,0,0
"3021",1,5,1,0,0
"3022",0,0,3,0,0
"3023",0,0,4,2,1
"3024",2,4,0,0,1
"3025",0,0,3,0,0
"3026",0,0,3,0,2
"3027",0,0,7,1,0
"3028",0,3,0,0,2
"3029",0,1,3,1,1
"3030",0,4,4,0,2
"3031",0,3,0,0,0
"3032",4,4,0,0,0
"3033",2,1,1,0,0
"3034",0,0,7,0,0
"3035",0,0,0,2,4
"3036",0,0,0,0,7
"3037",0,3,0,1,0
"3038",0,0,3,1,0
"3039",0,0,4,1,0
"3040",0,0,7,0,0
"3041",0,0,4,0,0
"3042",2,0,0,0,0
"3043",0,1,3,0,0
"3044",1,0,0,2,2
"3045",2,6,1,0,0
"3046",0,1,1,1,4
"3047",0,0,6,0,0
"3048",0,1,7,0,1
"3049",0,0,7,1,0
"3050",0,0,4,0,2
"3051",0,0,6,0,0
"3052",0,0,5,1,0
"3053",0,2,4,0,0
"3054",0,0,1,0,0
"3055",0,0,2,0,1
"3056",0,2,1,1,0
"3057",1,4,0,0,1
"3058",0,8,1,1,0
"3059",0,1,5,0,0
"3060",0,0,1,1,4
"3061",1,2,1,0,0
"3062",0,6,0,0,0
"3063",0,3,0,2,0
"3064",0,4,3,1,0
"3065",3,0,0,0,1
"3066",1,0,5,0,0
"3067",0,0,4,2,0
"3068",1,2,2,0,0
"3069",0,1,3,1,0
"3070",0,0,6,0,3
"3071",1,1,3,0,0
"3072",0,0,5,0,0
"3073",1,1,2,0,0
"3074",0,0,5,0,0
"3075",2,0,0,0,0
"3076",0,0,1,0,0
"3077",0,0,2,8,2
"3078",1,6,0,0,0
"3079",0,0,0,1,7
"3080",4,0,0,0,0
"3081",0,0,8,1,0
"3082",0,0,2,0,0
"3083",0,4,0,0,0
"3084",2,3,0,0,0
"3085",0,1,0,5,1
"3086",0,0,3,6,0
"3087",0,0,0,1,6
"3088",0,4,0,1,0
"3089",0,0,5,0,0
"3090",0,1,6,0,0
"3091",0,4,0,2,1
"3092",1,0,4,0,0
"3093",0,8,0,1,0
"3094",0,0,6,2,0
"3095",0,0,9,0,1
"3096",0,0,5,0,0
"3097",5,4,0,0,0
"3098",0,1,1,4,2
"3099",2,0,0,0,0
"3100",0,2,1,0,0
"3101",0,0,3,0,1
"3102",0,4,1,0,0
"3103",0,0,5,0,0
"3104",0,4,4,0,0
"3105",0,0,0,1,6
"3106",0,2,0,1,1
"3107",0,3,0,0,0
"3108",0,0,1,2,0
"3109",0,0,3,0,1
"3110",0,0,2,1,0
"3111",5,0,0,0,0
"3112",5,0,0,1,0
"3113",1,0,1,2,0
"3114",0,1,1,0,0
"3115",0,0,7,0,1
"3116",2,3,0,0,0
"3117",1,1,1,0,3
"3118",1,1,3,0,0
"3119",1,1,2,2,0
"3120",5,1,0,0,2
"3121",1,0,4,0,0
"3122",0,0,2,0,0
"3123",3,1,0,0,0
"3124",4,2,0,0,1
"3125",0,4,0,0,0
"3126",0,0,5,0,1
"3127",0,1,1,2,0
"3128",0,0,0,5,2
"3129",0,0,4,0,1
"3130",0,1,0,0,0
"3131",2,0,0,0,0
"3132",0,1,3,2,0
"3133",0,4,0,0,0
"3134",2,1,2,0,0
"3135",3,2,1,0,0
"3136",0,0,0,8,1
"3137",0,1,1,1,0
"3138",2,4,4,2,0
"3139",0,0,2,1,0
"3140",0,0,4,0,0
"3141",0,0,2,1,1
"3142",0,0,0,1,3
"3143",0,3,4,3,0
"3144",0,0,5,1,0
"3145",1,2,1,0,1
"3146",0,4,0,0,0
"3147",0,1,4,0,0
"3148",0,0,2,0,0
"3149",0,0,5,0,0
"3150",0,2,4,0,0
"3151",0,3,1,0,0
"3152",0,0,0,1,7
"3153",0,4,1,0,0
"3154",0,5,0,1,0
"3155",1,6,0,0,0
"3156",2,1,0,1,0
"3157",0,1,0,1,0
"3158",0,0,0,0,6
"3159",0,1,5,0,0
"3160",0,1,3,3,0
"3161",0,1,1,0,0
"3162",1,0,0,0,2
"3163",0,5,0,0,0
"3164",0,1,8,0,0
"3165",3,1,0,0,0
"3166",1,5,3,0,0
"3167",0,3,0,0,0
"3168",0,0,5,0,1
"3169",1,2,0,0,0
"3170",0,5,3,1,0
"3171",0,0,0,2,7
"3172",0,0,4,1,0
"3173",0,1,2,0,0
"3174",2,3,0,0,0
"3175",0,0,2,1,0
"3176",4,1,0,0,0
"3177",0,6,2,0,0
"3178",0,0,6,0,2
"3179",0,3,0,1,0
"3180",1,0,5,0,0
"3181",0,1,0,1,0
"3182",2,4,0,0,0
"3183",0,0,3,0,0
"3184",0,1,3,0,0
"3185",0,3,0,0,1
"3186",1,0,3,2,0
"3187",0,1,4,0,0
"3188",2,4,0,0,0
"3189",0,0,7,0,0
"3190",0,1,3,0,0
"3191",1,0,3,0,0
"3192",1,1,0,0,0
"3193",1,2,0,0,0
"3194",0,0,4,0,3
"3195",1,8,0,0,0
"3196",0,3,0,0,0
"3197",2,1,0,0,0
"3198",0,0,5,1,0
"3199",0,2,4,0,0
"3200",0,0,4,0,0
"3201",0,0,0,0,5
"3202",0,1,8,0,0
"3203",0,0,3,0,1
"3204",0,0,5,1,0
"3205",0,1,4,0,0
"3206",3,4,0,0,0
"3207",0,4,0,0,1
"3208",0,0,0,0,8
"3209",0,1,4,0,0
"3210",2,4,0,0,0
"3211",2,0,4,0,0
"3212",0,3,0,0,2
"3213",0,0,0,2,6
"3214",0,0,1,3,2
"3215",0,9,0,0,1
"3216",0,3,4,0,0
"3217",0,0,0,9,1
"3218",0,4,2,0,0
"3219",0,0,1,4,2
"3220",0,1,3,0,0
"3221",1,4,2,2,0
"3222",1,5,1,0,0
"3223",0,1,0,0,0
"3224",0,0,0,0,3
"3225",0,3,2,0,0
"3226",0,3,0,0,0
"3227",2,2,0,0,0
"3228",1,0,4,0,0
"3229",0,4,0,1,0
"3230",0,0,3,0,0
"3231",3,3,0,0,0
"3232",0,0,4,0,1
"3233",0,1,0,0,2
"3234",1,0,2,1,0
"3235",1,0,0,0,0
"3236",1,0,4,0,0
"3237",0,0,5,0,0
"3238",0,0,1,5,2
"3239",5,0,0,0,0
"3240",0,0,0,0,7
"3241",0,1,4,0,0
"3242",1,2,0,0,0
"3243",0,1,3,1,0
"3244",1,2,2,0,0
"3245",0,0,3,0,0
"3246",0,7,0,0,0
"3247",0,0,0,0,10
"3248",0,0,1,5,1
"3249",0,6,0,0,0
"3250",0,0,7,0,0
"3251",0,0,1,0,8
"3252",0,1,4,0,0
"3253",0,0,6,4,2
"3254",1,3,0,0,0
"3255",0,3,2,0,0
"3256",0,0,5,0,0
"3257",0,0,0,1,6
"3258",0,0,4,0,0
"3259",1,1,5,1,0
"3260",0,1,0,6,0
"3261",2,3,0,0,0
"3262",0,2,0,0,0
"3263",1,0,3,2,0
"3264",0,0,1,3,2
"3265",0,1,8,0,0
"3266",0,0,0,2,1
"3267",0,1,2,0,0
"3268",5,1,1,0,0
"3269",0,1,5,0,0
"3270",0,0,3,0,2
"3271",0,0,5,0,1
"3272",0,3,4,1,0
"3273",0,0,4,0,1
"3274",0,1,8,0,0
"3275",2,0,1,0,0
"3276",0,0,0,0,5
"3277",0,1,6,0,0
"3278",0,1,0,2,0
"3279",1,1,0,0,1
"3280",0,0,3,0,1
"3281",0,0,0,0,6
"3282",0,0,2,0,0
"3283",2,2,4,0,0
"3284",0,2,5,0,0
"3285",0,0,4,0,2
"3286",0,0,5,1,0
"3287",5,1,0,1,1
"3288",1,0,4,0,0
"3289",0,0,7,0,0
"3290",0,3,0,0,3
"3291",0,2,7,1,0
"3292",0,0,2,4,0
"3293",0,0,7,1,0
"3294",0,4,4,0,0
"3295",0,0,2,0,3
"3296",0,0,2,0,0
"3297",0,2,4,0,0
"3298",0,0,1,0,1
"3299",2,3,1,0,0
"3300",0,1,3,0,0
"3301",0,0,0,1,0
"3302",0,3,0,1,1
"3303",0,0,1,8,0
"3304",0,3,2,1,0
"3305",1,0,0,4,0
"3306",0,0,0,3,0
"3307",1,1,5,1,0
"3308",0,0,4,0,1
"3309",3,0,0,0,0
"3310",0,0,4,0,3
"3311",0,0,2,1,3
"3312",0,2,5,0,0
"3313",0,1,5,0,0
"3314",0,1,4,0,0
"3315",0,3,0,0,2
"3316",2,0,3,0,0
"3317",1,0,4,0,0
"3318",0,0,0,2,2
"3319",0,6,0,0,0
"3320",0,0,6,0,1
"3321",1,0,0,0,0
"3322",0,3,2,0,0
"3323",1,0,6,0,0
"3324",0,5,1,1,0
"3325",0,0,0,0,9
"3326",0,1,4,0,0
"3327",1,6,0,0,0
"3328",0,2,3,0,0
"3329",0,0,7,1,0
"3330",0,0,0,0,5
"3331",0,0,2,1,0
"3332",1,0,0,0,1
"3333",0,0,7,0,0
"3334",0,0,7,1,0
"3335",1,5,0,0,0
"3336",0,5,1,0,0
"3337",0,1,0,0,0
"3338",0,2,2,0,0
"3339",3,5,1,2,0
"3340",0,0,1,4,3
"3341",0,0,0,8,1
"3342",0,0,6,1,0
"3343",1,4,1,0,0
"3344",0,0,1,0,3
"3345",0,0,1,3,6
"3346",8,0,0,0,0
"3347",0,1,5,0,0
"3348",0,0,0,0,3
"3349",0,4,2,0,0
"3350",0,1,1,6,1
"3351",0,1,0,2,2
"3352",2,4,0,0,0
"3353",1,4,2,0,0
"3354",2,5,0,0,0
"3355",0,0,1,1,3
"3356",0,0,0,0,1
"3357",0,0,3,1,1
"3358",2,2,2,3,0
"3359",1,5,0,0,0
"3360",5,0,1,0,0
"3361",0,3,1,0,0
"3362",0,1,4,0,0
"3363",0,0,0,2,5
"3364",0,0,0,4,5
"3365",0,1,3,0,0
"3366",0,0,3,2,2
"3367",1,0,0,0,4
"3368",1,4,1,0,0
"3369",0,0,7,2,0
"3370",0,0,4,0,0
"3371",0,4,0,2,1
"3372",0,0,2,3,0
"3373",0,0,0,3,6
"3374",0,1,1,1,2
"3375",0,0,6,0,0
"3376",0,4,0,0,0
"3377",3,1,1,1,0
"3378",1,0,0,0,0
"3379",4,0,0,0,0
"3380",0,0,0,0,8
"3381",2,2,0,0,0
"3382",0,0,0,0,5
"3383",1,0,4,0,0
"3384",0,2,0,1,0
"3385",1,1,0,0,0
"3386",0,0,5,1,1
"3387",0,2,1,0,0
"3388",7,0,0,0,0
"3389",0,4,0,0,2
"3390",1,2,1,0,0
"3391",0,0,8,2,0
"3392",0,0,1,8,1
"3393",0,1,0,3,4
"3394",0,9,0,0,0
"3395",0,0,0,6,0
"3396",2,0,0,0,0
"3397",0,2,3,0,0
"3398",0,0,2,4,0
"3399",1,4,2,0,0
"3400",0,0,0,2,0
"3401",0,0,4,3,0
"3402",0,0,5,1,0
"3403",0,3,0,0,0
"3404",0,0,2,0,1
"3405",1,1,0,3,0
"3406",0,1,7,1,0
"3407",3,0,0,0,0
"3408",7,0,0,1,0
"3409",0,0,5,1,0
"3410",0,0,0,1,5
"3411",0,0,1,4,3
"3412",0,0,0,2,8
"3413",1,0,7,0,0
"3414",0,1,5,0,0
"3415",1,2,0,0,0
"3416",0,0,0,4,5
"3417",0,1,0,5,0
"3418",0,2,4,1,0
"3419",0,1,5,1,0
"3420",0,0,7,2,0
"3421",0,0,6,0,0
"3422",3,0,2,0,0
"3423",0,0,6,1,0
"3424",2,1,1,0,0
"3425",0,0,4,1,0
"3426",1,1,0,0,0
"3427",0,0,6,1,0
"3428",0,3,0,0,4
"3429",0,0,4,0,0
"3430",0,0,3,0,2
"3431",2,0,0,0,0
"3432",0,5,1,0,0
"3433",0,0,0,4,7
"3434",0,0,3,1,0
"3435",0,0,0,2,7
"3436",1,0,6,1,0
"3437",0,2,4,1,0
"3438",5,4,0,1,0
"3439",2,0,0,1,0
"3440",1,0,3,0,0
"3441",0,3,0,1,0
"3442",1,3,0,0,0
"3443",0,1,0,4,0
"3444",0,6,0,1,0
"3445",0,1,6,0,1
"3446",0,4,1,0,0
"3447",0,0,4,0,1
"3448",0,0,3,1,0
"3449",0,0,0,0,7
"3450",0,2,4,0,0
"3451",3,4,0,0,0
"3452",2,3,0,0,0
"3453",0,0,4,0,0
"3454",0,1,2,0,0
"3455",0,0,1,1,3
"3456",0,0,2,2,3
"3457",0,1,2,0,0
"3458",0,2,5,0,1
"3459",0,4,1,2,0
"3460",0,7,2,0,0
"3461",0,0,0,0,3
"3462",1,0,5,0,0
"3463",0,0,8,0,0
"3464",0,1,4,1,0
"3465",0,1,2,1,0
"3466",0,0,5,0,1
"3467",0,0,2,1,0
"3468",0,3,2,0,0
"3469",2,0,0,0,0
"3470",0,4,2,0,1
"3471",0,0,2,0,0
"3472",0,0,2,7,0
"3473",3,3,0,0,0
"3474",4,0,0,0,1
"3475",0,0,2,0,0
"3476",1,1,4,0,0
"3477",0,0,4,0,0
"3478",0,1,1,4,0
"3479",0,0,0,0,9
"3480",1,0,3,0,0
"3481",0,0,3,0,0
"3482",0,2,2,0,0
"3483",0,0,5,1,0
"3484",1,0,2,0,0
"3485",0,3,1,1,0
"3486",0,0,6,1,0
"3487",0,4,1,0,0
"3488",3,3,0,0,0
"3489",1,4,0,0,0
"3490",0,0,5,0,1
"3491",4,0,0,2,0
"3492",1,2,1,0,0
"3493",2,3,0,0,0
"3494",0,0,3,0,0
"3495",0,0,4,2,0
"3496",0,1,7,0,0
"3497",0,2,2,0,0
"3498",1,4,1,1,0
"3499",0,3,1,0,0
"3500",0,2,2,1,0
"3501",3,4,0,0,0
"3502",0,1,3,4,2
"3503",0,6,0,0,0
"3504",0,1,7,0,0
"3505",2,1,0,0,0
"3506",0,0,1,0,0
"3507",0,1,4,0,0
"3508",1,0,6,0,0
"3509",0,0,8,0,0
"3510",0,1,6,0,0
"3511",0,0,0,8,4
"3512",0,0,1,0,0
"3513",0,0,5,0,2
"3514",0,4,0,1,0
"3515",0,2,0,4,0
"3516",1,4,0,0,0
"3517",0,1,0,1,0
"3518",0,1,6,0,0
"3519",1,0,2,0,0
"3520",0,3,0,0,1
"3521",0,3,1,1,0
"3522",0,0,5,2,1
"3523",0,0,6,2,0
"3524",0,0,9,0,0
"3525",0,3,3,0,0
"3526",2,5,0,0,0
"3527",0,0,6,1,2
"3528",3,0,0,0,0
"3529",0,1,3,0,0
"3530",0,0,7,1,1
"3531",0,5,0,0,1
"3532",1,0,2,0,0
"3533",0,0,0,0,7
"3534",0,1,6,0,0
"3535",0,0,1,2,3
"3536",0,2,4,0,0
"3537",1,0,0,0,0
"3538",0,0,0,7,2
"3539",2,2,2,0,0
"3540",0,2,2,0,0
"3541",1,5,1,0,0
"3542",0,1,1,1,0
"3543",0,4,0,0,0
"3544",5,0,0,0,0
"3545",0,0,5,0,2
"3546",2,2,0,0,0
"3547",0,0,4,1,1
"3548",0,0,0,0,8
"3549",1,0,3,0,0
"3550",0,0,7,0,0
"3551",0,0,6,3,2
"3552",0,0,1,2,4
"3553",1,0,4,0,0
"3554",0,3,4,1,2
"3555",0,2,1,1,0
"3556",0,2,1,1,0
"3557",0,1,0,0,0
"3558",0,6,0,2,0
"3559",0,5,0,0,0
"3560",0,0,5,5,0
"3561",0,0,6,0,0
"3562",0,0,8,0,0
"3563",0,3,0,0,0
"3564",0,1,0,4,0
"3565",0,1,0,4,1
"3566",0,0,3,0,0
"3567",0,0,0,4,3
"3568",0,0,4,5,0
"3569",0,0,1,2,4
"3570",0,0,7,2,0
"3571",0,0,1,7,0
"3572",0,2,7,0,1
"3573",0,0,3,0,0
"3574",1,2,1,0,0
"3575",0,2,1,0,0
"3576",0,0,5,0,1
"3577",1,0,0,0,1
"3578",3,2,0,0,0
"3579",0,0,5,3,0
"3580",0,0,5,0,0
"3581",0,2,1,2,0
"3582",1,1,4,0,0
"3583",0,0,3,0,0
"3584",0,1,4,1,0
"3585",2,0,2,0,0
"3586",2,0,0,0,0
"3587",2,0,0,0,0
"3588",1,1,0,0,0
"3589",0,0,2,6,2
"3590",0,0,6,0,0
"3591",1,2,2,1,0
"3592",0,2,3,0,0
"3593",0,0,4,0,4
"3594",1,1,2,0,0
"3595",1,2,1,0,0
"3596",1,0,2,0,0
"3597",0,5,0,0,0
"3598",0,2,4,2,0
"3599",0,0,1,5,4
"3600",0,4,7,1,0
"3601",0,1,4,0,0
"3602",0,0,2,1,0
"3603",4,1,1,0,0
"3604",0,0,4,1,4
"3605",0,6,2,0,0
"3606",0,1,1,1,1
"3607",0,5,3,3,0
"3608",0,4,0,0,0
"3609",0,0,6,0,0
"3610",0,0,3,0,0
"3611",0,0,1,2,2
"3612",0,1,7,0,0
"3613",0,0,7,0,0
"3614",5,1,0,0,0
"3615",0,2,2,0,0
"3616",1,0,6,0,0
"3617",0,0,5,0,0
"3618",0,4,0,0,3
"3619",0,0,2,2,3
"3620",0,0,0,0,7
"3621",0,0,2,3,0
"3622",0,3,0,0,0
"3623",0,1,0,0,7
"3624",0,1,2,0,0
"3625",1,1,1,0,0
"3626",0,0,2,0,1
"3627",0,1,5,0,0
"3628",0,0,2,0,0
"3629",0,3,0,0,0
"3630",1,5,0,0,0
"3631",2,0,1,0,0
"3632",3,0,0,0,0
"3633",1,0,3,1,0
"3634",0,0,4,0,0
"3635",0,2,4,1,1
"3636",0,1,5,0,0
"3637",0,2,1,1,0
"3638",0,0,0,0,1
"3639",0,2,0,1,0
"3640",2,0,1,0,0
"3641",0,0,0,4,4
"3642",0,0,0,0,9
"3643",2,3,0,1,0
"3644",0,2,4,0,0
"3645",0,0,4,0,0
"3646",0,0,5,1,0
"3647",0,0,2,1,0
"3648",0,1,4,0,1
"3649",2,1,0,0,2
"3650",1,0,0,0,1
"3651",1,5,0,0,0
"3652",0,5,1,0,0
"3653",0,0,2,5,1
"3654",0,0,5,0,0
"3655",0,0,7,0,0
"3656",0,2,4,0,1
"3657",2,0,1,0,0
"3658",0,0,0,0,8
"3659",0,0,5,1,0
"3660",0,6,2,0,0
"3661",2,0,0,0,0
"3662",0,6,0,0,0
"3663",0,0,1,1,5
"3664",2,3,0,0,0
"3665",0,0,0,0,4
"3666",0,1,4,1,0
"3667",0,3,0,0,0
"3668",2,0,0,0,0
"3669",0,4,0,2,0
"3670",0,0,1,0,0
"3671",0,0,0,6,2
"3672",0,1,5,0,0
"3673",0,0,4,0,0
"3674",0,1,0,1,4
"3675",0,1,5,1,0
"3676",0,6,0,0,0
"3677",0,0,2,0,1
"3678",0,0,3,0,0
"3679",0,0,6,1,0
"3680",5,1,2,0,0
"3681",0,4,0,1,1
"3682",1,1,0,0,0
"3683",2,3,0,2,0
"3684",4,1,0,0,0
"3685",0,1,2,0,0
"3686",0,1,3,3,0
"3687",0,1,4,0,0
"3688",0,1,1,0,0
"3689",0,0,10,0,0
"3690",0,1,5,0,0
"3691",0,1,3,0,0
"3692",1,5,0,0,0
"3693",1,7,0,0,0
"3694",0,0,7,0,0
"3695",0,3,0,1,2
"3696",0,1,1,0,0
"3697",0,0,2,5,0
"3698",0,0,2,3,0
"3699",0,0,5,0,1
"3700",0,2,0,1,1
"3701",0,3,0,0,0
"3702",0,0,3,0,0
"3703",1,0,4,0,0
"3704",1,2,0,0,0
"3705",3,7,0,0,0
"3706",0,1,3,0,0
"3707",0,0,4,3,0
"3708",0,0,5,0,0
"3709",0,0,4,1,0
"3710",0,4,1,0,0
"3711",0,0,2,8,1
"3712",0,0,7,0,0
"3713",0,1,4,0,2
"3714",0,0,3,1,0
"3715",0,0,0,7,1
"3716",2,1,1,0,0
"3717",0,2,3,1,0
"3718",0,0,0,6,2
"3719",0,6,0,0,0
"3720",2,3,0,0,0
"3721",0,0,5,0,2
"3722",1,3,2,0,0
"3723",1,0,3,0,0
"3724",1,1,0,0,0
"3725",0,2,5,0,0
"3726",0,0,1,3,4
"3727",0,2,1,1,0
"3728",0,0,1,1,4
"3729",0,0,4,0,0
"3730",2,2,2,0,0
"3731",0,0,5,3,0
"3732",1,3,0,0,0
"3733",0,2,0,0,0
"3734",0,0,2,0,2
"3735",0,1,0,0,1
"3736",0,1,5,1,0
"3737",7,0,1,2,0
"3738",0,0,2,0,1
"3739",0,4,0,0,2
"3740",0,6,2,0,0
"3741",2,4,0,0,1
"3742",0,1,1,0,0
"3743",0,1,3,0,0
"3744",0,0,0,5,3
"3745",1,1,1,0,0
"3746",0,0,1,2,0
"3747",0,0,2,1,0
"3748",0,2,2,0,0
"3749",1,1,0,1,0
"3750",0,3,0,2,0
"3751",0,3,0,0,0
"3752",1,4,2,0,0
"3753",1,4,0,0,0
"3754",1,0,8,0,0
"3755",0,6,0,0,0
"3756",0,0,6,0,1
"3757",0,0,0,1,6
"3758",1,1,1,0,0
"3759",1,3,0,0,0
"3760",0,0,7,0,1
"3761",1,0,5,2,0
"3762",0,2,1,1,0
"3763",0,0,4,2,1
"3764",0,0,7,0,0
"3765",0,3,0,0,0
"3766",2,0,0,0,0
"3767",0,0,4,0,0
"3768",2,5,0,0,0
"3769",0,0,1,4,3
"3770",0,0,0,0,9
"3771",0,0,5,0,0
"3772",0,7,3,1,0
"3773",1,2,0,0,0
"3774",5,2,0,0,0
"3775",0,0,7,1,0
"3776",0,0,0,1,0
"3777",1,5,0,0,0
"3778",0,1,0,2,2
"3779",0,0,3,2,1
"3780",0,4,2,0,0
"3781",0,2,0,1,0
"3782",0,1,5,1,0
"3783",0,0,2,0,2
"3784",0,0,0,0,7
"3785",1,0,6,0,0
"3786",0,0,7,0,2
"3787",0,6,2,0,0
"3788",0,1,5,0,0
"3789",5,1,0,0,0
"3790",0,0,7,0,2
"3791",0,3,2,0,0
"3792",0,0,1,1,0
"3793",1,3,0,0,0
"3794",0,0,0,0,6
"3795",0,2,1,0,0
"3796",0,0,3,0,0
"3797",0,2,6,0,0
"3798",0,0,1,0,0
"3799",1,3,0,0,0
"3800",0,1,6,0,1
"3801",0,0,7,0,0
"3802",0,6,0,1,2
"3803",0,0,2,0,0
"3804",0,5,0,0,0
"3805",0,0,3,0,0
"3806",0,0,4,1,0
"3807",0,0,2,0,0
"3808",0,0,5,0,0
"3809",2,4,0,0,0
"3810",1,1,3,0,0
"3811",0,0,2,0,0
"3812",0,0,3,1,0
"3813",0,0,0,1,2
"3814",0,2,3,0,1
"3815",3,2,0,0,0
"3816",0,4,4,0,0
"3817",1,0,2,0,1
"3818",0,0,2,5,2
"3819",0,0,1,0,1
"3820",0,2,6,0,0
"3821",0,1,0,5,0
"3822",1,3,4,0,0
"3823",0,1,1,0,2
"3824",1,0,2,0,0
"3825",5,1,0,0,0
"3826",0,2,0,0,0
"3827",1,2,2,0,0
"3828",2,1,4,0,0
"3829",0,1,2,0,1
"3830",0,5,2,0,0
"3831",0,1,0,0,0
"3832",1,3,1,0,0
"3833",1,1,2,0,0
"3834",1,1,0,2,0
"3835",0,0,4,0,0
"3836",1,2,0,1,0
"3837",1,2,0,0,0
"3838",0,0,4,1,3
"3839",0,0,6,1,1
"3840",1,1,3,0,0
"3841",1,0,0,4,0
"3842",0,0,4,0,1
"3843",0,1,6,2,0
"3844",0,0,0,5,4
"3845",0,5,0,0,0
"3846",0,2,6,0,0
"3847",1,1,5,0,0
"3848",1,4,0,0,0
"3849",0,0,0,3,4
"3850",2,0,1,0,0
"3851",1,0,0,0,3
"3852",0,2,2,0,0
"3853",0,1,6,0,0
"3854",0,2,4,0,0
"3855",0,0,0,0,0
"3856",0,4,0,0,0
"3857",0,0,1,7,1
"3858",0,1,0,0,0
"3859",0,1,5,0,0
"3860",0,2,1,0,0
"3861",0,2,0,3,0
"3862",0,4,0,0,0
"3863",0,0,4,2,0
"3864",1,5,0,2,0
"3865",1,2,6,0,0
"3866",0,0,0,4,2
"3867",4,5,4,0,0
"3868",0,0,2,4,7
"3869",0,0,4,1,0
"3870",0,2,5,0,0
"3871",0,0,1,1,1
"3872",0,1,2,0,1
"3873",0,0,1,3,6
"3874",0,0,1,1,7
"3875",1,7,0,0,0
"3876",3,0,0,0,0
"3877",0,3,1,0,0
"3878",2,0,0,2,0
"3879",0,0,0,5,5
"3880",0,3,2,0,3
"3881",0,3,2,0,0
"3882",5,0,0,0,0
"3883",0,0,0,0,7
"3884",1,3,2,0,0
"3885",3,0,0,0,0
"3886",0,2,0,0,3
"3887",0,0,6,1,0
"3888",0,4,0,0,1
"3889",0,1,0,1,0
"3890",0,2,0,0,1
"3891",0,1,0,0,6
"3892",0,1,1,2,0
"3893",0,0,0,1,7
"3894",0,0,3,2,2
"3895",0,0,0,5,1
"3896",0,0,2,4,1
"3897",0,8,0,0,0
"3898",0,0,3,1,0
"3899",0,0,0,1,7
"3900",1,2,0,0,0
"3901",0,6,0,1,2
"3902",0,5,2,1,0
"3903",1,0,2,1,0
"3904",1,5,2,0,0
"3905",0,1,1,6,0
"3906",0,4,2,0,0
"3907",0,0,4,2,0
"3908",0,1,2,0,1
"3909",0,2,2,0,0
"3910",2,0,0,0,1
"3911",0,3,4,0,2
"3912",0,0,2,0,1
"3913",0,8,1,0,0
"3914",0,0,3,2,0
"3915",0,1,3,0,0
"3916",0,4,1,0,0
"3917",0,3,0,0,1
"3918",0,0,6,1,0
"3919",0,0,4,0,1
"3920",1,0,4,0,0
"3921",0,0,0,4,4
"3922",0,0,3,0,0
"3923",2,0,0,0,1
"3924",0,4,2,1,0
"3925",0,2,2,1,0
"3926",5,1,0,0,0
"3927",1,6,0,0,0
"3928",0,0,3,0,0
"3929",0,0,6,0,1
"3930",0,0,4,4,0
"3931",0,0,0,0,8
"3932",0,1,1,6,0
"3933",1,0,2,0,0
"3934",0,0,0,4,2
"3935",0,0,2,0,2
"3936",0,0,1,0,0
"3937",0,0,5,1,0
"3938",0,0,0,0,0
"3939",0,1,2,1,0
"3940",0,0,3,1,0
"3941",0,0,3,3,0
"3942",0,0,4,0,0
"3943",0,0,0,0,1
"3944",0,0,0,0,4
"3945",0,3,0,0,0
"3946",0,4,3,2,0
"3947",0,1,4,3,0
"3948",0,0,6,0,0
"3949",0,1,0,1,3
"3950",2,0,0,0,0
"3951",1,1,4,0,0
"3952",0,0,0,0,9
"3953",0,2,2,0,0
"3954",1,1,0,0,0
"3955",4,0,0,1,0
"3956",0,0,9,0,0
"3957",0,0,5,0,1
"3958",3,1,2,0,0
"3959",1,0,4,0,0
"3960",0,0,4,0,0
"3961",0,1,1,0,1
"3962",0,3,0,0,2
"3963",0,0,6,0,2
"3964",2,4,1,0,0
"3965",0,0,0,1,8
"3966",0,0,0,3,4
"3967",0,0,6,0,0
"3968",1,0,7,0,0
"3969",0,0,3,0,0
"3970",1,0,1,1,0
"3971",0,0,3,1,0
"3972",0,6,0,0,0
"3973",2,4,0,0,0
"3974",0,1,4,2,0
"3975",0,2,5,1,0
"3976",0,0,6,0,1
"3977",0,3,3,0,0
"3978",0,0,1,0,5
"3979",0,2,2,1,0
"3980",0,1,1,1,1
"3981",2,0,1,2,0
"3982",1,0,0,6,0
"3983",0,0,0,0,10
"3984",0,1,0,3,3
"3985",0,0,3,1,1
"3986",2,0,0,0,0
"3987",0,1,4,0,0
"3988",0,4,0,0,0
"3989",1,0,1,0,0
"3990",4,0,1,0,3
"3991",0,1,4,2,1
"3992",0,0,0,0,9
"3993",0,0,1,0,0
"3994",0,1,0,0,1
"3995",0,0,1,3,3
"3996",1,2,0,0,0
"3997",0,0,1,6,0
"3998",1,1,1,0,0
"3999",0,3,0,0,0
"4000",0,4,5,0,0
"4001",0,0,8,0,0
"4002",0,0,7,0,0
"4003",0,0,6,0,0
"4004",1,0,0,4,0
"4005",0,4,0,2,0
"4006",0,3,0,1,0
"4007",0,5,0,2,0
"4008",0,0,6,0,0
"4009",2,0,0,0,0
"4010",0,0,5,1,0
"4011",0,1,0,0,1
"4012",0,2,1,0,2
"4013",0,6,1,0,0
"4014",0,4,0,0,0
"4015",0,2,3,0,0
"4016",0,4,0,0,0
"4017",0,3,0,3,0
"4018",0,2,3,0,0
"4019",0,0,2,0,2
"4020",0,1,3,2,0
"4021",1,5,0,0,0
"4022",2,3,0,0,0
"4023",0,0,0,3,5
"4024",0,0,2,0,3
"4025",0,0,4,0,0
"4026",3,1,0,0,1
"4027",0,4,4,0,0
"4028",0,2,1,0,0
"4029",0,2,2,0,0
"4030",0,4,0,1,0
"4031",0,0,5,0,1
"4032",0,3,3,0,0
"4033",0,1,4,2,0
"4034",0,0,0,0,6
"4035",0,5,3,0,0
"4036",0,2,3,0,0
"4037",0,2,1,0,0
"4038",1,0,0,3,0
"4039",0,2,0,0,0
"4040",0,0,0,0,6
"4041",0,5,0,0,0
"4042",1,0,6,0,0
"4043",0,0,5,0,0
"4044",0,1,1,0,0
"4045",0,1,3,1,0
"4046",0,0,5,1,0
"4047",0,0,7,0,0
"4048",0,0,1,1,0
"4049",0,1,0,0,4
"4050",0,0,6,0,0
"4051",1,3,1,0,0
"4052",0,0,5,0,0
"4053",0,3,1,1,0
"4054",0,1,3,0,0
"4055",0,0,1,7,1
"4056",0,3,0,1,1
"4057",0,0,4,4,0
"4058",0,1,1,0,2
"4059",3,2,1,0,0
"4060",2,3,1,0,0
"4061",0,2,5,0,0
"4062",1,1,2,0,0
"4063",0,0,0,5,4
"4064",0,1,0,0,6
"4065",2,0,0,0,0
"4066",3,0,0,0,0
"4067",0,1,0,6,0
"4068",1,0,2,1,0
"4069",0,2,3,0,0
"4070",1,0,5,0,0
"4071",0,0,1,2,4
"4072",0,1,0,6,0
"4073",0,3,2,0,0
"4074",0,2,2,0,0
"4075",0,2,2,0,0
"4076",0,0,0,1,6
"4077",0,0,3,1,1
"4078",0,4,1,0,0
"4079",0,1,3,1,0
"4080",0,3,0,1,1
"4081",2,4,0,0,2
"4082",0,0,0,3,4
"4083",0,2,2,2,0
"4084",0,4,0,1,0
"4085",1,6,0,0,0
"4086",0,1,6,0,0
"4087",0,0,0,0,7
"4088",0,1,6,1,2
"4089",0,0,5,0,0
"4090",0,2,5,0,0
"4091",0,4,2,2,0
"4092",0,0,2,2,3
"4093",0,0,0,0,6
"4094",0,1,3,2,1
"4095",0,1,5,0,0
"4096",0,0,3,1,2
"4097",0,0,3,1,2
"4098",1,3,0,0,0
"4099",0,4,2,0,0
"4100",3,0,0,1,0
"4101",1,1,4,0,0
"4102",0,0,6,0,0
"4103",0,0,4,3,0
"4104",0,0,0,3,4
"4105",1,1,4,0,0
"4106",0,4,0,0,1
"4107",1,4,1,0,0
"4108",0,4,2,0,0
"4109",1,1,2,0,1
"4110",0,3,0,1,2
"4111",0,0,3,0,0
"4112",1,0,7,0,0
"4113",0,1,2,0,1
"4114",0,0,0,4,1
"4115",0,0,5,0,1
"4116",1,1,2,0,0
"4117",0,1,3,1,0
"4118",0,0,4,3,0
"4119",0,8,1,0,0
"4120",0,1,3,0,0
"4121",1,0,7,0,0
"4122",1,0,0,1,3
"4123",0,0,3,1,0
"4124",5,0,0,1,1
"4125",0,1,5,0,0
"4126",0,3,0,0,0
"4127",1,1,1,0,0
"4128",0,0,6,0,0
"4129",0,1,0,3,1
"4130",0,0,8,0,0
"4131",0,0,3,2,0
"4132",0,0,0,1,6
"4133",0,0,1,4,3
"4134",0,6,5,0,0
"4135",0,2,2,0,0
"4136",0,0,0,0,0
"4137",5,1,0,0,0
"4138",5,3,0,0,0
"4139",0,4,0,0,0
"4140",2,0,2,2,0
"4141",0,2,4,0,2
"4142",0,0,5,3,2
"4143",0,1,5,1,0
"4144",1,0,6,0,0
"4145",0,3,2,3,2
"4146",0,0,5,2,1
"4147",0,4,6,0,0
"4148",1,1,3,0,0
"4149",0,1,0,0,2
"4150",0,0,0,6,4
"4151",0,4,2,0,1
"4152",0,2,0,0,0
"4153",0,1,5,0,0
"4154",0,0,1,2,5
"4155",0,8,1,0,1
"4156",0,0,5,0,2
"4157",0,0,2,1,2
"4158",0,0,0,7,0
"4159",2,3,0,0,0
"4160",1,0,5,0,0
"4161",1,1,3,0,0
"4162",0,1,0,2,4
"4163",1,2,2,0,0
"4164",0,1,4,0,1
"4165",0,0,5,0,1
"4166",0,0,4,0,0
"4167",0,1,2,2,3
"4168",1,0,2,0,0
"4169",0,5,0,0,0
"4170",1,2,2,0,0
"4171",0,1,3,0,0
"4172",1,6,0,0,0
"4173",0,6,1,0,0
"4174",0,0,4,4,0
"4175",1,0,5,0,0
"4176",0,2,3,0,0
"4177",0,0,0,0,2
"4178",0,1,5,0,0
"4179",0,1,1,0,1
"4180",0,0,3,1,0
"4181",3,0,0,0,2
"4182",0,0,6,0,0
"4183",0,1,2,1,1
"4184",0,5,0,0,0
"4185",0,2,0,1,2
"4186",0,4,0,0,0
"4187",0,0,6,0,0
"4188",0,0,0,0,8
"4189",0,1,1,5,0
"4190",2,0,1,0,0
"4191",0,0,4,1,2
"4192",0,0,4,0,1
"4193",0,0,1,0,5
"4194",0,0,4,0,1
"4195",0,1,3,2,0
"4196",0,0,3,0,1
"4197",0,0,4,0,0
"4198",0,0,1,0,0
"4199",0,4,0,0,0
"4200",3,1,2,0,0
"4201",1,2,2,0,0
"4202",0,0,0,0,6
"4203",0,0,5,2,0
"4204",0,0,2,2,2
"4205",0,1,3,2,0
"4206",0,0,6,0,2
"4207",0,0,0,3,1
"4208",1,0,2,0,0
"4209",0,1,1,1,3
"4210",0,0,0,2,3
"4211",0,1,2,3,0
"4212",1,0,2,0,3
"4213",0,1,0,3,2
"4214",0,1,5,2,0
"4215",0,0,9,0,0
"4216",0,0,5,1,0
"4217",0,1,3,0,0
"4218",0,0,1,6,0
"4219",1,0,0,2,0
"4220",2,4,1,0,0
"4221",0,4,0,0,1
"4222",0,0,6,0,0
"4223",0,3,7,1,0
"4224",5,0,0,1,0
"4225",0,0,0,1,0
"4226",0,0,7,0,0
"4227",0,5,2,0,0
"4228",1,2,3,0,0
"4229",1,1,2,0,0
"4230",0,6,0,2,0
"4231",2,1,1,2,0
"4232",0,0,6,0,1
"4233",0,4,1,1,0
"4234",0,1,1,0,3
"4235",1,0,1,2,0
"4236",0,0,4,1,2
"4237",0,0,5,3,0
"4238",0,1,0,0,2
"4239",0,2,1,0,0
"4240",0,0,6,0,0
"4241",0,0,2,0,0
"4242",0,0,0,4,6
"4243",0,0,0,5,4
"4244",0,0,6,0,0
"4245",0,0,7,0,0
"4246",0,3,0,0,0
"4247",0,2,0,0,0
"4248",0,0,4,0,2
"4249",0,0,0,0,2
"4250",1,1,3,0,0
"4251",0,1,2,0,0
"4252",0,0,5,1,0
"4253",0,0,3,0,0
"4254",0,0,1,2,2
"4255",0,0,0,3,2
"4256",0,0,1,1,1
"4257",1,1,3,0,0
"4258",0,1,2,0,0
"4259",0,0,6,0,0
"4260",0,2,0,2,0
"4261",0,0,5,2,0
"4262",1,2,1,0,0
"4263",2,0,0,0,0
"4264",0,1,1,0,1
"4265",0,1,2,0,0
"4266",0,0,0,6,4
"4267",0,1,3,0,0
"4268",1,4,0,0,1
"4269",0,0,7,0,0
"4270",1,1,2,0,0
"4271",0,1,0,6,0
"4272",2,0,1,0,0
"4273",1,3,0,0,0
"4274",0,4,1,0,0
"4275",0,6,1,0,0
"4276",2,0,1,0,0
"4277",0,0,4,7,0
"4278",0,0,2,0,0
"4279",0,0,4,0,0
"4280",0,1,5,1,0
"4281",0,2,3,0,0
"4282",0,0,8,0,0
"4283",0,0,0,4,3
"4284",0,0,2,0,0
"4285",1,0,2,3,0
"4286",2,0,0,0,0
"4287",0,0,3,1,4
"4288",0,0,2,0,2
"4289",0,0,6,0,0
"4290",0,0,6,0,1
"4291",0,0,8,0,0
"4292",0,0,6,0,0
"4293",0,0,4,0,2
"4294",1,0,4,0,0
"4295",0,0,3,0,1
"4296",0,4,0,0,0
"4297",0,0,0,1,3
"4298",0,4,1,0,0
"4299",0,1,3,0,0
"4300",0,5,1,0,0
"4301",0,0,3,0,2
"4302",0,0,2,3,2
"4303",0,2,5,0,0
"4304",0,0,3,0,0
"4305",0,2,5,0,0
"4306",0,0,4,0,2
"4307",0,2,0,0,1
"4308",0,1,5,0,0
"4309",0,5,0,2,0
"4310",0,5,2,1,0
"4311",5,0,3,0,0
"4312",0,0,0,1,9
"4313",0,0,3,0,0
"4314",0,0,2,1,0
"4315",2,0,0,0,0
"4316",0,3,0,0,1
"4317",0,0,5,0,2
"4318",0,3,0,0,0
"4319",0,4,2,0,0
"4320",0,0,4,2,1
"4321",3,3,0,0,0
"4322",0,0,3,1,0
"4323",0,0,2,6,2
"4324",4,1,0,0,0
"4325",0,0,1,4,2
"4326",0,0,6,1,2
"4327",0,3,5,0,0
"4328",0,1,2,0,1
"4329",0,1,1,6,0
"4330",0,1,2,4,1
"4331",1,0,3,0,0
"4332",0,0,3,0,1
"4333",0,0,3,0,0
"4334",0,0,7,0,0
"4335",0,0,5,0,2
"4336",0,0,5,2,0
"4337",0,0,5,0,0
"4338",0,1,5,0,0
"4339",0,1,0,0,0
"4340",0,2,4,0,0
"4341",1,0,3,0,2
"4342",0,2,3,0,0
"4343",0,4,1,1,0
"4344",0,1,1,0,0
"4345",1,0,3,0,0
"4346",2,2,0,0,0
"4347",0,1,3,0,0
"4348",0,1,2,0,0
"4349",0,5,0,0,1
"4350",0,0,5,1,0
"4351",5,0,0,0,0
"4352",0,0,3,0,2
"4353",0,0,3,0,0
"4354",1,5,2,0,0
"4355",0,0,1,0,4
"4356",3,3,0,0,0
"4357",4,0,2,2,0
"4358",0,0,3,0,1
"4359",0,0,3,0,1
"4360",0,3,1,0,0
"4361",0,0,7,0,0
"4362",0,4,1,0,0
"4363",3,0,3,0,0
"4364",0,0,0,3,4
"4365",1,2,0,0,0
"4366",3,1,1,0,0
"4367",0,0,4,0,0
"4368",0,4,0,0,0
"4369",0,0,0,5,2
"4370",0,1,3,1,1
"4371",2,3,0,0,0
"4372",1,2,0,0,0
"4373",0,0,3,0,0
"4374",0,1,3,0,0
"4375",0,0,0,2,1
"4376",0,0,4,0,0
"4377",0,0,4,1,0
"4378",0,1,1,0,0
"4379",0,0,0,0,0
"4380",3,3,0,0,0
"4381",0,1,6,4,0
"4382",0,0,3,0,0
"4383",0,2,0,1,1
"4384",0,0,0,5,6
"4385",0,0,3,0,0
"4386",0,3,3,0,0
"4387",0,1,3,1,0
"4388",0,1,2,0,0
"4389",1,2,0,0,0
"4390",0,0,4,0,1
"4391",2,2,0,0,0
"4392",0,0,0,0,6
"4393",3,0,1,0,0
"4394",0,4,0,1,0
"4395",0,5,0,1,0
"4396",0,1,1,0,0
"4397",0,0,3,0,0
"4398",0,0,8,0,0
"4399",0,0,6,2,0
"4400",0,1,1,0,0
"4401",0,0,5,4,0
"4402",0,2,5,0,0
"4403",1,1,2,0,0
"4404",0,1,6,0,0
"4405",1,1,2,0,0
"4406",3,4,0,0,0
"4407",0,0,2,2,1
"4408",0,4,2,0,0
"4409",1,2,0,0,0
"4410",0,0,0,6,3
"4411",1,3,0,0,0
"4412",0,0,7,2,0
"4413",0,1,7,0,0
"4414",0,0,4,1,2
"4415",2,1,0,0,0
"4416",0,1,6,0,0
"4417",2,1,1,0,0
"4418",2,2,0,0,0
"4419",1,5,0,0,0
"4420",3,1,1,0,0
"4421",4,2,0,0,0
"4422",1,0,2,0,0
"4423",0,0,1,4,0
"4424",1,0,4,0,0
"4425",0,0,3,1,2
"4426",0,1,2,2,0
"4427",4,4,1,0,0
"4428",0,0,3,4,0
"4429",1,0,5,1,0
"4430",1,0,4,0,0
"4431",1,2,0,0,0
"4432",7,0,0,0,0
"4433",0,5,0,0,0
"4434",0,0,9,0,0
"4435",1,0,6,2,1
"4436",0,0,4,0,3
"4437",4,0,0,1,0
"4438",0,0,7,0,0
"4439",0,4,0,0,0
"4440",1,0,0,2,0
"4441",0,0,1,6,1
"4442",1,2,0,0,0
"4443",0,0,6,0,0
"4444",0,0,0,0,7
"4445",3,3,0,0,0
"4446",0,0,4,3,0
"4447",0,0,0,0,4
"4448",3,1,0,0,0
"4449",0,4,0,2,0
"4450",0,0,5,2,4
"4451",0,1,4,2,0
"4452",1,0,3,0,2
"4453",0,4,0,0,0
"4454",4,1,0,1,0
"4455",1,3,2,0,0
"4456",0,0,3,0,1
"4457",0,2,3,0,0
"4458",0,1,0,0,4
"4459",0,4,0,0,1
"4460",0,0,4,2,0
"4461",0,1,3,0,0
"4462",2,4,0,0,0
"4463",0,0,0,0,7
"4464",0,3,3,0,0
"4465",0,0,4,2,0
"4466",0,0,2,0,5
"4467",0,3,2,0,0
"4468",0,0,3,0,0
"4469",0,1,1,2,0
"4470",1,2,0,0,0
"4471",0,0,6,0,2
"4472",0,0,1,0,2
"4473",0,0,0,3,0
"4474",2,2,0,0,0
"4475",4,0,0,0,0
"4476",0,1,0,4,2
"4477",0,0,0,0,1
"4478",3,6,0,0,0
"4479",0,2,0,1,0
"4480",0,0,0,0,4
"4481",0,0,3,1,1
"4482",0,0,3,0,0
"4483",1,0,0,0,1
"4484",0,0,4,2,0
"4485",0,0,4,0,0
"4486",1,0,0,1,0
"4487",1,1,3,0,0
"4488",0,0,5,2,0
"4489",0,0,5,1,0
"4490",1,2,4,0,0
"4491",0,6,1,0,0
"4492",2,0,0,0,0
"4493",1,3,1,1,0
"4494",0,0,6,1,0
"4495",0,4,1,0,0
"4496",1,0,4,0,0
"4497",0,0,4,0,2
"4498",0,2,1,0,0
"4499",0,1,4,0,0
"4500",0,2,6,0,0
"4501",0,0,2,3,0
"4502",0,0,0,10,0
"4503",0,0,0,2,5
"4504",1,4,2,0,0
"4505",0,4,2,0,0
"4506",0,2,1,1,0
"4507",1,7,0,0,0
"4508",0,0,1,1,3
"4509",0,6,1,1,0
"4510",0,1,7,0,0
"4511",0,4,5,1,0
"4512",0,0,5,0,1
"4513",0,1,3,0,3
"4514",0,4,1,0,0
"4515",0,0,6,2,0
"4516",0,0,0,0,5
"4517",2,0,0,2,1
"4518",0,0,8,0,0
"4519",1,3,1,0,0
"4520",0,0,2,4,0
"4521",0,0,1,0,5
"4522",0,0,3,0,0
"4523",0,1,6,0,0
"4524",0,0,4,0,0
"4525",0,9,0,0,0
"4526",0,0,5,6,1
"4527",0,0,6,0,0
"4528",0,0,1,4,1
"4529",0,3,0,2,1
"4530",0,0,0,0,4
"4531",0,0,1,1,7
"4532",0,0,2,0,1
"4533",0,1,2,0,0
"4534",0,0,0,4,3
"4535",1,0,1,0,0
"4536",0,0,1,0,0
"4537",0,0,8,0,1
"4538",2,2,0,0,0
"4539",1,3,0,0,0
"4540",1,0,0,1,0
"4541",0,5,3,0,0
"4542",0,0,7,0,1
"4543",0,0,1,1,2
"4544",2,3,2,0,0
"4545",0,1,5,0,0
"4546",2,0,0,0,0
"4547",0,0,5,0,0
"4548",1,0,5,0,1
"4549",1,1,3,0,0
"4550",0,5,0,1,0
"4551",1,1,3,0,0
"4552",1,3,1,1,0
"4553",3,0,2,0,1
"4554",0,1,6,2,0
"4555",0,4,0,0,1
"4556",2,1,0,1,0
"4557",0,0,0,1,5
"4558",0,1,1,0,0
"4559",0,0,6,0,0
"4560",0,0,3,3,2
"4561",2,0,0,0,3
"4562",0,1,3,3,0
"4563",2,2,0,0,0
"4564",4,1,0,0,0
"4565",2,1,5,0,0
"4566",1,0,5,1,0
"4567",0,0,5,2,0
"4568",0,0,0,5,4
"4569",1,5,1,0,0
"4570",2,0,0,0,1
"4571",0,0,1,8,2
"4572",0,0,3,1,0
"4573",3,0,3,0,0
"4574",0,6,1,0,0
"4575",0,6,1,0,0
"4576",0,0,2,0,1
"4577",0,0,1,0,4
"4578",3,0,1,1,0
"4579",0,0,6,0,0
"4580",0,1,0,2,5
"4581",0,1,3,3,1
"4582",0,0,0,0,7
"4583",1,5,0,0,1
"4584",3,1,0,0,0
"4585",6,1,0,0,1
"4586",0,1,0,0,0
"4587",0,0,0,0,6
"4588",1,0,6,0,0
"4589",0,1,0,0,1
"4590",2,2,0,0,0
"4591",0,0,1,2,6
"4592",0,0,5,0,0
"4593",1,0,0,1,0
"4594",4,1,0,0,1
"4595",1,5,1,0,0
"4596",4,0,0,0,0
"4597",0,0,3,0,0
"4598",0,3,1,1,0
"4599",1,5,3,0,0
"4600",1,0,5,1,0
"4601",0,0,5,0,1
"4602",1,0,6,0,0
"4603",2,3,0,0,0
"4604",0,0,5,2,0
"4605",1,2,2,0,0
"4606",0,1,4,0,0
"4607",1,4,1,0,0
"4608",0,0,4,0,0
"4609",2,5,2,0,0
"4610",0,0,0,3,3
"4611",2,0,0,0,0
"4612",1,6,0,0,1
"4613",0,1,5,0,0
"4614",0,0,1,6,0
"4615",1,0,2,0,1
"4616",1,4,0,0,0
"4617",0,1,3,1,0
"4618",0,0,1,8,0
"4619",0,4,3,0,0
"4620",0,0,0,1,0
"4621",1,2,0,0,1
"4622",1,1,4,0,0
"4623",0,4,1,0,0
"4624",6,2,0,0,0
"4625",0,0,9,0,0
"4626",0,1,0,7,0
"4627",0,6,0,0,0
"4628",0,6,1,0,2
"4629",0,0,2,3,3
"4630",1,1,1,0,0
"4631",0,0,8,1,0
"4632",0,1,7,0,0
"4633",2,3,0,0,0
"4634",1,4,2,0,0
"4635",0,4,0,0,1
"4636",0,0,2,1,0
"4637",0,0,6,0,0
"4638",0,1,5,2,0
"4639",0,2,1,0,0
"4640",0,0,0,0,7
"4641",0,0,8,0,0
"4642",0,0,0,7,3
"4643",2,0,3,0,0
"4644",1,0,4,0,0
"4645",0,1,2,0,0
"4646",0,0,1,6,0
"4647",1,4,1,0,2
"4648",0,4,0,1,2
"4649",0,0,0,1,5
"4650",0,3,4,0,0
"4651",0,2,1,0,0
"4652",1,4,0,0,3
"4653",0,4,5,0,0
"4654",0,4,0,1,3
"4655",0,2,6,0,0
"4656",0,6,0,0,1
"4657",1,0,1,1,0
"4658",0,1,3,0,0
"4659",0,1,1,0,0
"4660",0,1,7,0,0
"4661",2,1,0,0,2
"4662",0,0,2,1,6
"4663",0,0,2,0,1
"4664",0,0,4,0,0
"4665",2,3,2,0,0
"4666",1,2,1,0,0
"4667",0,0,1,1,0
"4668",0,2,0,0,0
"4669",0,1,5,2,0
"4670",0,8,0,0,0
"4671",0,0,1,0,4
"4672",0,0,0,2,4
"4673",0,0,0,0,5
"4674",0,5,4,0,0
"4675",2,3,0,0,0
"4676",0,0,3,0,1
"4677",0,2,0,0,0
"4678",0,1,2,3,0
"4679",0,4,2,0,0
"4680",1,0,4,0,0
"4681",0,0,3,0,0
"4682",2,4,2,0,0
"4683",1,1,1,0,0
"4684",2,3,0,0,0
"4685",0,6,0,0,1
"4686",0,0,5,0,0
"4687",0,0,1,1,4
"4688",0,3,0,0,1
"4689",0,7,1,0,2
"4690",0,0,3,0,1
"4691",0,9,0,0,0
"4692",0,0,10,0,0
"4693",0,0,0,0,8
"4694",0,2,1,0,0
"4695",2,0,1,0,0
"4696",0,1,0,3,1
"4697",0,2,4,0,0
"4698",1,5,0,0,0
"4699",0,5,2,0,0
"4700",0,1,2,0,0
"4701",4,1,0,0,0
"4702",0,3,3,0,0
"4703",0,4,1,0,0
"4704",0,7,2,1,0
"4705",0,0,3,0,0
"4706",0,0,1,3,0
"4707",0,0,4,2,0
"4708",0,0,3,0,2
"4709",0,1,0,1,6
"4710",0,2,1,0,0
"4711",0,0,4,0,0
"4712",0,0,0,0,9
"4713",0,0,1,3,6
"4714",0,2,0,0,0
"4715",0,0,0,7,3
"4716",0,0,0,5,0
"4717",0,0,4,1,0
"4718",1,6,1,0,0
"4719",0,2,1,1,0
"4720",0,4,2,0,0
"4721",1,1,3,0,0
"4722",0,5,0,0,0
"4723",2,3,1,0,0
"4724",0,0,5,3,1
"4725",0,1,2,1,0
"4726",0,0,5,0,0
"4727",0,5,1,0,0
"4728",1,2,2,0,0
"4729",0,4,5,1,0
"4730",0,2,0,0,1
"4731",0,0,7,0,2
"4732",0,2,1,0,0
"4733",1,1,0,0,0
"4734",0,0,1,0,0
"4735",0,0,6,1,0
"4736",0,2,2,0,0
"4737",1,3,1,0,0
"4738",0,0,0,1,7
"4739",0,5,1,1,0
"4740",0,2,2,0,0
"4741",0,0,4,0,1
"4742",3,2,0,0,0
"4743",6,2,0,0,1
"4744",0,5,1,0,0
"4745",1,0,4,0,1
"4746",3,4,0,0,0
"4747",0,2,1,0,0
"4748",0,2,0,0,2
"4749",0,4,0,1,0
"4750",2,0,3,0,0
"4751",0,1,0,6,0
"4752",0,0,0,7,3
"4753",0,3,3,0,0
"4754",0,2,2,0,0
"4755",0,1,0,2,0
"4756",0,0,5,3,0
"4757",1,3,1,0,0
"4758",0,0,0,1,3
"4759",0,2,0,0,1
"4760",0,1,2,0,0
"4761",0,0,4,0,2
"4762",0,4,0,1,0
"4763",3,0,0,0,0
"4764",2,1,0,0,0
"4765",0,2,2,0,0
"4766",0,0,0,0,6
"4767",0,0,4,0,0
"4768",0,0,0,3,4
"4769",0,1,3,0,0
"4770",2,5,0,0,0
"4771",0,1,2,1,0
"4772",0,1,4,0,1
"4773",3,4,0,0,0
"4774",3,2,0,0,0
"4775",0,0,1,0,0
"4776",0,3,3,0,0
"4777",0,2,0,0,0
"4778",0,4,2,0,0
"4779",0,0,1,0,4
"4780",0,0,2,0,1
"4781",0,0,4,0,2
"4782",0,2,0,0,0
"4783",0,0,7,2,0
"4784",1,2,3,3,0
"4785",0,0,0,0,4
"4786",0,3,0,1,1
"4787",0,0,5,1,2
"4788",4,0,0,1,0
"4789",0,0,1,1,5
"4790",0,0,6,0,2
"4791",0,1,3,0,0
"4792",0,0,6,1,0
"4793",0,1,9,0,0
"4794",0,0,3,1,0
"4795",0,3,2,0,0
"4796",0,6,2,0,0
"4797",0,0,3,0,3
"4798",0,0,4,0,1
"4799",1,2,2,1,1
"4800",0,1,5,0,0
"4801",0,3,0,1,0
"4802",0,0,0,1,8
"4803",0,5,1,0,0
"4804",7,0,0,0,0
"4805",0,0,1,2,4
"4806",1,3,0,0,0
"4807",1,4,0,0,0
"4808",0,0,0,2,3
"4809",0,0,3,1,0
"4810",0,3,0,0,0
"4811",0,7,3,0,0
"4812",0,0,0,1,3
"4813",0,0,2,1,0
"4814",0,0,0,0,1
"4815",1,3,0,0,0
"4816",0,3,0,0,0
"4817",0,0,5,0,2
"4818",0,0,5,0,0
"4819",1,0,7,0,0
"4820",3,2,0,0,0
"4821",3,3,0,0,0
"4822",1,0,4,0,1
"4823",0,0,8,0,2
"4824",3,2,0,0,0
"4825",0,0,3,2,0
"4826",0,3,0,0,0
"4827",0,0,6,1,0
"4828",1,2,1,0,0
"4829",0,1,3,1,0
"4830",2,2,0,0,0
"4831",0,1,6,0,0
"4832",5,2,0,0,0
"4833",0,0,4,2,0
"4834",1,0,0,0,0
"4835",0,2,2,0,0
"4836",2,0,0,0,0
"4837",0,7,0,0,0
"4838",0,4,0,1,0
"4839",1,1,0,0,0
"4840",0,2,3,0,0
"4841",2,1,3,0,0
"4842",0,6,0,0,1
"4843",0,0,0,1,7
"4844",0,3,1,1,0
"4845",0,1,6,0,0
"4846",0,0,4,0,0
"4847",0,0,3,0,1
"4848",3,1,1,0,0
"4849",0,2,4,0,2
"4850",1,2,0,0,0
"4851",2,2,1,0,0
"4852",1,1,0,0,0
"4853",0,0,4,1,0
"4854",1,1,1,0,0
"4855",0,0,0,0,5
"4856",0,0,6,0,0
"4857",0,0,0,0,7
"4858",0,7,0,0,1
"4859",1,7,1,0,0
"4860",0,0,1,3,1
"4861",1,6,0,0,0
"4862",3,0,0,0,0
"4863",0,1,6,0,0
"4864",2,6,0,0,0
"4865",0,0,0,0,6
"4866",0,0,3,0,1
"4867",2,4,0,0,0
"4868",0,0,0,9,1
"4869",1,1,5,0,1
"4870",1,0,5,0,0
"4871",0,0,0,0,7
"4872",0,0,1,4,3
"4873",0,0,3,1,0
"4874",1,6,1,0,0
"4875",0,0,2,0,0
"4876",0,0,5,0,0
"4877",0,0,4,0,0
"4878",0,0,2,1,2
"4879",0,0,2,4,3
"4880",1,1,0,0,2
"4881",0,6,0,0,0
"4882",0,4,0,1,0
"4883",0,1,3,0,0
"4884",0,0,6,0,0
"4885",0,3,4,0,0
"4886",0,0,2,1,1
"4887",1,0,3,2,0
"4888",1,0,3,0,0
"4889",0,0,10,0,0
"4890",0,0,0,5,3
"4891",0,0,1,6,1
"4892",0,0,0,0,8
"4893",1,2,1,0,0
"4894",4,0,0,0,0
"4895",1,5,1,0,0
"4896",0,2,3,0,0
"4897",0,2,0,0,0
"4898",2,4,2,0,0
"4899",0,0,3,1,2
"4900",0,0,0,1,7
"4901",0,0,3,2,2
"4902",0,2,0,0,0
"4903",7,2,0,0,0
"4904",0,0,2,0,0
"4905",0,0,0,0,9
"4906",0,0,0,0,6
"4907",1,2,0,1,0
"4908",0,0,0,6,1
"4909",1,4,1,2,0
"4910",0,0,0,2,3
"4911",0,0,3,1,4
"4912",0,3,2,0,0
"4913",0,0,4,0,0
"4914",0,0,3,1,0
"4915",0,0,5,0,0
"4916",2,0,4,0,0
"4917",0,2,2,0,0
"4918",0,4,0,0,0
"4919",0,0,5,0,0
"4920",0,3,3,0,0
"4921",0,1,4,0,1
"4922",0,1,4,1,0
"4923",1,1,2,0,0
"4924",2,0,0,0,0
"4925",0,2,5,0,1
"4926",0,4,1,0,0
"4927",0,0,5,0,0
"4928",0,6,0,0,0
"4929",2,3,1,0,0
"4930",0,3,0,0,0
"4931",0,1,1,2,0
"4932",0,0,0,10,0
"4933",0,0,7,0,0
"4934",2,0,0,0,0
"4935",1,3,0,0,0
"4936",0,1,2,5,0
"4937",0,0,0,4,2
"4938",0,0,5,0,0
"4939",1,3,0,0,0
"4940",0,0,2,0,0
"4941",0,1,3,0,1
"4942",0,0,3,0,0
"4943",0,0,4,1,0
"4944",1,6,2,0,0
"4945",0,0,3,3,0
"4946",0,6,0,1,0
"4947",1,0,1,0,1
"4948",3,2,1,0,0
"4949",0,0,5,0,0
"4950",1,3,0,0,0
"4951",0,2,4,1,0
"4952",0,2,1,1,0
"4953",1,1,0,0,0
"4954",2,1,0,0,0
"4955",0,4,0,0,1
"4956",0,2,0,0,2
"4957",0,0,0,0,5
"4958",0,0,0,0,1
"4959",0,0,6,0,0
"4960",0,0,7,0,0
"4961",0,3,0,0,0
"4962",2,6,0,0,0
"4963",0,0,7,2,0
"4964",0,0,3,1,1
"4965",0,0,0,1,9
"4966",1,1,1,0,0
"4967",0,2,4,0,0
"4968",0,0,7,1,0
"4969",0,2,2,1,0
"4970",1,4,2,0,0
"4971",0,1,6,2,0
"4972",0,3,5,1,2
"4973",1,1,3,0,0
"4974",0,2,0,1,0
"4975",1,2,5,0,0
"4976",0,0,1,3,0
"4977",0,0,3,0,0
"4978",0,0,2,5,3
"4979",0,0,4,0,2
"4980",0,0,4,3,3
"4981",0,0,3,0,3
"4982",1,0,1,1,0
"4983",0,2,7,0,0
"4984",3,0,0,0,0
"4985",0,1,7,1,0
"4986",4,1,0,0,0
"4987",0,0,8,0,0
"4988",0,0,5,0,3
"4989",1,0,1,0,0
"4990",1,4,4,0,0
"4991",1,3,1,0,0
"4992",1,2,3,0,0
"4993",0,0,6,0,0
"4994",0,0,3,3,0
"4995",0,1,5,1,0
"4996",0,0,7,0,0
"4997",0,0,4,0,2
"4998",0,1,0,1,1
"4999",0,1,6,0,0
"5000",1,5,0,0,0
