"","V1","V2","V3","V4","V5"
"1",1,2,23,0,0
"2",9,9,0,0,0
"3",6,18,1,0,0
"4",1,1,0,17,3
"5",1,2,3,0,20
"6",3,3,18,0,0
"7",1,0,0,19,2
"8",3,14,0,0,0
"9",0,2,4,15,0
"10",1,3,16,2,0
"11",2,2,18,0,1
"12",0,0,26,0,3
"13",3,11,10,0,0
"14",0,27,0,0,3
"15",4,13,4,0,0
"16",0,0,21,4,0
"17",0,0,2,3,23
"18",1,1,0,10,9
"19",0,4,19,0,0
"20",0,1,18,2,0
"21",2,0,22,3,0
"22",0,2,23,0,3
"23",0,3,19,1,0
"24",2,0,6,18,0
"25",1,2,16,0,1
"26",3,0,17,5,0
"27",2,3,18,0,0
"28",2,20,4,0,0
"29",1,0,5,8,5
"30",0,2,6,8,2
"31",2,2,18,2,0
"32",0,0,4,20,2
"33",0,2,0,5,17
"34",0,23,4,0,0
"35",0,2,25,0,0
"36",0,3,17,0,3
"37",2,0,6,11,1
"38",3,1,19,0,3
"39",0,20,7,0,1
"40",1,0,0,4,20
"41",1,0,0,0,18
"42",0,0,4,14,8
"43",0,0,1,3,18
"44",4,17,2,0,2
"45",0,3,26,0,1
"46",0,0,24,0,0
"47",3,19,6,0,0
"48",0,1,6,16,0
"49",2,3,14,2,0
"50",0,0,22,1,2
"51",3,2,18,0,0
"52",7,18,0,0,0
"53",0,7,18,0,0
"54",3,1,18,0,0
"55",0,29,1,0,0
"56",1,5,19,0,0
"57",0,0,1,0,24
"58",0,0,24,0,6
"59",0,0,4,0,24
"60",3,3,17,0,0
"61",0,4,18,0,0
"62",0,3,12,8,2
"63",0,2,25,3,0
"64",0,4,14,0,0
"65",2,0,27,0,0
"66",4,0,18,0,0
"67",2,24,2,0,0
"68",1,2,13,7,2
"69",0,0,4,16,2
"70",0,1,0,2,23
"71",0,2,9,9,0
"72",0,0,23,2,3
"73",0,2,22,0,0
"74",4,0,0,3,15
"75",0,1,21,3,0
"76",1,5,19,0,0
"77",6,18,0,0,0
"78",0,0,8,14,0
"79",5,1,20,0,0
"80",1,1,20,0,0
"81",0,2,18,2,2
"82",0,0,8,14,0
"83",0,3,20,4,0
"84",0,3,3,0,15
"85",2,2,17,0,3
"86",0,0,2,3,17
"87",1,20,2,0,0
"88",2,3,19,0,0
"89",3,19,0,3,0
"90",2,0,2,19,2
"91",1,2,4,7,2
"92",2,20,2,0,0
"93",4,16,3,0,0
"94",2,2,14,4,0
"95",3,23,2,0,0
"96",2,24,0,0,2
"97",7,17,0,0,0
"98",2,0,23,0,0
"99",1,1,2,7,10
"100",0,1,3,14,3
"101",0,0,2,7,12
"102",4,0,19,3,0
"103",0,2,0,9,14
"104",3,6,10,0,3
"105",0,3,0,4,16
"106",1,0,8,15,0
"107",0,1,1,3,16
"108",0,4,0,0,0
"109",0,0,4,2,16
"110",0,1,4,18,3
"111",2,23,0,0,0
"112",0,28,0,0,0
"113",1,4,18,0,0
"114",0,2,9,7,7
"115",2,22,5,0,0
"116",0,2,15,5,3
"117",2,2,1,18,0
"118",1,0,20,2,0
"119",3,18,3,0,0
"120",0,5,17,1,0
"121",0,2,0,16,3
"122",3,2,21,0,0
"123",0,25,6,0,0
"124",3,8,12,0,0
"125",0,0,25,0,5
"126",0,5,15,0,3
"127",0,4,16,2,0
"128",0,19,2,3,0
"129",0,2,20,0,3
"130",0,0,16,5,2
"131",1,3,26,0,0
"132",4,13,3,0,0
"133",4,18,2,0,0
"134",2,0,20,3,0
"135",0,26,0,0,0
"136",0,5,16,1,0
"137",0,0,21,3,4
"138",3,0,1,16,2
"139",0,24,0,0,5
"140",2,0,26,0,0
"141",0,2,21,2,2
"142",2,0,20,0,0
"143",0,27,0,0,0
"144",0,2,0,0,0
"145",8,10,0,0,0
"146",0,0,7,14,4
"147",0,4,18,0,0
"148",0,5,16,3,0
"149",1,4,23,0,0
"150",0,5,18,0,0
"151",5,0,16,1,0
"152",5,25,0,0,0
"153",3,21,0,0,1
"154",3,22,2,0,0
"155",1,1,0,14,2
"156",1,6,17,0,0
"157",0,3,22,2,0
"158",0,0,4,18,0
"159",3,21,0,0,0
"160",2,6,14,0,0
"161",1,0,11,8,2
"162",0,25,3,2,0
"163",1,2,20,0,3
"164",2,5,17,0,0
"165",1,2,3,16,3
"166",0,3,0,0,19
"167",1,5,14,0,2
"168",0,0,3,0,21
"169",0,25,1,1,0
"170",0,1,21,1,0
"171",0,2,1,8,12
"172",0,5,27,0,0
"173",5,23,0,0,0
"174",0,10,15,0,0
"175",1,1,4,20,0
"176",4,5,7,0,0
"177",3,17,0,0,0
"178",0,0,2,2,23
"179",2,2,28,0,0
"180",0,2,1,16,3
"181",0,0,2,1,23
"182",0,0,22,3,0
"183",0,4,23,0,3
"184",3,0,21,0,0
"185",1,0,1,22,3
"186",5,18,3,0,0
"187",0,20,4,0,0
"188",6,17,1,0,0
"189",2,0,4,12,3
"190",1,2,1,10,7
"191",0,0,0,18,4
"192",0,0,23,2,0
"193",4,16,2,0,0
"194",2,27,0,0,0
"195",0,28,0,0,0
"196",0,22,0,0,0
"197",6,15,1,0,0
"198",0,0,2,13,12
"199",1,2,0,13,7
"200",4,4,16,0,3
"201",3,26,0,0,0
"202",2,0,19,0,0
"203",0,2,5,15,0
"204",1,2,18,0,1
"205",0,3,0,0,0
"206",1,0,20,1,0
"207",3,0,18,0,0
"208",3,23,2,0,0
"209",0,1,0,4,19
"210",0,0,3,0,0
"211",4,0,18,1,0
"212",0,0,4,15,6
"213",2,2,17,0,0
"214",0,9,11,0,0
"215",2,0,21,1,0
"216",1,28,3,0,0
"217",0,2,0,2,26
"218",0,3,3,21,0
"219",0,3,0,23,0
"220",0,2,0,0,20
"221",5,22,2,0,0
"222",2,0,19,3,2
"223",2,21,2,0,0
"224",0,2,20,0,2
"225",0,0,6,17,0
"226",0,0,4,0,23
"227",0,1,21,0,0
"228",0,0,2,21,3
"229",3,0,1,16,0
"230",0,2,1,5,19
"231",0,0,2,5,23
"232",0,4,2,0,17
"233",0,4,24,0,0
"234",0,4,20,2,0
"235",0,0,0,1,22
"236",1,1,8,16,0
"237",0,0,8,13,3
"238",0,3,20,0,3
"239",1,0,13,3,0
"240",1,8,14,0,0
"241",0,3,1,20,1
"242",2,0,21,0,0
"243",0,2,0,20,2
"244",5,17,0,0,0
"245",2,3,17,0,1
"246",0,3,21,2,0
"247",0,25,0,3,0
"248",0,0,22,0,3
"249",4,19,0,0,1
"250",3,22,2,0,0
"251",0,2,1,0,19
"252",0,3,21,4,3
"253",0,0,4,17,1
"254",1,0,6,13,1
"255",0,0,3,6,17
"256",1,2,0,23,1
"257",2,3,13,0,0
"258",5,19,2,0,0
"259",3,20,5,0,0
"260",2,2,17,3,0
"261",1,27,0,0,0
"262",2,24,3,0,3
"263",0,2,0,9,11
"264",3,0,21,0,0
"265",0,23,3,2,0
"266",3,0,2,10,5
"267",1,0,0,2,16
"268",0,1,24,0,6
"269",0,0,13,5,4
"270",2,0,22,0,0
"271",1,2,23,2,0
"272",0,0,3,14,5
"273",1,2,18,0,0
"274",0,0,0,0,25
"275",0,3,22,0,0
"276",1,0,21,0,0
"277",0,2,0,19,2
"278",1,0,2,14,6
"279",0,6,16,0,3
"280",1,0,2,2,19
"281",0,1,1,17,0
"282",3,0,19,6,0
"283",0,4,0,0,0
"284",3,18,0,0,0
"285",0,2,21,0,2
"286",0,25,3,0,0
"287",0,4,23,3,0
"288",1,0,4,0,24
"289",0,0,22,2,2
"290",0,2,21,0,0
"291",0,0,18,3,2
"292",0,1,0,7,17
"293",4,5,12,0,0
"294",0,2,23,0,0
"295",1,1,0,3,15
"296",2,0,3,16,4
"297",3,0,25,0,3
"298",2,24,3,0,0
"299",0,23,0,0,0
"300",0,0,0,2,16
"301",0,5,18,0,0
"302",0,0,2,6,19
"303",0,2,0,18,1
"304",4,0,25,0,0
"305",0,2,6,14,0
"306",0,3,15,0,0
"307",5,3,16,0,0
"308",1,2,22,0,0
"309",0,0,0,20,1
"310",1,0,2,15,3
"311",4,24,2,0,0
"312",0,2,19,2,0
"313",0,0,1,14,2
"314",0,1,9,14,0
"315",0,2,2,1,21
"316",0,3,0,0,20
"317",0,0,5,12,4
"318",0,5,17,0,0
"319",0,0,0,2,20
"320",2,0,2,9,5
"321",1,24,0,0,0
"322",0,0,2,1,21
"323",0,1,1,10,11
"324",6,20,0,0,0
"325",0,1,4,16,2
"326",1,2,17,0,1
"327",2,20,1,0,0
"328",1,0,2,19,1
"329",0,0,3,0,22
"330",0,0,23,0,1
"331",4,1,16,0,2
"332",2,21,3,0,0
"333",5,20,0,5,0
"334",0,3,17,2,2
"335",0,2,0,22,0
"336",0,0,25,3,0
"337",1,1,19,0,0
"338",0,3,17,1,0
"339",0,0,2,0,24
"340",0,4,23,2,0
"341",0,3,1,2,13
"342",0,2,14,2,0
"343",5,19,0,0,0
"344",0,4,19,2,0
"345",0,0,1,7,17
"346",5,20,0,0,0
"347",0,0,2,3,23
"348",0,1,21,4,0
"349",0,2,26,0,0
"350",0,0,4,1,19
"351",0,0,2,0,26
"352",0,2,3,17,0
"353",2,0,20,0,3
"354",1,3,18,0,0
"355",2,2,16,0,4
"356",0,22,0,0,0
"357",0,2,21,3,3
"358",3,25,0,0,0
"359",0,0,4,19,1
"360",0,3,11,5,0
"361",5,18,0,0,0
"362",0,5,23,0,0
"363",6,5,11,0,0
"364",0,3,15,6,0
"365",0,2,24,3,0
"366",0,2,21,0,0
"367",0,22,3,0,2
"368",3,4,18,0,0
"369",0,0,4,3,15
"370",0,4,16,4,0
"371",0,0,20,0,3
"372",2,7,12,0,0
"373",2,3,17,0,2
"374",0,2,0,10,13
"375",0,2,24,0,3
"376",0,2,2,7,8
"377",2,3,21,0,0
"378",1,1,3,21,0
"379",1,25,0,1,0
"380",0,1,2,21,0
"381",0,0,22,0,0
"382",2,3,18,0,2
"383",1,20,0,0,0
"384",0,5,22,0,0
"385",1,2,14,3,0
"386",3,0,18,0,3
"387",0,3,0,12,11
"388",0,2,0,0,0
"389",0,0,16,5,3
"390",0,2,2,1,21
"391",5,19,0,0,3
"392",1,3,18,1,0
"393",3,17,0,3,0
"394",5,0,0,0,0
"395",0,0,5,18,0
"396",2,19,6,2,0
"397",1,5,16,1,0
"398",0,2,0,2,24
"399",0,2,2,0,20
"400",0,3,0,0,0
"401",4,0,21,2,0
"402",6,11,1,0,0
"403",0,7,13,0,2
"404",0,0,23,3,2
"405",0,23,5,0,0
"406",0,1,3,2,18
"407",0,25,0,3,0
"408",1,2,21,0,0
"409",2,21,1,0,0
"410",0,16,8,0,0
"411",1,4,20,0,0
"412",0,4,18,0,4
"413",1,1,18,1,0
"414",0,1,16,4,0
"415",0,3,16,1,0
"416",0,7,16,4,0
"417",2,0,0,0,0
"418",1,2,1,21,0
"419",1,0,21,2,0
"420",4,0,24,3,0
"421",0,5,0,0,0
"422",4,0,23,2,0
"423",1,3,0,16,2
"424",4,18,0,0,0
"425",1,0,2,18,2
"426",4,23,0,0,0
"427",2,19,1,0,0
"428",0,6,19,0,0
"429",0,0,2,2,14
"430",1,3,19,0,0
"431",0,0,5,19,0
"432",2,8,11,0,0
"433",0,2,0,0,0
"434",1,2,21,0,0
"435",1,0,4,20,0
"436",2,0,24,0,0
"437",1,4,18,0,0
"438",1,2,0,0,21
"439",0,2,15,0,0
"440",2,2,21,1,0
"441",0,1,0,4,19
"442",2,0,19,3,5
"443",0,0,4,0,17
"444",1,3,4,13,0
"445",0,0,2,0,17
"446",3,2,19,0,0
"447",2,21,2,0,0
"448",0,0,3,0,22
"449",0,0,1,0,24
"450",2,3,20,0,1
"451",1,1,24,0,0
"452",1,2,19,1,0
"453",0,5,22,0,1
"454",0,4,19,0,1
"455",0,1,2,19,0
"456",2,0,0,0,0
"457",1,0,23,4,0
"458",0,0,2,4,18
"459",3,0,17,2,0
"460",1,0,11,8,2
"461",0,2,0,1,21
"462",2,0,24,0,2
"463",1,0,21,3,2
"464",0,10,8,1,0
"465",2,17,1,0,0
"466",0,5,19,0,2
"467",0,0,24,2,0
"468",0,1,0,3,23
"469",2,2,19,0,0
"470",2,19,0,0,1
"471",3,23,1,0,0
"472",0,1,0,13,7
"473",0,0,2,10,10
"474",0,0,28,0,3
"475",0,4,19,2,0
"476",0,0,3,1,17
"477",12,5,0,0,0
"478",1,28,0,0,0
"479",1,0,0,7,14
"480",4,0,13,0,0
"481",0,3,17,0,1
"482",0,0,2,0,22
"483",0,4,20,2,0
"484",0,0,0,4,19
"485",0,4,25,0,0
"486",1,2,21,0,3
"487",0,4,19,5,0
"488",1,1,6,17,0
"489",0,23,2,0,0
"490",0,2,0,18,4
"491",2,0,19,0,3
"492",0,11,6,3,0
"493",3,0,15,5,0
"494",1,4,0,13,4
"495",0,0,2,3,12
"496",1,1,0,21,0
"497",0,1,2,1,21
"498",0,0,4,1,17
"499",2,0,1,2,19
"500",0,2,0,7,14
"501",0,3,8,13,0
"502",2,23,0,0,0
"503",0,0,4,0,17
"504",0,2,0,14,3
"505",1,2,23,0,2
"506",0,0,7,2,19
"507",1,13,4,4,0
"508",0,1,1,17,0
"509",2,0,23,0,0
"510",1,4,17,0,0
"511",2,0,24,0,2
"512",0,0,4,0,26
"513",1,0,19,0,0
"514",2,27,0,0,0
"515",1,0,2,3,15
"516",1,3,17,1,0
"517",0,4,2,18,0
"518",2,0,17,7,2
"519",2,0,23,2,1
"520",0,0,5,10,8
"521",0,3,17,2,1
"522",0,0,3,2,17
"523",0,3,24,0,0
"524",0,1,18,3,1
"525",1,0,20,1,1
"526",0,4,17,0,3
"527",0,21,0,3,3
"528",0,7,15,0,0
"529",0,3,0,10,14
"530",0,3,1,7,9
"531",1,0,2,12,7
"532",0,4,16,0,0
"533",0,11,3,1,4
"534",0,2,2,19,2
"535",0,2,20,5,0
"536",0,2,23,0,2
"537",0,0,22,0,0
"538",1,0,0,6,13
"539",3,0,21,0,0
"540",0,2,24,0,0
"541",0,23,0,2,3
"542",0,2,15,4,0
"543",1,3,20,0,0
"544",2,1,0,22,1
"545",1,19,4,0,0
"546",2,0,1,21,0
"547",0,5,1,0,11
"548",1,0,20,3,0
"549",4,0,20,0,0
"550",2,0,22,0,2
"551",2,0,5,12,2
"552",6,17,2,0,0
"553",0,0,2,16,4
"554",2,21,5,0,0
"555",2,19,9,0,3
"556",0,0,2,19,2
"557",2,24,2,0,0
"558",0,1,0,12,9
"559",0,0,2,14,6
"560",0,4,25,0,0
"561",0,0,8,1,10
"562",0,0,22,1,0
"563",7,18,0,0,0
"564",3,6,13,0,2
"565",1,1,0,2,17
"566",0,0,2,5,13
"567",0,2,0,0,0
"568",2,2,21,3,0
"569",0,0,3,0,18
"570",2,2,23,0,0
"571",0,2,23,1,0
"572",0,3,24,2,0
"573",0,7,16,0,0
"574",0,0,2,4,19
"575",3,0,21,0,1
"576",2,1,1,0,17
"577",1,4,18,0,2
"578",0,3,1,18,4
"579",2,0,4,13,0
"580",1,6,13,0,0
"581",0,0,1,5,18
"582",0,26,0,0,0
"583",0,0,3,20,3
"584",0,0,0,3,20
"585",2,16,2,1,0
"586",7,16,0,0,3
"587",0,2,9,14,0
"588",1,2,6,12,0
"589",0,0,0,4,17
"590",2,2,22,2,2
"591",1,0,24,0,0
"592",0,6,9,2,2
"593",0,3,22,1,0
"594",0,0,4,14,4
"595",3,4,21,0,1
"596",1,0,18,2,0
"597",3,20,3,0,0
"598",0,4,17,2,0
"599",0,4,9,7,1
"600",0,0,5,17,0
"601",3,19,6,0,0
"602",7,16,0,0,0
"603",2,0,3,0,0
"604",10,17,0,0,0
"605",2,17,2,0,0
"606",0,0,2,3,20
"607",3,0,20,2,1
"608",1,1,24,0,3
"609",0,0,4,21,0
"610",2,0,19,0,1
"611",2,15,2,7,0
"612",0,23,4,0,0
"613",1,2,1,18,0
"614",0,0,1,1,18
"615",3,17,6,0,0
"616",2,8,11,0,0
"617",0,7,19,0,0
"618",0,0,2,2,22
"619",1,0,5,15,2
"620",4,6,10,0,1
"621",4,21,2,0,0
"622",0,0,12,11,0
"623",2,24,0,0,0
"624",3,0,18,2,2
"625",0,3,1,12,6
"626",2,2,18,0,0
"627",0,0,3,1,20
"628",0,3,26,0,0
"629",0,2,0,2,24
"630",0,4,21,0,2
"631",6,3,11,0,0
"632",2,19,6,0,0
"633",0,3,0,0,0
"634",0,0,4,2,19
"635",0,0,2,2,19
"636",1,1,22,0,2
"637",1,2,3,19,0
"638",1,2,1,17,0
"639",0,0,27,3,0
"640",0,6,14,0,0
"641",2,25,2,0,0
"642",0,0,2,12,6
"643",2,2,7,8,2
"644",3,1,19,2,0
"645",0,4,22,0,0
"646",1,6,16,0,0
"647",0,0,2,0,14
"648",0,4,0,16,4
"649",2,7,10,0,0
"650",0,2,23,1,3
"651",3,0,21,2,0
"652",0,2,2,5,14
"653",3,17,1,5,0
"654",0,5,16,0,0
"655",2,21,0,0,0
"656",0,0,0,16,2
"657",9,11,0,0,0
"658",4,1,14,0,0
"659",0,23,4,0,0
"660",0,3,0,17,2
"661",0,0,2,0,19
"662",0,25,2,0,0
"663",1,22,0,0,0
"664",0,0,7,7,7
"665",0,7,23,0,0
"666",0,2,1,0,20
"667",1,0,0,4,17
"668",1,5,22,0,0
"669",1,0,0,0,0
"670",3,1,16,0,0
"671",0,9,15,0,0
"672",1,0,2,1,19
"673",1,3,16,0,3
"674",3,20,0,0,0
"675",0,0,13,6,3
"676",2,22,3,0,0
"677",0,6,20,0,2
"678",0,0,10,7,0
"679",1,0,0,0,24
"680",6,16,0,0,0
"681",1,1,1,13,5
"682",0,2,0,23,1
"683",0,0,5,4,14
"684",2,2,23,0,0
"685",3,1,1,16,1
"686",3,0,13,0,2
"687",0,0,1,0,26
"688",0,4,19,0,0
"689",0,0,1,4,18
"690",0,0,2,2,18
"691",0,22,2,2,0
"692",0,4,22,0,2
"693",4,7,7,0,0
"694",3,2,23,0,0
"695",3,26,0,0,0
"696",1,11,11,0,0
"697",0,0,22,5,0
"698",0,0,2,16,9
"699",0,2,0,0,19
"700",2,0,0,2,18
"701",0,1,0,2,18
"702",0,2,17,4,0
"703",0,24,0,0,0
"704",0,4,19,0,2
"705",1,22,1,0,0
"706",2,2,17,0,0
"707",2,5,18,0,0
"708",4,0,22,2,0
"709",1,0,17,3,0
"710",0,3,25,0,0
"711",0,2,0,0,25
"712",0,1,12,3,0
"713",0,3,5,17,0
"714",2,2,18,0,3
"715",0,4,8,8,2
"716",0,6,25,0,0
"717",3,0,17,1,0
"718",1,0,19,0,5
"719",0,2,10,7,6
"720",1,2,18,3,0
"721",0,4,21,3,0
"722",2,15,13,0,0
"723",0,4,1,18,2
"724",0,4,16,0,2
"725",0,12,8,2,0
"726",4,0,21,0,2
"727",0,2,0,16,8
"728",0,22,2,0,0
"729",2,21,3,0,0
"730",0,0,3,22,1
"731",5,2,17,0,0
"732",0,3,4,16,0
"733",7,12,0,0,0
"734",0,3,22,0,0
"735",0,4,19,3,0
"736",7,15,0,0,0
"737",2,5,17,0,0
"738",4,24,0,3,0
"739",0,4,0,17,0
"740",0,1,3,16,4
"741",0,2,8,9,0
"742",0,1,0,0,0
"743",0,0,19,2,4
"744",0,0,17,5,3
"745",2,0,22,3,2
"746",5,15,0,0,2
"747",1,0,2,17,2
"748",2,21,3,0,0
"749",5,19,0,0,0
"750",0,3,20,5,0
"751",1,2,21,0,0
"752",1,0,2,2,13
"753",0,20,5,0,0
"754",0,5,11,1,0
"755",0,4,25,0,0
"756",0,0,4,0,18
"757",0,0,2,1,16
"758",0,2,1,0,23
"759",2,3,19,0,0
"760",4,0,20,0,0
"761",3,4,8,0,0
"762",0,3,21,0,0
"763",1,0,13,0,0
"764",0,3,23,0,0
"765",1,20,1,0,0
"766",0,4,20,0,0
"767",0,3,3,7,7
"768",0,0,25,3,0
"769",0,2,1,17,3
"770",0,22,3,0,0
"771",0,1,22,1,0
"772",8,22,0,0,0
"773",0,0,19,2,1
"774",0,2,24,0,0
"775",0,5,17,0,0
"776",2,2,19,0,1
"777",3,20,0,1,3
"778",2,18,1,0,0
"779",13,9,1,0,0
"780",2,18,1,0,2
"781",1,0,26,0,0
"782",0,0,3,1,14
"783",0,0,5,4,17
"784",0,1,3,5,13
"785",4,17,2,0,0
"786",0,3,17,4,0
"787",3,21,2,0,0
"788",0,1,4,6,9
"789",0,0,4,0,23
"790",3,0,0,3,11
"791",0,1,0,7,18
"792",0,0,3,1,17
"793",0,2,16,1,1
"794",0,2,0,0,22
"795",0,2,17,0,1
"796",0,0,2,5,16
"797",0,2,0,18,3
"798",3,21,3,3,0
"799",0,4,1,23,0
"800",1,0,21,0,0
"801",3,1,20,0,0
"802",3,20,0,6,0
"803",0,3,20,0,3
"804",1,0,19,3,0
"805",1,18,2,0,0
"806",0,2,0,15,2
"807",0,25,2,0,0
"808",1,24,0,0,0
"809",0,0,4,0,26
"810",0,19,4,0,0
"811",0,2,21,6,0
"812",6,16,2,0,0
"813",0,3,23,0,4
"814",0,1,20,0,2
"815",0,3,0,2,19
"816",2,1,18,0,1
"817",0,3,26,3,0
"818",0,2,2,1,18
"819",0,3,6,9,3
"820",0,1,4,14,0
"821",0,3,6,13,0
"822",0,2,14,1,0
"823",0,1,7,14,0
"824",5,21,3,0,0
"825",0,2,22,0,0
"826",0,1,19,2,0
"827",1,2,20,2,0
"828",0,0,24,0,1
"829",2,0,5,13,0
"830",0,4,4,10,0
"831",2,9,12,0,0
"832",0,0,32,0,0
"833",2,0,24,0,0
"834",0,0,4,3,17
"835",0,1,4,12,2
"836",1,1,19,2,0
"837",3,3,18,0,0
"838",0,1,0,9,11
"839",0,6,20,1,0
"840",4,1,23,0,0
"841",0,2,2,3,16
"842",0,2,19,1,0
"843",0,2,3,0,17
"844",1,6,14,0,0
"845",0,1,2,1,20
"846",7,17,0,0,0
"847",0,2,25,0,0
"848",0,0,4,3,19
"849",0,0,23,4,0
"850",3,0,4,15,2
"851",2,0,0,4,16
"852",0,2,20,0,1
"853",0,0,3,1,22
"854",0,1,28,0,0
"855",2,0,1,16,1
"856",0,3,20,0,0
"857",0,6,18,1,0
"858",3,22,3,0,0
"859",2,18,0,3,0
"860",3,0,20,0,0
"861",0,5,21,0,0
"862",6,21,0,0,0
"863",1,0,2,15,3
"864",2,5,19,0,0
"865",5,15,1,0,0
"866",0,2,17,3,4
"867",1,3,24,0,0
"868",3,0,0,21,0
"869",0,0,1,2,17
"870",0,0,0,3,16
"871",2,18,3,0,0
"872",0,3,21,3,0
"873",0,0,3,0,0
"874",0,1,23,0,0
"875",0,1,21,0,3
"876",1,0,0,3,22
"877",0,1,4,15,4
"878",1,0,0,0,23
"879",0,24,1,0,1
"880",1,3,1,21,0
"881",1,22,2,0,0
"882",0,0,0,1,20
"883",1,0,13,10,0
"884",1,4,1,8,5
"885",0,2,20,0,0
"886",0,6,19,0,2
"887",2,2,16,0,0
"888",0,2,0,2,19
"889",0,0,3,20,2
"890",1,1,21,0,0
"891",0,3,20,2,2
"892",2,1,2,8,12
"893",1,3,15,0,2
"894",9,18,0,0,0
"895",2,1,3,18,0
"896",3,19,0,0,2
"897",0,3,0,3,18
"898",1,0,19,5,0
"899",0,6,16,0,0
"900",1,1,3,18,0
"901",4,18,1,0,0
"902",2,8,7,0,5
"903",1,25,0,0,0
"904",2,1,0,20,2
"905",2,0,20,0,0
"906",0,9,7,2,2
"907",0,2,0,6,15
"908",2,21,2,0,0
"909",6,16,0,0,0
"910",0,2,23,4,0
"911",1,19,1,0,0
"912",0,0,0,2,21
"913",0,0,2,17,0
"914",4,16,1,0,0
"915",0,2,9,11,2
"916",0,30,0,0,0
"917",2,18,0,1,0
"918",2,1,16,1,0
"919",2,0,1,0,24
"920",6,13,2,0,0
"921",0,3,0,5,12
"922",6,22,0,0,0
"923",0,0,3,0,23
"924",2,2,21,2,0
"925",2,2,21,2,0
"926",0,9,9,3,0
"927",3,5,11,1,0
"928",0,9,16,0,0
"929",2,23,2,0,0
"930",0,22,6,0,0
"931",0,11,16,0,0
"932",1,2,21,0,0
"933",2,0,1,23,0
"934",0,1,3,15,3
"935",5,16,0,0,0
"936",1,4,18,0,0
"937",0,4,19,3,0
"938",4,0,20,2,1
"939",2,2,18,0,0
"940",2,0,0,0,18
"941",0,2,0,2,23
"942",2,2,18,0,0
"943",0,2,20,2,0
"944",0,4,18,0,0
"945",0,0,2,1,15
"946",0,2,19,3,1
"947",0,0,2,22,0
"948",0,2,3,18,0
"949",2,0,17,0,5
"950",2,1,20,0,0
"951",3,27,0,0,0
"952",4,17,3,0,0
"953",0,2,3,2,21
"954",4,20,1,0,0
"955",0,0,27,3,0
"956",2,22,2,0,0
"957",1,0,18,7,2
"958",0,0,3,15,5
"959",0,2,3,20,0
"960",2,2,10,4,3
"961",5,18,1,0,2
"962",0,4,9,11,0
"963",1,0,0,9,10
"964",2,2,0,22,0
"965",1,2,9,12,1
"966",3,24,1,0,0
"967",0,0,4,17,0
"968",5,20,4,0,0
"969",2,0,0,11,9
"970",0,3,24,1,0
"971",0,9,11,0,0
"972",2,5,16,0,2
"973",0,2,0,0,21
"974",2,0,0,15,6
"975",2,21,0,0,0
"976",2,22,0,0,0
"977",0,18,6,3,0
"978",0,2,19,0,0
"979",4,0,22,0,0
"980",2,14,3,0,0
"981",0,0,4,21,0
"982",1,4,19,0,0
"983",0,2,23,0,0
"984",0,2,2,3,17
"985",2,0,22,0,0
"986",0,0,4,23,2
"987",0,5,21,0,0
"988",0,2,0,2,21
"989",4,0,14,5,0
"990",0,19,1,3,0
"991",0,3,3,10,2
"992",2,5,14,0,0
"993",3,21,6,0,0
"994",0,0,2,24,1
"995",2,23,0,0,0
"996",0,0,26,2,0
"997",0,5,18,1,0
"998",1,0,0,8,14
"999",2,3,20,0,1
"1000",0,4,20,0,1
"1001",0,0,16,6,3
"1002",0,0,6,13,0
"1003",8,18,3,0,0
"1004",4,12,5,2,0
"1005",0,7,16,2,0
"1006",1,1,9,9,3
"1007",3,22,0,0,0
"1008",11,13,0,0,0
"1009",0,16,0,3,1
"1010",1,4,20,0,3
"1011",1,2,16,0,0
"1012",0,2,4,16,0
"1013",0,3,22,3,0
"1014",1,0,6,13,0
"1015",0,3,21,0,3
"1016",0,0,5,3,16
"1017",0,2,22,0,0
"1018",0,2,8,9,0
"1019",0,2,0,2,17
"1020",0,2,22,2,2
"1021",0,0,2,0,0
"1022",0,3,0,2,19
"1023",0,1,25,0,0
"1024",0,1,1,15,6
"1025",2,1,19,0,0
"1026",3,18,0,4,0
"1027",2,0,21,0,4
"1028",0,2,22,0,0
"1029",1,1,26,0,0
"1030",0,4,21,0,2
"1031",0,0,25,1,0
"1032",1,2,21,2,0
"1033",2,20,0,0,2
"1034",2,0,11,6,0
"1035",6,20,0,3,0
"1036",0,2,3,2,21
"1037",0,1,0,1,18
"1038",4,21,0,2,0
"1039",2,0,4,7,11
"1040",0,0,12,10,0
"1041",0,3,2,0,18
"1042",2,0,27,0,0
"1043",0,2,0,0,24
"1044",1,1,18,0,0
"1045",3,1,17,0,0
"1046",1,0,13,1,4
"1047",7,7,5,0,0
"1048",0,24,1,0,0
"1049",1,3,20,0,0
"1050",5,16,0,0,0
"1051",0,28,1,0,0
"1052",2,0,0,0,22
"1053",1,0,3,11,6
"1054",4,19,0,0,0
"1055",1,1,25,0,0
"1056",0,3,18,3,0
"1057",3,12,8,0,0
"1058",0,5,0,0,0
"1059",2,23,0,1,0
"1060",3,18,0,3,0
"1061",1,8,11,0,0
"1062",1,3,13,0,1
"1063",0,0,2,2,19
"1064",0,2,19,3,2
"1065",0,0,24,2,0
"1066",1,5,17,0,0
"1067",1,4,13,0,0
"1068",1,0,20,1,0
"1069",1,0,4,0,19
"1070",6,18,1,0,0
"1071",0,20,1,2,0
"1072",1,0,1,1,15
"1073",0,3,13,1,0
"1074",5,0,19,0,0
"1075",0,0,21,2,0
"1076",0,0,17,3,2
"1077",1,2,1,12,8
"1078",0,0,3,4,21
"1079",4,0,17,2,0
"1080",2,22,0,2,0
"1081",1,0,4,0,19
"1082",0,0,9,7,2
"1083",2,0,1,20,3
"1084",2,0,20,5,0
"1085",0,0,2,7,15
"1086",4,0,23,0,4
"1087",0,1,20,0,2
"1088",5,22,0,0,0
"1089",0,3,18,6,0
"1090",1,0,1,15,3
"1091",0,4,6,11,0
"1092",1,0,22,0,0
"1093",0,0,18,0,2
"1094",0,4,0,1,16
"1095",0,27,0,0,0
"1096",0,2,26,0,0
"1097",0,4,22,1,0
"1098",1,0,19,2,0
"1099",1,2,24,0,0
"1100",1,3,25,0,0
"1101",3,19,0,3,0
"1102",1,3,3,18,0
"1103",2,22,1,0,0
"1104",1,0,24,0,0
"1105",1,2,0,0,25
"1106",2,2,1,14,1
"1107",2,0,4,11,0
"1108",2,0,0,3,19
"1109",0,2,1,0,16
"1110",0,0,2,2,18
"1111",0,1,17,7,1
"1112",0,0,2,15,7
"1113",3,0,0,0,19
"1114",0,2,0,24,2
"1115",1,0,23,0,0
"1116",0,0,22,2,0
"1117",1,0,1,15,4
"1118",0,0,2,2,16
"1119",1,0,0,4,18
"1120",0,3,0,0,0
"1121",3,0,22,1,0
"1122",0,2,1,16,2
"1123",1,0,1,2,18
"1124",0,3,22,0,0
"1125",2,0,4,13,1
"1126",0,0,5,0,21
"1127",0,3,2,18,0
"1128",0,0,2,0,20
"1129",0,3,20,0,0
"1130",1,5,21,0,0
"1131",2,1,1,18,1
"1132",2,24,1,0,0
"1133",2,0,21,2,2
"1134",0,6,15,0,2
"1135",0,0,22,1,0
"1136",2,18,1,0,0
"1137",0,0,13,9,3
"1138",1,3,10,6,0
"1139",0,2,24,0,0
"1140",0,4,0,0,17
"1141",3,0,0,0,22
"1142",0,2,2,21,0
"1143",0,0,4,0,18
"1144",0,1,25,0,0
"1145",1,2,20,0,0
"1146",0,2,24,0,1
"1147",2,19,4,0,0
"1148",0,5,20,0,2
"1149",1,1,0,0,18
"1150",0,0,13,5,4
"1151",0,1,0,0,0
"1152",1,4,13,0,0
"1153",5,19,1,0,0
"1154",2,0,20,1,0
"1155",0,0,19,6,0
"1156",0,3,15,0,6
"1157",0,2,21,1,0
"1158",3,25,3,0,0
"1159",1,0,1,3,20
"1160",0,23,1,0,2
"1161",2,0,24,2,1
"1162",2,0,0,2,18
"1163",0,0,4,17,3
"1164",2,0,3,8,6
"1165",18,0,0,0,0
"1166",4,0,20,2,2
"1167",12,13,0,0,0
"1168",0,4,24,0,0
"1169",0,1,0,23,1
"1170",4,0,0,0,0
"1171",1,1,23,0,0
"1172",0,3,17,0,2
"1173",1,0,2,2,17
"1174",0,0,23,2,1
"1175",5,19,1,0,0
"1176",1,6,16,0,0
"1177",0,5,17,0,0
"1178",3,19,0,2,0
"1179",0,1,8,11,0
"1180",4,1,16,0,0
"1181",2,25,0,2,0
"1182",3,18,4,0,0
"1183",1,1,0,16,7
"1184",0,27,0,2,0
"1185",4,1,25,0,0
"1186",0,4,18,0,0
"1187",0,3,20,6,0
"1188",0,2,0,0,21
"1189",0,4,17,0,2
"1190",1,0,9,9,0
"1191",2,0,3,14,7
"1192",0,22,0,0,6
"1193",2,3,19,2,0
"1194",0,4,12,7,3
"1195",0,4,26,1,0
"1196",2,1,19,0,0
"1197",7,6,7,0,0
"1198",3,0,22,2,0
"1199",0,8,15,0,0
"1200",0,2,19,3,0
"1201",0,3,0,16,3
"1202",0,0,9,12,0
"1203",1,0,9,12,0
"1204",0,6,19,0,1
"1205",0,3,21,0,0
"1206",2,3,16,3,0
"1207",0,0,29,2,0
"1208",0,2,11,0,4
"1209",1,2,1,15,1
"1210",3,1,2,16,0
"1211",2,2,22,1,0
"1212",0,12,10,0,0
"1213",0,0,21,0,0
"1214",0,2,0,2,23
"1215",0,2,3,18,1
"1216",0,1,2,22,1
"1217",0,1,0,3,13
"1218",1,0,4,8,7
"1219",1,2,0,8,12
"1220",0,0,2,14,4
"1221",0,21,8,1,0
"1222",0,3,18,3,3
"1223",2,0,7,11,0
"1224",0,2,17,3,0
"1225",0,23,0,4,0
"1226",4,21,0,0,0
"1227",1,1,4,15,0
"1228",0,2,3,0,24
"1229",0,3,0,1,19
"1230",0,19,4,0,0
"1231",0,5,17,0,0
"1232",2,2,0,0,20
"1233",1,3,19,4,0
"1234",1,0,2,26,2
"1235",0,0,25,1,0
"1236",2,1,11,3,0
"1237",1,0,0,17,3
"1238",0,0,7,15,4
"1239",3,19,2,0,0
"1240",1,0,23,2,0
"1241",0,0,2,9,13
"1242",0,0,25,2,2
"1243",2,0,13,3,2
"1244",1,0,1,13,6
"1245",1,2,3,3,14
"1246",1,11,8,2,0
"1247",1,2,0,3,13
"1248",5,20,2,0,0
"1249",0,8,16,0,0
"1250",0,0,10,8,10
"1251",2,0,23,4,2
"1252",1,2,0,20,0
"1253",0,0,22,3,1
"1254",0,6,24,0,0
"1255",0,6,19,0,0
"1256",0,2,0,1,18
"1257",0,3,3,0,17
"1258",5,15,4,0,0
"1259",4,16,1,0,0
"1260",0,1,25,0,2
"1261",1,0,2,19,4
"1262",0,23,3,3,0
"1263",0,3,17,2,2
"1264",2,4,18,0,1
"1265",0,2,0,7,17
"1266",0,0,4,20,0
"1267",2,1,13,4,2
"1268",0,0,3,21,0
"1269",0,1,25,0,0
"1270",0,3,22,2,1
"1271",1,0,3,0,18
"1272",0,0,4,17,3
"1273",0,0,15,1,0
"1274",0,1,27,0,0
"1275",0,4,19,2,0
"1276",0,4,6,13,0
"1277",0,0,3,0,21
"1278",1,19,4,0,0
"1279",3,22,0,0,0
"1280",0,0,5,16,1
"1281",3,2,21,0,0
"1282",4,22,0,0,0
"1283",0,0,22,0,0
"1284",0,3,16,2,6
"1285",0,1,3,22,0
"1286",2,23,2,0,0
"1287",4,19,2,0,0
"1288",0,3,11,10,0
"1289",1,1,0,21,1
"1290",0,3,22,3,2
"1291",2,0,2,2,14
"1292",2,1,18,3,0
"1293",6,12,0,0,0
"1294",5,19,1,0,0
"1295",1,1,0,0,22
"1296",0,0,1,7,18
"1297",5,2,17,3,0
"1298",1,0,4,0,23
"1299",1,12,3,0,0
"1300",2,3,20,0,0
"1301",0,20,6,0,0
"1302",0,2,2,11,3
"1303",0,2,11,12,0
"1304",0,3,0,0,0
"1305",2,3,18,0,3
"1306",0,1,4,13,6
"1307",0,2,23,2,2
"1308",2,5,18,0,0
"1309",0,0,2,1,21
"1310",0,1,19,0,2
"1311",2,24,2,0,0
"1312",0,0,20,3,0
"1313",0,0,3,3,22
"1314",0,0,22,1,0
"1315",0,0,20,3,0
"1316",2,17,2,0,0
"1317",0,21,5,0,0
"1318",4,0,19,0,2
"1319",0,1,20,2,3
"1320",0,2,2,18,4
"1321",0,0,17,3,1
"1322",2,0,1,1,16
"1323",0,2,0,18,2
"1324",0,0,25,0,0
"1325",2,5,18,0,0
"1326",1,3,20,3,0
"1327",3,2,15,0,3
"1328",1,4,18,0,0
"1329",4,0,15,2,1
"1330",2,23,5,0,0
"1331",0,1,2,4,19
"1332",4,1,17,1,0
"1333",4,22,0,0,0
"1334",0,11,14,0,0
"1335",1,2,22,0,2
"1336",2,0,20,2,2
"1337",2,0,3,18,0
"1338",3,2,1,16,0
"1339",2,0,4,15,0
"1340",0,2,0,3,22
"1341",2,4,15,0,0
"1342",0,0,4,19,1
"1343",0,0,4,21,2
"1344",2,3,17,2,0
"1345",0,1,12,1,1
"1346",0,3,20,0,2
"1347",3,24,0,0,0
"1348",2,2,0,20,0
"1349",0,0,4,18,2
"1350",0,4,23,0,0
"1351",0,2,24,0,0
"1352",0,23,0,3,0
"1353",0,0,5,17,1
"1354",0,0,3,2,20
"1355",1,0,1,19,5
"1356",3,19,0,0,0
"1357",0,4,14,5,0
"1358",2,1,18,0,0
"1359",2,0,18,0,4
"1360",0,2,1,19,3
"1361",2,3,13,0,0
"1362",5,0,17,0,0
"1363",1,2,0,16,2
"1364",0,23,4,0,0
"1365",0,2,2,20,1
"1366",12,9,0,0,0
"1367",5,22,0,0,0
"1368",3,0,18,4,0
"1369",0,4,15,0,2
"1370",0,2,23,2,2
"1371",0,4,21,2,0
"1372",2,2,17,3,0
"1373",1,2,18,0,2
"1374",1,2,0,6,12
"1375",3,0,21,5,0
"1376",2,1,0,9,17
"1377",0,0,1,8,12
"1378",1,0,18,4,0
"1379",1,0,0,24,1
"1380",3,4,11,5,0
"1381",2,15,3,0,0
"1382",0,2,0,15,2
"1383",0,2,16,3,1
"1384",0,0,23,1,0
"1385",0,0,6,21,1
"1386",0,1,3,3,15
"1387",0,0,3,10,9
"1388",4,0,20,0,0
"1389",1,0,3,16,0
"1390",1,0,0,7,12
"1391",0,26,1,0,0
"1392",2,25,2,0,0
"1393",0,4,3,14,0
"1394",0,1,3,0,21
"1395",11,9,0,0,0
"1396",3,23,0,2,0
"1397",0,0,4,21,0
"1398",5,23,0,0,0
"1399",1,0,1,3,16
"1400",1,3,0,11,8
"1401",3,22,0,0,0
"1402",0,2,24,0,3
"1403",0,1,22,0,3
"1404",1,3,19,0,0
"1405",0,2,19,0,0
"1406",1,0,26,0,0
"1407",0,2,24,1,0
"1408",0,24,2,0,3
"1409",4,0,0,0,0
"1410",0,20,1,0,0
"1411",0,0,10,15,0
"1412",3,0,18,3,3
"1413",1,0,5,19,1
"1414",0,3,1,0,17
"1415",0,1,4,0,19
"1416",0,4,17,0,0
"1417",0,0,0,9,13
"1418",2,2,15,0,0
"1419",3,0,24,0,0
"1420",1,0,24,0,0
"1421",0,2,0,2,14
"1422",0,2,0,0,0
"1423",1,26,2,0,0
"1424",0,0,0,4,19
"1425",0,25,1,2,0
"1426",0,2,0,6,14
"1427",2,2,4,13,3
"1428",0,4,9,7,5
"1429",0,0,2,0,19
"1430",2,0,15,1,2
"1431",0,22,0,0,0
"1432",1,2,3,0,17
"1433",0,0,0,2,20
"1434",0,6,20,0,0
"1435",8,18,0,0,0
"1436",0,1,22,2,0
"1437",4,2,14,0,0
"1438",1,0,8,11,1
"1439",2,1,0,16,4
"1440",0,2,2,14,5
"1441",3,2,17,0,0
"1442",0,0,0,9,7
"1443",1,2,20,0,2
"1444",0,0,3,22,0
"1445",1,0,4,14,0
"1446",0,4,18,0,0
"1447",0,0,25,1,2
"1448",5,20,1,0,0
"1449",1,1,22,0,3
"1450",0,2,23,3,1
"1451",0,0,26,2,0
"1452",0,0,4,2,24
"1453",1,0,1,3,15
"1454",0,0,1,8,10
"1455",0,5,1,21,0
"1456",2,0,0,28,0
"1457",1,0,25,1,2
"1458",0,0,25,3,0
"1459",8,15,3,0,0
"1460",1,0,25,2,0
"1461",0,1,4,16,3
"1462",3,1,24,0,0
"1463",2,4,16,0,0
"1464",1,0,5,15,3
"1465",2,21,2,0,0
"1466",2,19,0,1,0
"1467",0,3,22,1,0
"1468",2,2,20,0,0
"1469",8,15,0,0,0
"1470",0,2,19,4,0
"1471",0,4,22,0,0
"1472",0,21,0,2,1
"1473",0,3,0,0,18
"1474",1,2,1,16,3
"1475",6,21,0,0,0
"1476",3,18,0,0,2
"1477",1,3,23,0,0
"1478",2,25,0,0,0
"1479",0,2,1,0,26
"1480",5,12,5,0,0
"1481",0,3,22,3,0
"1482",2,8,15,0,0
"1483",0,2,0,22,2
"1484",7,21,0,0,0
"1485",3,27,2,0,0
"1486",3,2,19,3,0
"1487",2,20,3,0,1
"1488",0,4,17,3,0
"1489",0,2,21,0,0
"1490",2,0,20,4,0
"1491",0,5,16,0,1
"1492",0,7,13,1,0
"1493",2,0,22,0,0
"1494",4,3,19,0,0
"1495",0,7,0,18,2
"1496",0,2,20,2,2
"1497",4,18,1,0,0
"1498",0,8,8,0,0
"1499",0,7,18,0,0
"1500",2,0,26,1,0
"1501",4,0,18,2,0
"1502",3,21,0,2,0
"1503",2,3,18,0,0
"1504",4,1,11,0,1
"1505",0,2,23,1,0
"1506",2,0,16,3,4
"1507",3,0,17,1,0
"1508",4,21,0,0,0
"1509",2,0,20,0,0
"1510",0,2,25,0,0
"1511",2,19,0,0,0
"1512",0,5,0,9,6
"1513",0,3,2,2,19
"1514",3,23,0,3,3
"1515",1,0,26,0,0
"1516",0,6,20,0,0
"1517",0,0,10,8,0
"1518",4,0,20,0,0
"1519",0,2,23,0,0
"1520",1,0,1,0,15
"1521",0,2,4,17,2
"1522",1,2,0,18,2
"1523",0,6,16,0,0
"1524",0,2,0,26,1
"1525",6,16,0,0,2
"1526",0,4,18,0,2
"1527",5,22,0,0,0
"1528",0,3,17,3,0
"1529",2,2,20,0,0
"1530",0,2,23,0,0
"1531",1,0,4,20,3
"1532",0,4,21,0,0
"1533",0,23,3,0,0
"1534",1,3,22,2,0
"1535",0,2,19,0,4
"1536",3,1,24,0,0
"1537",3,22,0,0,5
"1538",1,19,0,0,0
"1539",2,22,2,0,0
"1540",0,2,1,17,4
"1541",2,0,19,0,2
"1542",0,3,23,0,0
"1543",0,0,2,0,23
"1544",0,4,16,0,1
"1545",0,14,8,0,0
"1546",2,0,23,0,0
"1547",0,0,3,20,1
"1548",2,2,23,0,0
"1549",0,2,21,1,0
"1550",0,0,5,18,1
"1551",0,1,0,22,2
"1552",2,1,21,0,0
"1553",0,0,3,2,18
"1554",0,2,0,0,0
"1555",0,1,0,22,2
"1556",2,1,20,2,0
"1557",3,18,2,0,0
"1558",0,28,2,0,0
"1559",1,20,0,0,0
"1560",0,0,17,9,0
"1561",0,2,0,0,23
"1562",4,15,5,0,0
"1563",0,0,20,0,2
"1564",0,0,4,1,21
"1565",2,2,25,0,0
"1566",4,21,0,2,0
"1567",1,8,15,0,0
"1568",0,12,6,3,1
"1569",0,0,23,6,0
"1570",1,2,0,24,0
"1571",1,6,16,0,0
"1572",0,3,20,0,0
"1573",2,5,17,0,0
"1574",0,21,0,1,1
"1575",0,0,0,2,25
"1576",4,17,5,0,0
"1577",0,5,22,0,0
"1578",0,0,4,1,16
"1579",0,0,3,4,15
"1580",1,21,2,0,0
"1581",1,5,16,1,0
"1582",0,2,0,22,2
"1583",4,0,18,0,0
"1584",0,0,3,0,20
"1585",0,22,1,0,1
"1586",0,0,28,0,2
"1587",0,0,26,2,0
"1588",2,1,20,0,3
"1589",1,0,17,4,2
"1590",0,0,0,16,2
"1591",1,17,5,0,0
"1592",1,6,7,0,0
"1593",2,0,14,3,0
"1594",2,0,0,22,1
"1595",0,0,4,2,15
"1596",2,2,24,2,0
"1597",0,0,10,14,3
"1598",1,27,0,0,0
"1599",4,9,12,0,0
"1600",0,4,23,0,0
"1601",0,0,3,1,21
"1602",0,0,22,0,3
"1603",1,1,21,0,0
"1604",2,21,1,0,0
"1605",2,0,20,4,0
"1606",6,14,0,0,0
"1607",1,0,0,1,20
"1608",3,15,3,0,0
"1609",2,27,0,0,0
"1610",3,0,18,0,3
"1611",0,2,23,0,0
"1612",2,14,5,0,0
"1613",2,9,13,0,0
"1614",0,3,18,0,1
"1615",0,8,11,0,0
"1616",2,2,19,3,0
"1617",0,2,21,0,0
"1618",0,2,28,0,0
"1619",2,0,16,0,2
"1620",0,0,2,16,0
"1621",0,0,2,1,18
"1622",0,22,1,0,0
"1623",0,2,0,4,20
"1624",0,1,0,4,23
"1625",1,0,0,1,22
"1626",0,3,24,1,0
"1627",4,15,1,1,0
"1628",0,5,21,0,0
"1629",2,20,4,0,0
"1630",0,8,1,1,5
"1631",2,0,2,21,1
"1632",0,0,2,3,22
"1633",2,0,23,0,0
"1634",1,25,2,0,0
"1635",3,11,7,0,0
"1636",0,5,23,0,0
"1637",2,0,1,13,0
"1638",3,1,17,0,3
"1639",3,3,20,0,0
"1640",1,22,1,0,0
"1641",2,0,10,5,5
"1642",1,0,23,0,0
"1643",3,17,2,3,0
"1644",1,27,0,0,0
"1645",0,0,3,12,7
"1646",5,18,0,2,0
"1647",0,3,5,15,0
"1648",3,21,2,1,0
"1649",1,2,0,0,16
"1650",0,12,7,0,0
"1651",2,0,22,0,0
"1652",0,0,0,3,19
"1653",0,23,0,1,1
"1654",2,5,16,0,0
"1655",1,4,16,3,0
"1656",0,0,3,5,12
"1657",0,5,20,0,2
"1658",0,0,3,0,22
"1659",1,1,20,0,2
"1660",0,1,23,0,0
"1661",0,2,24,0,0
"1662",2,16,0,0,0
"1663",0,3,20,1,0
"1664",2,21,3,0,0
"1665",5,1,17,0,0
"1666",0,0,24,0,1
"1667",0,8,13,0,0
"1668",0,4,24,0,0
"1669",2,2,24,0,0
"1670",1,2,18,0,1
"1671",0,0,22,3,1
"1672",0,7,15,0,0
"1673",0,0,2,18,2
"1674",0,4,1,0,22
"1675",1,3,2,16,0
"1676",0,1,2,6,14
"1677",0,3,9,9,0
"1678",2,21,3,3,0
"1679",1,0,0,0,21
"1680",2,2,1,15,0
"1681",0,4,18,0,0
"1682",0,3,23,0,3
"1683",0,4,21,0,0
"1684",3,0,18,3,2
"1685",0,20,4,0,0
"1686",0,0,6,0,13
"1687",5,22,0,0,0
"1688",0,0,2,1,21
"1689",1,0,4,0,15
"1690",0,0,4,21,0
"1691",0,2,21,3,0
"1692",0,22,0,0,3
"1693",2,17,3,0,0
"1694",8,22,0,0,0
"1695",0,0,20,0,5
"1696",1,0,2,4,15
"1697",0,18,6,0,0
"1698",2,21,2,0,3
"1699",0,14,5,1,0
"1700",1,2,23,0,0
"1701",0,2,2,0,20
"1702",2,21,0,0,0
"1703",22,0,0,0,0
"1704",2,0,22,0,0
"1705",7,16,0,0,0
"1706",0,3,23,2,1
"1707",2,20,0,0,0
"1708",0,0,20,1,0
"1709",0,4,2,20,0
"1710",0,3,3,15,3
"1711",0,0,1,8,14
"1712",0,2,1,18,3
"1713",0,0,20,0,1
"1714",2,0,0,22,2
"1715",0,22,2,0,0
"1716",0,0,4,0,19
"1717",0,0,1,3,23
"1718",0,0,3,0,21
"1719",1,0,1,1,18
"1720",2,0,0,3,25
"1721",0,0,3,23,0
"1722",0,2,24,0,0
"1723",3,2,19,0,1
"1724",0,3,22,0,3
"1725",0,0,4,19,3
"1726",5,19,0,0,0
"1727",0,0,2,0,20
"1728",1,0,9,13,0
"1729",1,3,22,0,4
"1730",0,12,9,0,6
"1731",0,0,19,0,1
"1732",0,0,1,5,15
"1733",0,2,0,0,24
"1734",0,2,23,3,3
"1735",0,4,22,1,0
"1736",2,0,2,16,1
"1737",2,3,9,4,0
"1738",3,15,5,0,0
"1739",0,0,3,0,22
"1740",0,2,24,0,0
"1741",0,4,22,0,0
"1742",0,22,3,0,3
"1743",0,1,7,17,0
"1744",3,17,0,1,0
"1745",1,0,3,16,2
"1746",4,0,18,0,0
"1747",1,13,5,0,1
"1748",0,0,22,0,4
"1749",1,0,5,12,2
"1750",2,0,1,14,5
"1751",6,15,0,0,1
"1752",0,3,19,2,2
"1753",0,0,26,0,1
"1754",1,20,1,0,0
"1755",0,1,23,2,0
"1756",1,0,9,11,0
"1757",4,20,1,0,0
"1758",3,19,3,0,0
"1759",3,21,1,0,0
"1760",0,27,0,0,1
"1761",2,4,17,0,0
"1762",3,0,17,0,1
"1763",1,0,0,21,4
"1764",0,0,7,3,11
"1765",0,2,17,0,0
"1766",0,0,5,13,0
"1767",1,3,0,18,5
"1768",0,0,21,0,0
"1769",4,16,1,0,0
"1770",3,18,1,1,0
"1771",0,27,4,0,0
"1772",3,15,4,0,0
"1773",0,1,4,2,20
"1774",3,2,18,0,1
"1775",4,1,16,0,2
"1776",3,19,1,0,0
"1777",2,0,13,1,0
"1778",0,2,0,22,5
"1779",0,3,0,2,21
"1780",0,0,3,19,5
"1781",0,3,2,16,0
"1782",0,2,26,2,0
"1783",0,0,6,0,16
"1784",0,20,2,0,0
"1785",0,2,10,14,0
"1786",2,2,13,3,2
"1787",2,1,22,2,0
"1788",2,1,10,5,1
"1789",0,0,4,2,20
"1790",3,1,19,0,0
"1791",0,0,22,4,0
"1792",3,21,0,0,1
"1793",2,1,5,10,0
"1794",1,0,0,0,0
"1795",0,0,21,0,1
"1796",0,0,1,7,14
"1797",0,2,0,23,4
"1798",1,1,0,2,18
"1799",0,2,25,0,1
"1800",1,3,24,2,0
"1801",1,3,20,0,2
"1802",0,24,0,0,0
"1803",0,0,3,6,15
"1804",0,6,18,0,0
"1805",0,3,9,7,0
"1806",6,19,1,0,0
"1807",6,2,19,0,0
"1808",0,4,2,11,2
"1809",0,2,6,13,3
"1810",3,17,2,0,0
"1811",0,0,3,10,9
"1812",0,19,0,1,2
"1813",5,24,0,0,0
"1814",0,0,2,0,0
"1815",0,0,2,9,15
"1816",0,4,25,2,0
"1817",2,1,0,17,4
"1818",2,0,26,0,0
"1819",2,3,13,1,0
"1820",0,0,5,5,11
"1821",1,17,2,0,0
"1822",1,1,22,0,0
"1823",2,0,23,3,0
"1824",0,0,24,0,0
"1825",0,1,0,2,21
"1826",0,4,22,1,0
"1827",0,3,20,2,3
"1828",0,1,2,2,21
"1829",0,1,22,0,0
"1830",0,0,3,19,0
"1831",2,20,1,0,0
"1832",0,16,8,0,0
"1833",0,0,2,6,16
"1834",3,4,14,1,4
"1835",0,4,18,0,4
"1836",0,6,21,0,0
"1837",0,2,6,18,0
"1838",0,0,21,7,1
"1839",0,3,19,0,0
"1840",0,0,25,1,0
"1841",0,4,19,0,0
"1842",2,0,24,3,2
"1843",0,1,3,9,10
"1844",0,4,20,0,0
"1845",0,2,3,1,19
"1846",0,0,5,9,4
"1847",0,6,22,2,0
"1848",2,19,0,0,0
"1849",0,2,0,0,0
"1850",0,0,3,23,0
"1851",0,1,24,0,0
"1852",2,0,11,6,2
"1853",3,17,1,1,0
"1854",3,22,2,1,0
"1855",1,2,19,3,0
"1856",0,0,4,25,0
"1857",0,3,10,5,3
"1858",0,0,28,0,3
"1859",2,12,14,0,0
"1860",0,0,1,1,23
"1861",1,0,6,14,1
"1862",4,25,0,0,0
"1863",0,24,0,0,2
"1864",0,7,14,0,0
"1865",2,18,1,0,0
"1866",12,8,0,0,0
"1867",2,0,19,0,4
"1868",2,4,18,0,0
"1869",0,0,2,2,16
"1870",0,25,3,3,0
"1871",0,1,4,0,14
"1872",2,13,2,4,0
"1873",2,0,0,3,21
"1874",0,4,19,3,0
"1875",3,4,15,0,0
"1876",4,3,3,9,0
"1877",1,3,23,0,0
"1878",0,0,1,18,4
"1879",0,0,2,20,0
"1880",4,10,2,0,0
"1881",4,0,21,0,2
"1882",0,25,0,0,2
"1883",0,2,18,2,3
"1884",0,1,4,17,0
"1885",1,3,19,0,0
"1886",3,24,3,0,0
"1887",2,3,2,17,0
"1888",0,0,3,3,15
"1889",0,2,1,7,10
"1890",4,3,11,0,1
"1891",0,0,2,15,8
"1892",6,15,5,0,0
"1893",0,1,0,2,22
"1894",0,6,18,0,0
"1895",0,2,20,0,0
"1896",0,1,0,0,0
"1897",1,12,11,0,0
"1898",1,0,1,0,23
"1899",3,0,4,19,0
"1900",0,0,2,23,2
"1901",1,0,3,14,0
"1902",0,2,1,0,15
"1903",2,0,25,3,0
"1904",0,2,2,1,22
"1905",2,0,21,1,2
"1906",0,0,5,7,12
"1907",2,3,12,1,0
"1908",1,5,19,0,0
"1909",2,4,17,0,0
"1910",0,0,1,11,14
"1911",6,16,0,0,0
"1912",0,3,10,7,0
"1913",0,0,4,3,15
"1914",0,2,8,14,0
"1915",26,0,0,0,0
"1916",0,0,15,10,2
"1917",0,5,18,0,0
"1918",2,0,23,2,0
"1919",0,3,24,0,0
"1920",2,22,1,0,0
"1921",0,2,7,10,1
"1922",1,0,5,18,0
"1923",1,0,0,22,0
"1924",0,3,21,1,0
"1925",0,2,0,18,6
"1926",0,2,7,11,0
"1927",0,0,0,3,20
"1928",1,24,1,0,0
"1929",0,2,0,12,12
"1930",2,0,0,0,22
"1931",3,25,0,0,0
"1932",2,4,17,0,0
"1933",0,0,3,5,17
"1934",2,0,7,5,4
"1935",1,2,19,1,0
"1936",1,3,22,2,0
"1937",0,1,20,0,3
"1938",1,5,20,0,0
"1939",0,3,2,0,19
"1940",2,2,23,0,0
"1941",1,1,4,19,0
"1942",0,15,8,0,2
"1943",2,0,21,2,0
"1944",0,2,1,18,0
"1945",0,0,24,0,3
"1946",0,2,22,1,2
"1947",0,24,5,0,0
"1948",0,0,2,3,19
"1949",1,0,2,14,2
"1950",0,4,21,0,0
"1951",1,0,20,0,0
"1952",26,1,0,0,0
"1953",0,0,4,4,19
"1954",1,3,19,0,3
"1955",0,5,19,0,0
"1956",0,2,25,3,0
"1957",1,0,0,3,19
"1958",0,0,7,6,12
"1959",0,0,2,22,6
"1960",6,2,11,0,2
"1961",4,1,16,0,0
"1962",0,3,0,0,23
"1963",0,4,22,0,0
"1964",1,1,15,8,0
"1965",2,2,21,0,0
"1966",2,0,1,2,19
"1967",0,19,1,0,0
"1968",0,0,5,23,0
"1969",5,0,18,0,1
"1970",0,10,13,0,0
"1971",1,2,19,2,0
"1972",0,2,2,19,0
"1973",0,4,6,15,0
"1974",3,1,0,0,0
"1975",0,7,20,0,0
"1976",0,1,22,0,0
"1977",4,17,0,1,0
"1978",6,13,3,0,0
"1979",2,0,1,13,3
"1980",4,20,0,0,0
"1981",0,6,20,3,0
"1982",1,20,0,0,0
"1983",0,1,25,0,0
"1984",1,1,0,3,20
"1985",0,0,24,1,0
"1986",0,4,17,5,0
"1987",0,0,3,22,3
"1988",0,2,3,7,14
"1989",2,4,18,2,1
"1990",2,0,0,12,10
"1991",0,23,2,0,0
"1992",2,3,18,0,0
"1993",1,0,14,9,0
"1994",1,0,21,2,0
"1995",0,2,18,1,0
"1996",2,2,20,5,0
"1997",0,4,24,0,2
"1998",0,4,17,0,0
"1999",4,26,0,2,0
"2000",0,10,15,0,0
"2001",0,7,16,0,0
"2002",0,3,20,0,0
"2003",5,16,0,3,0
"2004",0,1,2,18,3
"2005",3,15,3,0,0
"2006",0,25,3,0,2
"2007",0,2,0,24,1
"2008",0,0,16,2,5
"2009",0,0,3,15,0
"2010",0,6,21,0,0
"2011",0,0,0,3,22
"2012",0,3,21,2,0
"2013",0,17,4,0,0
"2014",1,0,25,0,0
"2015",0,2,24,0,2
"2016",0,23,1,2,0
"2017",0,0,16,2,3
"2018",2,2,22,0,3
"2019",0,0,4,20,0
"2020",0,0,7,16,0
"2021",1,4,19,0,0
"2022",0,0,1,1,16
"2023",0,1,17,11,0
"2024",0,17,5,0,2
"2025",2,2,3,18,0
"2026",2,20,2,0,0
"2027",2,22,3,0,0
"2028",6,20,0,1,0
"2029",3,19,0,0,0
"2030",0,0,4,4,15
"2031",0,12,11,2,0
"2032",1,3,18,0,0
"2033",0,1,24,3,0
"2034",2,0,19,0,5
"2035",1,18,5,0,0
"2036",0,1,1,13,8
"2037",3,0,20,0,2
"2038",2,3,16,1,0
"2039",0,0,4,0,21
"2040",0,2,19,2,1
"2041",3,0,22,0,0
"2042",2,3,17,0,3
"2043",0,25,1,0,1
"2044",3,2,10,6,0
"2045",0,1,2,7,12
"2046",0,0,4,5,15
"2047",0,0,1,17,9
"2048",0,0,4,2,20
"2049",1,6,18,0,0
"2050",2,25,0,2,0
"2051",0,0,0,17,4
"2052",4,21,1,0,0
"2053",0,3,7,19,2
"2054",0,0,3,0,24
"2055",3,0,21,2,0
"2056",0,2,21,2,0
"2057",3,6,10,0,0
"2058",2,0,18,4,0
"2059",0,0,5,2,17
"2060",0,2,24,0,0
"2061",0,1,0,3,19
"2062",1,4,16,0,0
"2063",1,0,3,3,17
"2064",1,20,2,0,0
"2065",4,22,0,0,0
"2066",1,3,18,0,0
"2067",0,0,5,2,20
"2068",2,4,17,0,0
"2069",0,4,20,3,0
"2070",2,15,4,0,0
"2071",0,1,3,12,10
"2072",13,6,0,0,0
"2073",0,23,5,0,0
"2074",2,0,0,11,8
"2075",0,1,0,17,3
"2076",2,4,19,0,0
"2077",0,4,20,0,0
"2078",0,0,1,15,4
"2079",2,22,3,0,0
"2080",3,22,2,0,0
"2081",5,2,15,0,0
"2082",0,1,24,0,0
"2083",0,26,0,0,0
"2084",0,3,16,2,5
"2085",1,0,0,0,0
"2086",3,1,20,0,2
"2087",2,0,23,2,0
"2088",3,22,0,0,0
"2089",2,0,0,23,1
"2090",23,1,0,0,0
"2091",0,2,0,15,1
"2092",0,3,24,4,0
"2093",0,21,1,2,0
"2094",7,16,0,0,0
"2095",0,3,17,4,0
"2096",0,4,10,5,0
"2097",0,1,23,0,0
"2098",2,0,19,2,0
"2099",0,1,0,0,0
"2100",0,4,2,16,0
"2101",1,0,5,16,0
"2102",0,0,3,11,7
"2103",1,2,19,1,0
"2104",0,2,21,0,3
"2105",1,0,1,6,12
"2106",0,2,0,10,8
"2107",7,13,0,0,0
"2108",6,23,4,0,0
"2109",0,3,23,0,0
"2110",2,1,16,0,0
"2111",0,0,24,2,0
"2112",0,0,3,16,4
"2113",0,4,10,6,0
"2114",5,22,0,0,0
"2115",1,22,1,0,0
"2116",2,6,14,0,0
"2117",0,2,21,3,0
"2118",0,1,3,14,6
"2119",1,2,1,15,0
"2120",0,0,23,0,3
"2121",8,12,4,0,0
"2122",3,27,0,0,0
"2123",2,19,3,0,0
"2124",0,0,1,3,23
"2125",0,4,20,3,0
"2126",2,0,19,2,0
"2127",1,0,2,0,19
"2128",2,0,1,10,6
"2129",8,12,0,0,0
"2130",1,0,6,16,0
"2131",1,8,15,0,0
"2132",0,1,18,3,2
"2133",0,2,2,15,7
"2134",3,20,0,3,1
"2135",0,0,20,4,3
"2136",5,18,2,0,0
"2137",4,18,1,0,0
"2138",3,22,0,0,1
"2139",0,2,1,2,15
"2140",0,0,1,1,12
"2141",1,0,0,19,0
"2142",3,2,5,7,2
"2143",2,0,4,16,3
"2144",1,0,2,4,12
"2145",0,5,1,0,17
"2146",1,0,2,16,5
"2147",2,2,24,0,0
"2148",3,21,0,2,0
"2149",0,0,4,12,6
"2150",2,26,0,0,0
"2151",2,0,19,0,0
"2152",1,12,8,0,0
"2153",0,22,1,0,0
"2154",0,2,14,6,2
"2155",2,0,16,4,2
"2156",9,16,0,0,0
"2157",0,0,23,0,1
"2158",0,0,1,4,18
"2159",1,3,17,3,0
"2160",2,0,16,1,0
"2161",0,3,21,2,0
"2162",3,19,1,0,0
"2163",0,7,20,0,0
"2164",0,1,0,2,16
"2165",0,3,12,12,0
"2166",2,3,15,0,0
"2167",2,1,17,0,0
"2168",0,3,10,8,6
"2169",0,3,0,0,0
"2170",0,0,5,16,3
"2171",0,2,22,0,0
"2172",0,11,10,0,0
"2173",0,1,0,2,22
"2174",1,0,2,0,21
"2175",4,23,0,0,0
"2176",0,0,3,0,21
"2177",1,0,0,5,19
"2178",2,19,2,1,0
"2179",2,6,13,0,0
"2180",0,3,0,4,17
"2181",0,2,22,0,2
"2182",0,4,23,2,0
"2183",0,3,22,3,0
"2184",2,0,18,0,5
"2185",0,2,22,2,2
"2186",1,0,19,2,0
"2187",0,2,2,22,0
"2188",0,0,2,19,2
"2189",3,3,0,14,2
"2190",0,2,23,0,0
"2191",2,3,19,0,0
"2192",2,24,0,0,0
"2193",4,0,18,0,2
"2194",0,2,0,24,0
"2195",1,2,18,0,0
"2196",1,15,5,0,1
"2197",0,1,4,13,4
"2198",2,7,15,0,0
"2199",1,2,21,0,2
"2200",2,0,0,3,19
"2201",2,2,2,12,2
"2202",4,0,3,16,3
"2203",0,2,25,0,2
"2204",1,2,0,3,21
"2205",0,12,8,0,0
"2206",1,0,0,1,19
"2207",1,2,23,0,0
"2208",1,4,19,0,0
"2209",2,3,14,3,2
"2210",0,0,2,3,16
"2211",0,24,0,0,0
"2212",0,0,2,19,3
"2213",18,5,0,0,0
"2214",0,2,2,16,0
"2215",0,1,2,0,20
"2216",2,8,9,5,0
"2217",1,2,21,0,0
"2218",2,0,0,0,19
"2219",0,2,5,14,0
"2220",0,0,2,24,0
"2221",0,0,0,12,11
"2222",0,2,1,10,5
"2223",0,12,13,0,3
"2224",4,12,1,2,0
"2225",0,0,3,0,19
"2226",0,2,3,7,10
"2227",1,8,12,3,3
"2228",0,20,0,5,0
"2229",0,7,21,0,0
"2230",1,15,3,0,0
"2231",0,23,2,0,0
"2232",1,2,22,0,0
"2233",3,6,16,0,0
"2234",1,0,20,0,2
"2235",1,0,2,11,4
"2236",0,2,20,0,0
"2237",1,2,19,0,1
"2238",1,0,1,17,2
"2239",3,2,19,0,0
"2240",0,1,0,25,0
"2241",6,17,0,0,0
"2242",1,21,0,0,0
"2243",4,0,20,0,0
"2244",0,18,4,0,0
"2245",0,2,16,1,0
"2246",2,5,16,0,0
"2247",2,18,0,0,0
"2248",0,1,18,2,0
"2249",2,2,22,2,0
"2250",3,22,3,0,0
"2251",0,0,30,0,0
"2252",0,18,0,0,0
"2253",0,1,21,0,2
"2254",1,0,0,2,19
"2255",1,15,2,2,0
"2256",2,24,2,0,0
"2257",0,0,2,24,6
"2258",2,0,20,0,2
"2259",0,1,20,2,0
"2260",1,1,23,0,0
"2261",2,2,17,0,0
"2262",2,0,22,3,2
"2263",0,0,0,5,17
"2264",0,6,21,0,0
"2265",0,3,27,3,0
"2266",0,3,21,1,0
"2267",6,18,3,0,0
"2268",0,2,0,0,0
"2269",0,0,1,2,24
"2270",2,0,21,5,0
"2271",0,0,14,1,6
"2272",2,0,0,4,16
"2273",7,18,0,0,0
"2274",0,4,18,0,0
"2275",0,3,17,2,0
"2276",1,3,16,2,0
"2277",2,2,2,15,3
"2278",0,1,4,17,6
"2279",1,8,14,0,0
"2280",2,1,20,1,0
"2281",1,1,11,3,1
"2282",2,0,26,0,0
"2283",1,1,0,3,16
"2284",3,3,21,0,0
"2285",1,6,18,0,0
"2286",0,2,2,1,15
"2287",2,2,19,0,0
"2288",0,10,13,0,0
"2289",4,21,0,0,0
"2290",1,2,22,3,0
"2291",0,5,2,17,3
"2292",0,4,16,3,0
"2293",0,4,2,14,0
"2294",2,6,16,0,0
"2295",1,2,15,0,0
"2296",1,2,3,20,0
"2297",0,1,1,0,22
"2298",1,0,21,0,3
"2299",1,1,0,2,20
"2300",4,0,19,0,0
"2301",3,12,5,0,0
"2302",0,3,0,17,4
"2303",0,2,0,3,20
"2304",0,2,19,0,0
"2305",0,0,4,21,0
"2306",2,22,2,0,0
"2307",0,4,20,0,0
"2308",0,2,24,0,5
"2309",0,22,4,3,0
"2310",0,2,0,3,21
"2311",2,0,3,13,1
"2312",1,3,18,0,2
"2313",0,2,26,0,0
"2314",0,1,2,4,16
"2315",1,3,17,3,0
"2316",0,8,12,0,0
"2317",0,2,0,21,2
"2318",2,1,21,1,0
"2319",2,2,2,15,0
"2320",0,2,0,22,2
"2321",0,1,1,1,14
"2322",0,24,0,0,3
"2323",0,3,2,6,12
"2324",0,2,3,19,0
"2325",0,5,19,1,0
"2326",1,0,15,1,2
"2327",2,23,0,0,0
"2328",0,1,2,2,15
"2329",0,0,28,3,0
"2330",0,1,3,0,21
"2331",4,0,19,2,2
"2332",1,1,24,0,0
"2333",1,3,21,0,0
"2334",0,0,5,18,1
"2335",1,2,0,11,8
"2336",2,10,11,0,0
"2337",0,2,2,0,14
"2338",4,21,2,0,0
"2339",2,0,11,8,2
"2340",1,5,19,0,0
"2341",4,1,18,2,0
"2342",9,13,2,0,0
"2343",3,17,9,0,0
"2344",0,3,17,4,2
"2345",2,3,18,0,0
"2346",1,0,0,9,9
"2347",0,0,2,1,24
"2348",0,6,16,0,3
"2349",3,16,2,2,0
"2350",0,2,1,11,10
"2351",0,1,16,6,0
"2352",0,24,2,0,0
"2353",0,24,4,0,0
"2354",3,10,8,0,0
"2355",0,4,19,0,3
"2356",2,21,1,1,0
"2357",2,0,2,13,9
"2358",0,0,22,0,5
"2359",3,0,21,0,0
"2360",1,2,0,3,20
"2361",0,3,25,0,0
"2362",0,17,5,0,0
"2363",0,0,4,5,15
"2364",0,2,20,1,0
"2365",0,3,24,0,3
"2366",0,0,2,7,14
"2367",0,0,2,0,22
"2368",0,7,18,0,0
"2369",0,3,0,2,19
"2370",2,24,1,0,0
"2371",3,16,1,0,0
"2372",0,1,10,11,0
"2373",2,0,23,3,0
"2374",0,0,1,4,18
"2375",1,7,13,0,0
"2376",2,3,16,2,0
"2377",0,0,5,18,0
"2378",0,0,3,6,14
"2379",2,8,15,0,0
"2380",0,2,3,3,18
"2381",0,2,28,0,0
"2382",0,1,11,6,0
"2383",3,25,2,0,0
"2384",1,0,4,22,0
"2385",0,0,4,4,13
"2386",0,2,2,0,26
"2387",0,24,2,0,0
"2388",1,4,19,0,0
"2389",0,14,3,0,1
"2390",2,10,8,1,0
"2391",2,17,2,0,0
"2392",0,3,21,1,1
"2393",1,0,20,2,0
"2394",3,17,5,0,0
"2395",2,0,0,2,21
"2396",0,4,2,17,0
"2397",0,0,4,20,1
"2398",0,2,1,7,14
"2399",5,17,2,1,0
"2400",0,2,25,0,0
"2401",0,0,4,2,24
"2402",0,0,0,6,19
"2403",0,7,16,0,0
"2404",0,0,6,0,18
"2405",2,19,1,0,0
"2406",0,0,26,2,0
"2407",3,17,2,0,0
"2408",3,14,5,0,0
"2409",2,0,23,3,0
"2410",6,20,0,2,0
"2411",0,1,25,0,0
"2412",0,2,19,1,0
"2413",1,3,25,0,0
"2414",1,0,0,13,5
"2415",0,5,19,0,0
"2416",3,1,14,1,0
"2417",0,0,4,18,1
"2418",2,0,0,3,17
"2419",0,1,0,4,19
"2420",0,4,20,3,0
"2421",0,0,3,5,17
"2422",4,0,18,0,1
"2423",2,14,4,3,0
"2424",0,24,1,0,3
"2425",0,4,18,2,0
"2426",3,1,18,0,0
"2427",0,0,5,21,1
"2428",0,1,0,22,1
"2429",0,11,13,0,0
"2430",0,2,2,0,17
"2431",7,19,0,0,0
"2432",0,1,6,14,0
"2433",0,3,1,19,1
"2434",2,17,3,0,0
"2435",0,0,0,9,12
"2436",2,0,22,2,3
"2437",3,12,5,0,0
"2438",0,3,20,0,0
"2439",2,0,0,2,22
"2440",3,20,6,0,0
"2441",0,3,0,21,0
"2442",2,0,0,0,24
"2443",0,2,9,7,0
"2444",2,0,21,1,3
"2445",0,0,2,21,5
"2446",0,2,0,0,0
"2447",0,3,23,0,1
"2448",0,0,2,1,20
"2449",1,25,2,0,0
"2450",2,4,19,0,0
"2451",2,1,6,7,1
"2452",0,12,9,0,0
"2453",0,0,7,15,3
"2454",1,0,2,2,20
"2455",0,0,0,0,23
"2456",5,19,0,0,0
"2457",0,1,2,13,10
"2458",3,20,1,0,0
"2459",2,0,0,0,0
"2460",0,0,3,5,12
"2461",0,2,0,4,16
"2462",0,4,2,13,3
"2463",2,1,19,0,0
"2464",0,0,3,13,7
"2465",2,0,15,3,5
"2466",2,19,2,0,2
"2467",0,0,18,2,5
"2468",6,1,15,0,0
"2469",0,0,3,7,10
"2470",1,0,1,9,14
"2471",0,0,2,0,18
"2472",0,0,1,14,7
"2473",0,0,29,3,0
"2474",0,1,21,0,0
"2475",0,3,26,0,0
"2476",6,0,21,0,0
"2477",1,0,0,0,21
"2478",0,0,0,0,18
"2479",2,2,22,0,0
"2480",0,1,15,5,3
"2481",2,4,19,0,0
"2482",1,3,19,0,0
"2483",0,25,0,2,0
"2484",0,23,0,0,0
"2485",0,19,3,0,1
"2486",0,2,1,0,19
"2487",2,0,2,20,0
"2488",3,2,13,0,0
"2489",1,0,1,0,28
"2490",5,16,1,0,0
"2491",1,1,2,0,22
"2492",4,20,0,0,0
"2493",0,9,13,0,0
"2494",0,20,5,0,0
"2495",2,0,21,1,2
"2496",0,0,2,0,25
"2497",3,1,22,0,0
"2498",5,6,7,0,1
"2499",2,8,12,2,0
"2500",4,2,15,0,0
"2501",0,4,22,4,0
"2502",0,24,0,4,0
"2503",6,16,0,3,0
"2504",0,0,20,3,1
"2505",2,0,13,3,1
"2506",2,0,1,20,1
"2507",0,1,1,5,18
"2508",0,0,2,12,8
"2509",3,1,19,0,0
"2510",1,7,12,1,0
"2511",3,0,23,0,0
"2512",0,1,0,0,0
"2513",4,20,2,0,0
"2514",2,5,16,0,0
"2515",0,3,15,2,6
"2516",1,0,2,0,21
"2517",2,1,24,0,0
"2518",0,3,2,0,19
"2519",4,6,12,0,0
"2520",1,2,21,0,2
"2521",1,2,24,0,2
"2522",0,2,21,0,2
"2523",0,0,19,7,0
"2524",1,3,0,0,23
"2525",5,0,21,0,0
"2526",0,0,4,21,0
"2527",0,0,4,0,17
"2528",0,2,20,4,0
"2529",0,0,2,0,27
"2530",0,2,12,3,0
"2531",0,3,20,0,2
"2532",0,1,2,7,11
"2533",6,20,0,0,0
"2534",0,23,0,0,2
"2535",1,6,19,0,0
"2536",3,1,22,0,0
"2537",3,4,16,0,0
"2538",0,3,21,0,0
"2539",1,5,19,0,3
"2540",0,2,1,21,1
"2541",2,0,0,27,1
"2542",5,1,19,0,0
"2543",0,0,7,0,18
"2544",2,22,2,0,0
"2545",0,2,2,5,14
"2546",2,3,21,0,2
"2547",1,0,2,12,1
"2548",0,2,22,3,3
"2549",0,0,1,5,15
"2550",0,0,2,22,0
"2551",0,2,10,6,0
"2552",2,24,0,2,0
"2553",0,23,0,1,0
"2554",0,2,1,23,2
"2555",0,0,7,10,8
"2556",0,0,23,2,3
"2557",0,14,5,1,1
"2558",2,0,1,0,17
"2559",0,3,19,0,2
"2560",0,4,8,7,1
"2561",1,25,2,0,0
"2562",0,0,1,6,18
"2563",1,3,20,0,2
"2564",0,27,2,0,0
"2565",0,5,20,0,0
"2566",0,2,7,12,0
"2567",2,0,20,3,4
"2568",0,0,4,6,10
"2569",0,26,3,0,0
"2570",1,2,3,4,14
"2571",0,0,2,4,16
"2572",1,2,1,17,3
"2573",2,0,22,0,0
"2574",0,0,1,16,3
"2575",0,2,0,3,20
"2576",0,0,2,0,21
"2577",0,1,2,0,15
"2578",1,0,0,0,0
"2579",0,2,1,2,19
"2580",0,15,7,0,0
"2581",1,3,14,0,0
"2582",0,2,18,0,1
"2583",0,0,3,22,2
"2584",1,2,1,9,11
"2585",1,2,18,0,0
"2586",0,2,0,1,15
"2587",1,0,1,2,22
"2588",0,21,4,3,0
"2589",0,2,1,6,13
"2590",0,4,22,0,0
"2591",0,2,19,4,0
"2592",0,2,23,2,0
"2593",0,26,5,0,0
"2594",0,0,7,17,0
"2595",0,0,26,0,0
"2596",0,0,2,18,0
"2597",0,0,24,5,0
"2598",0,0,25,0,3
"2599",0,2,0,3,18
"2600",0,0,1,4,17
"2601",0,0,0,4,16
"2602",0,1,5,13,2
"2603",3,21,0,0,0
"2604",3,6,14,3,0
"2605",0,4,20,0,0
"2606",2,0,20,6,0
"2607",0,18,2,0,0
"2608",0,0,0,4,19
"2609",0,0,2,9,12
"2610",1,3,2,0,17
"2611",2,18,0,0,2
"2612",2,5,14,3,0
"2613",0,1,10,8,2
"2614",0,0,4,5,13
"2615",1,0,3,4,17
"2616",0,2,0,2,16
"2617",3,2,18,0,3
"2618",1,0,0,11,11
"2619",0,6,16,2,0
"2620",1,2,14,0,0
"2621",0,2,17,2,2
"2622",0,0,3,13,0
"2623",2,0,21,0,0
"2624",0,2,19,1,0
"2625",3,4,13,4,0
"2626",0,2,16,1,0
"2627",0,0,3,11,13
"2628",0,2,0,2,22
"2629",0,2,14,7,1
"2630",2,1,18,0,3
"2631",0,0,2,0,17
"2632",0,2,24,0,1
"2633",0,20,2,0,0
"2634",0,5,17,0,0
"2635",3,2,21,0,0
"2636",0,3,18,0,2
"2637",2,3,22,0,0
"2638",0,0,2,6,16
"2639",0,0,1,3,22
"2640",2,6,13,0,0
"2641",0,6,23,0,0
"2642",4,2,17,0,0
"2643",2,0,24,0,0
"2644",0,3,20,0,2
"2645",0,3,21,0,0
"2646",2,1,0,2,19
"2647",2,15,10,0,0
"2648",2,3,18,0,0
"2649",0,0,24,3,0
"2650",1,23,2,0,0
"2651",0,5,18,0,2
"2652",0,0,25,2,0
"2653",1,0,2,15,6
"2654",2,9,9,0,1
"2655",0,0,25,0,2
"2656",0,3,23,0,3
"2657",2,4,19,0,0
"2658",3,4,17,0,3
"2659",5,18,3,0,0
"2660",1,20,2,0,0
"2661",0,0,4,12,7
"2662",3,22,0,2,0
"2663",2,0,18,0,2
"2664",0,7,15,0,0
"2665",0,1,9,15,0
"2666",0,4,18,0,5
"2667",1,0,4,0,22
"2668",6,20,0,0,0
"2669",0,18,2,3,0
"2670",4,11,5,0,0
"2671",1,0,23,3,0
"2672",0,19,1,1,0
"2673",6,16,0,0,0
"2674",3,21,2,0,0
"2675",1,0,4,16,2
"2676",1,0,0,4,17
"2677",0,2,0,24,1
"2678",0,5,19,0,0
"2679",3,14,13,0,0
"2680",2,2,17,0,3
"2681",0,0,0,7,19
"2682",2,0,24,0,2
"2683",3,2,19,0,0
"2684",0,0,21,3,3
"2685",3,4,11,0,0
"2686",0,2,24,2,0
"2687",0,0,3,20,1
"2688",0,1,3,10,6
"2689",0,0,2,1,23
"2690",0,1,22,5,0
"2691",0,0,4,2,14
"2692",0,20,3,0,0
"2693",1,2,22,0,2
"2694",0,4,22,0,0
"2695",3,21,0,0,0
"2696",2,1,22,0,0
"2697",0,0,5,0,18
"2698",7,1,14,0,0
"2699",1,4,12,1,2
"2700",0,17,4,0,0
"2701",4,18,2,0,0
"2702",2,4,17,0,3
"2703",0,2,0,0,0
"2704",1,0,4,5,14
"2705",2,2,20,2,3
"2706",0,0,3,0,23
"2707",0,5,19,0,0
"2708",0,1,22,2,0
"2709",1,0,2,16,2
"2710",1,1,3,0,16
"2711",2,2,19,0,0
"2712",3,22,0,2,2
"2713",0,2,0,18,0
"2714",2,4,14,0,0
"2715",0,0,1,4,18
"2716",0,2,1,20,2
"2717",1,8,12,0,0
"2718",0,0,2,0,14
"2719",0,24,3,0,0
"2720",0,2,23,0,0
"2721",1,0,22,3,0
"2722",0,0,2,0,19
"2723",1,0,2,17,2
"2724",0,5,19,2,0
"2725",0,4,14,3,0
"2726",0,2,17,1,4
"2727",2,2,19,2,0
"2728",0,0,2,0,19
"2729",3,20,3,0,0
"2730",3,2,18,0,0
"2731",2,2,0,3,15
"2732",1,3,19,0,0
"2733",3,4,12,0,0
"2734",0,18,3,0,1
"2735",2,14,2,0,0
"2736",2,1,20,0,0
"2737",2,22,3,0,0
"2738",3,0,21,1,0
"2739",0,0,2,23,2
"2740",0,2,24,0,0
"2741",1,3,22,0,0
"2742",0,2,22,0,3
"2743",3,22,1,0,0
"2744",2,3,19,0,0
"2745",3,3,21,0,0
"2746",5,14,2,0,0
"2747",2,0,24,0,0
"2748",0,1,18,6,0
"2749",1,25,2,0,0
"2750",1,0,1,10,12
"2751",4,23,0,0,0
"2752",2,5,15,0,0
"2753",0,3,22,2,0
"2754",1,2,19,0,0
"2755",0,1,0,3,18
"2756",0,2,2,20,1
"2757",0,3,19,3,2
"2758",2,5,18,0,0
"2759",1,3,0,0,24
"2760",2,0,0,16,4
"2761",0,0,5,16,0
"2762",1,0,4,17,2
"2763",4,23,0,0,1
"2764",1,1,3,11,0
"2765",0,0,23,2,0
"2766",3,19,1,2,0
"2767",0,0,1,14,7
"2768",1,4,0,0,17
"2769",0,3,20,4,0
"2770",0,3,19,0,0
"2771",0,2,1,24,0
"2772",1,0,2,18,1
"2773",0,26,1,0,0
"2774",2,2,21,0,0
"2775",0,0,4,0,22
"2776",0,3,0,0,0
"2777",1,20,1,0,0
"2778",0,21,3,0,0
"2779",2,1,22,0,0
"2780",1,0,0,3,18
"2781",7,15,0,2,0
"2782",2,0,2,19,0
"2783",5,16,0,0,0
"2784",0,3,8,10,0
"2785",3,21,1,1,0
"2786",3,21,3,0,0
"2787",0,1,0,10,12
"2788",3,2,21,0,0
"2789",3,4,14,2,0
"2790",0,2,19,2,0
"2791",0,5,12,1,1
"2792",0,4,0,0,18
"2793",5,19,2,0,0
"2794",1,2,1,0,21
"2795",0,3,25,0,3
"2796",1,6,16,0,0
"2797",2,23,0,0,0
"2798",0,29,0,0,1
"2799",0,10,15,0,0
"2800",3,11,7,0,0
"2801",2,1,0,9,8
"2802",5,0,13,0,3
"2803",0,2,15,3,3
"2804",2,0,0,17,2
"2805",0,2,1,17,1
"2806",0,2,27,0,0
"2807",0,2,1,1,17
"2808",2,1,24,0,0
"2809",0,2,0,13,11
"2810",0,2,17,2,0
"2811",0,3,2,0,21
"2812",1,5,22,0,0
"2813",0,9,9,0,1
"2814",2,2,20,2,0
"2815",3,23,1,0,0
"2816",0,2,0,23,1
"2817",0,6,11,0,0
"2818",0,2,10,10,3
"2819",9,15,3,0,0
"2820",3,23,0,3,0
"2821",0,4,26,2,0
"2822",0,0,21,6,0
"2823",3,21,4,0,0
"2824",0,1,2,13,2
"2825",0,0,2,0,20
"2826",2,0,20,4,3
"2827",0,0,2,16,6
"2828",0,1,2,0,21
"2829",1,2,0,16,2
"2830",2,24,0,0,0
"2831",2,2,20,0,0
"2832",0,0,25,1,1
"2833",0,4,18,2,0
"2834",0,5,10,11,0
"2835",2,1,20,3,2
"2836",2,0,19,3,0
"2837",2,22,2,0,0
"2838",0,2,1,0,19
"2839",2,2,2,16,0
"2840",0,3,0,0,22
"2841",1,3,2,3,17
"2842",1,0,21,2,2
"2843",0,21,1,0,0
"2844",0,26,0,4,0
"2845",2,6,15,0,0
"2846",1,0,23,2,0
"2847",1,6,16,0,0
"2848",0,1,2,9,14
"2849",0,2,2,10,11
"2850",3,17,3,0,0
"2851",0,3,17,3,0
"2852",0,4,0,12,13
"2853",2,0,20,0,0
"2854",0,0,19,4,0
"2855",1,0,26,0,0
"2856",2,24,0,2,0
"2857",4,21,0,0,2
"2858",2,2,21,0,0
"2859",3,0,19,0,2
"2860",0,18,5,0,0
"2861",3,4,0,0,0
"2862",0,2,17,3,1
"2863",0,3,18,0,2
"2864",2,2,16,5,0
"2865",0,0,25,6,0
"2866",3,24,3,0,0
"2867",3,19,2,0,3
"2868",0,0,23,3,4
"2869",0,0,8,10,2
"2870",3,5,15,0,0
"2871",0,2,0,3,20
"2872",1,0,3,0,22
"2873",0,5,15,0,0
"2874",1,0,0,14,7
"2875",1,19,2,0,0
"2876",1,26,0,0,0
"2877",19,3,0,0,0
"2878",1,3,24,0,0
"2879",5,21,3,0,0
"2880",2,0,24,4,0
"2881",0,2,3,19,1
"2882",0,2,0,1,16
"2883",0,1,2,13,7
"2884",0,1,16,4,0
"2885",3,24,0,0,0
"2886",1,2,0,25,1
"2887",0,0,2,0,21
"2888",1,11,9,0,0
"2889",0,4,19,4,0
"2890",6,18,0,2,0
"2891",0,4,16,0,1
"2892",0,1,23,0,0
"2893",0,3,19,0,2
"2894",2,21,0,0,0
"2895",0,0,0,0,0
"2896",2,22,0,0,0
"2897",2,2,0,15,2
"2898",0,5,22,0,0
"2899",0,5,19,0,0
"2900",1,20,1,0,0
"2901",2,1,20,2,0
"2902",0,22,1,1,0
"2903",0,0,21,6,0
"2904",0,0,18,1,5
"2905",1,0,0,1,25
"2906",4,22,3,0,0
"2907",3,1,19,1,2
"2908",1,2,2,16,0
"2909",0,0,2,0,0
"2910",0,9,15,0,3
"2911",0,3,25,0,0
"2912",3,0,2,3,9
"2913",0,4,1,0,18
"2914",0,4,20,0,0
"2915",0,2,20,0,2
"2916",2,2,18,0,2
"2917",0,0,2,3,19
"2918",1,0,25,0,0
"2919",0,0,25,0,0
"2920",1,2,19,0,0
"2921",0,3,1,0,22
"2922",1,2,20,0,0
"2923",0,0,4,2,18
"2924",4,0,15,1,3
"2925",2,5,14,0,0
"2926",0,6,18,0,0
"2927",9,12,5,0,0
"2928",0,0,23,3,2
"2929",2,0,18,0,5
"2930",2,20,0,0,1
"2931",1,3,0,12,5
"2932",0,0,1,0,23
"2933",1,0,1,2,22
"2934",2,20,1,0,1
"2935",0,2,1,8,8
"2936",2,0,2,0,0
"2937",2,0,26,0,0
"2938",2,22,3,0,0
"2939",2,0,0,22,2
"2940",1,2,18,1,0
"2941",0,3,0,19,3
"2942",0,1,16,6,0
"2943",0,0,27,0,2
"2944",8,16,3,0,0
"2945",6,17,0,0,0
"2946",2,15,1,0,1
"2947",0,0,0,17,7
"2948",2,6,18,0,0
"2949",0,0,3,3,19
"2950",0,1,4,15,3
"2951",0,1,0,0,0
"2952",0,2,1,0,17
"2953",3,17,1,0,3
"2954",0,1,21,3,2
"2955",1,0,2,1,20
"2956",0,0,1,5,15
"2957",0,1,23,0,0
"2958",10,15,2,0,0
"2959",4,12,4,0,0
"2960",2,3,16,0,0
"2961",2,0,10,7,2
"2962",1,0,0,13,8
"2963",1,3,16,5,0
"2964",3,23,0,0,0
"2965",1,20,0,0,1
"2966",0,2,1,2,21
"2967",0,4,19,0,0
"2968",0,4,13,3,0
"2969",0,21,2,0,0
"2970",1,0,14,8,0
"2971",0,0,1,5,20
"2972",2,2,18,4,0
"2973",0,3,11,7,0
"2974",6,20,0,3,0
"2975",1,4,16,0,0
"2976",0,1,10,11,3
"2977",0,0,2,4,18
"2978",6,18,0,0,0
"2979",0,17,9,0,0
"2980",2,0,0,0,26
"2981",0,5,20,1,0
"2982",0,5,19,0,1
"2983",0,3,16,7,0
"2984",1,3,20,0,0
"2985",0,1,3,20,0
"2986",0,22,4,0,0
"2987",0,0,3,3,20
"2988",2,2,20,2,0
"2989",0,3,20,0,0
"2990",4,21,0,0,0
"2991",0,8,12,0,0
"2992",0,2,23,3,0
"2993",2,9,6,1,1
"2994",0,3,21,0,2
"2995",1,2,2,20,0
"2996",3,16,0,6,0
"2997",2,1,18,0,0
"2998",0,4,23,0,1
"2999",1,26,2,0,0
"3000",2,21,1,0,0
"3001",2,0,25,0,0
"3002",0,2,25,0,0
"3003",4,1,23,0,0
"3004",19,4,0,0,0
"3005",2,24,1,0,0
"3006",2,1,0,19,2
"3007",0,2,24,1,0
"3008",7,18,4,0,0
"3009",0,0,2,3,21
"3010",1,2,4,0,19
"3011",5,18,0,0,0
"3012",1,0,1,0,17
"3013",0,0,4,20,1
"3014",1,0,24,3,0
"3015",5,4,14,0,0
"3016",1,0,2,10,6
"3017",3,15,2,0,0
"3018",0,2,0,3,16
"3019",6,17,2,0,0
"3020",1,2,15,2,0
"3021",0,0,13,13,0
"3022",0,0,2,2,19
"3023",0,0,2,2,20
"3024",3,4,17,0,1
"3025",2,4,25,0,0
"3026",1,0,2,25,0
"3027",1,1,1,12,2
"3028",0,0,2,1,21
"3029",0,5,12,1,0
"3030",1,20,1,2,0
"3031",3,0,23,0,0
"3032",1,6,14,0,0
"3033",0,2,23,0,0
"3034",0,1,2,13,9
"3035",0,2,9,12,0
"3036",0,1,0,0,0
"3037",5,23,0,0,0
"3038",0,1,0,2,22
"3039",0,1,1,2,20
"3040",0,2,0,22,0
"3041",3,16,0,1,0
"3042",0,26,0,3,0
"3043",5,18,2,0,0
"3044",3,1,21,0,4
"3045",1,1,22,2,3
"3046",0,2,0,3,19
"3047",0,2,2,0,22
"3048",2,2,17,2,0
"3049",1,3,0,0,21
"3050",2,5,17,0,0
"3051",0,0,7,17,2
"3052",2,2,21,3,0
"3053",2,1,21,0,0
"3054",0,17,4,0,0
"3055",1,3,18,4,0
"3056",4,14,1,0,0
"3057",2,0,2,5,16
"3058",4,0,20,0,0
"3059",0,2,1,0,15
"3060",0,1,26,0,0
"3061",0,7,16,0,0
"3062",4,17,2,0,0
"3063",1,4,2,16,0
"3064",0,6,20,3,0
"3065",2,3,16,0,0
"3066",1,2,25,0,0
"3067",0,0,7,10,8
"3068",5,22,0,0,0
"3069",3,0,19,5,2
"3070",5,14,3,0,0
"3071",1,2,17,0,0
"3072",0,29,0,0,2
"3073",2,0,7,4,0
"3074",1,0,2,19,0
"3075",0,0,4,19,0
"3076",8,20,0,0,0
"3077",4,4,17,0,0
"3078",0,0,2,0,0
"3079",0,2,0,0,0
"3080",0,0,1,4,16
"3081",0,0,2,2,19
"3082",0,5,19,0,0
"3083",2,1,16,2,2
"3084",0,3,18,7,0
"3085",2,21,0,0,0
"3086",2,0,27,0,0
"3087",1,22,5,0,0
"3088",0,3,17,0,1
"3089",0,0,3,4,15
"3090",0,2,1,11,12
"3091",3,22,0,0,2
"3092",0,2,4,21,1
"3093",2,1,24,0,0
"3094",5,0,16,0,0
"3095",2,25,0,0,0
"3096",0,5,25,3,0
"3097",0,2,3,15,3
"3098",0,0,5,20,1
"3099",0,7,15,0,0
"3100",2,2,24,0,0
"3101",0,6,21,0,0
"3102",2,20,3,0,1
"3103",2,25,1,0,0
"3104",2,2,20,0,0
"3105",3,0,20,0,1
"3106",0,0,4,2,21
"3107",5,23,0,2,0
"3108",0,1,23,0,0
"3109",0,0,1,0,22
"3110",4,0,17,0,1
"3111",1,2,0,0,23
"3112",0,3,8,10,2
"3113",0,19,4,0,0
"3114",0,5,19,0,0
"3115",2,2,15,0,2
"3116",0,1,25,1,0
"3117",0,5,21,0,0
"3118",1,11,8,0,0
"3119",1,3,1,18,0
"3120",0,0,2,7,19
"3121",1,1,2,0,21
"3122",0,0,10,10,5
"3123",0,3,25,0,0
"3124",2,0,0,0,0
"3125",0,3,19,0,3
"3126",0,3,16,3,0
"3127",9,17,0,0,0
"3128",0,24,0,2,3
"3129",2,23,2,0,0
"3130",0,24,0,0,0
"3131",0,0,2,21,6
"3132",2,16,5,0,0
"3133",4,19,1,0,0
"3134",2,2,22,0,0
"3135",6,25,0,0,0
"3136",1,0,21,0,0
"3137",2,13,3,0,0
"3138",0,2,0,2,18
"3139",0,2,2,0,21
"3140",0,0,25,0,0
"3141",0,0,1,0,21
"3142",1,2,0,17,0
"3143",1,2,1,3,17
"3144",0,2,0,0,0
"3145",2,4,20,0,0
"3146",1,0,15,12,1
"3147",0,2,6,0,17
"3148",1,0,0,22,0
"3149",0,23,0,1,0
"3150",1,20,3,0,0
"3151",0,2,22,1,0
"3152",0,3,0,1,17
"3153",0,0,8,13,3
"3154",0,3,7,7,3
"3155",3,22,0,0,0
"3156",3,0,22,0,0
"3157",2,3,19,0,0
"3158",3,0,22,0,3
"3159",0,13,3,2,0
"3160",0,4,17,2,3
"3161",0,1,0,20,3
"3162",2,2,20,0,3
"3163",3,3,16,3,0
"3164",0,4,2,15,0
"3165",1,1,1,20,2
"3166",7,1,13,0,0
"3167",0,0,7,16,0
"3168",0,5,19,0,0
"3169",0,2,24,0,1
"3170",0,4,17,3,0
"3171",0,6,14,2,0
"3172",2,24,2,0,0
"3173",0,0,3,12,3
"3174",0,1,3,13,7
"3175",0,7,16,0,0
"3176",1,3,20,0,0
"3177",1,0,18,4,0
"3178",0,25,0,0,1
"3179",0,0,3,19,3
"3180",2,26,0,0,0
"3181",0,4,0,1,19
"3182",0,3,1,1,18
"3183",0,25,6,0,0
"3184",0,0,22,0,3
"3185",0,1,2,17,1
"3186",1,4,21,0,0
"3187",0,5,16,0,0
"3188",0,24,4,0,0
"3189",0,0,1,13,10
"3190",0,5,20,0,0
"3191",2,23,0,0,2
"3192",2,1,1,2,14
"3193",0,1,0,0,19
"3194",5,16,3,0,0
"3195",0,2,12,6,0
"3196",2,0,25,0,0
"3197",0,3,23,2,2
"3198",2,19,2,0,0
"3199",0,0,25,0,1
"3200",1,2,1,19,0
"3201",2,26,0,0,0
"3202",2,3,19,0,0
"3203",0,5,1,9,8
"3204",0,0,9,7,1
"3205",0,0,3,16,6
"3206",0,0,4,2,14
"3207",1,8,11,0,0
"3208",0,26,0,0,1
"3209",0,3,19,0,0
"3210",2,16,5,0,0
"3211",3,25,2,0,0
"3212",1,0,23,0,0
"3213",0,1,21,0,0
"3214",0,15,7,0,0
"3215",3,0,0,4,14
"3216",0,0,1,1,16
"3217",0,28,0,0,0
"3218",0,0,3,18,3
"3219",3,1,22,0,0
"3220",2,2,12,5,0
"3221",2,1,1,3,18
"3222",3,0,21,3,0
"3223",3,1,19,4,0
"3224",6,19,0,0,0
"3225",0,2,9,13,0
"3226",0,0,3,21,0
"3227",0,3,0,20,2
"3228",0,0,4,20,2
"3229",1,0,10,10,5
"3230",4,20,0,0,0
"3231",2,2,0,1,15
"3232",0,0,3,24,0
"3233",0,3,24,0,0
"3234",0,1,0,2,16
"3235",3,0,24,2,0
"3236",0,2,23,0,0
"3237",0,2,0,5,19
"3238",0,0,3,19,3
"3239",1,17,4,2,0
"3240",3,2,19,2,0
"3241",0,19,7,0,0
"3242",0,3,20,5,0
"3243",5,2,9,1,0
"3244",0,0,27,0,3
"3245",0,3,27,0,0
"3246",3,11,7,0,0
"3247",0,2,20,2,0
"3248",6,17,2,0,0
"3249",2,21,0,1,2
"3250",0,2,0,7,10
"3251",0,2,3,21,0
"3252",0,2,24,0,4
"3253",1,0,3,20,0
"3254",0,0,2,0,0
"3255",0,2,0,14,4
"3256",1,1,4,11,4
"3257",0,2,19,3,0
"3258",0,3,22,0,0
"3259",2,2,22,0,0
"3260",2,3,18,2,0
"3261",1,12,8,0,0
"3262",1,0,1,12,9
"3263",0,2,22,0,0
"3264",6,15,0,0,0
"3265",0,8,19,0,0
"3266",5,22,0,2,0
"3267",3,0,0,0,21
"3268",1,0,21,2,0
"3269",1,3,2,3,15
"3270",0,2,23,0,0
"3271",0,0,21,5,0
"3272",0,25,0,0,0
"3273",6,19,0,0,0
"3274",0,6,2,14,1
"3275",2,22,3,0,0
"3276",0,1,2,2,19
"3277",3,18,2,0,0
"3278",4,0,18,3,0
"3279",0,4,21,0,0
"3280",0,3,17,4,2
"3281",1,0,21,2,1
"3282",0,2,17,1,0
"3283",0,2,22,0,1
"3284",2,18,1,1,0
"3285",2,0,17,0,4
"3286",0,28,0,1,0
"3287",0,0,19,3,1
"3288",4,0,18,0,3
"3289",3,6,10,0,4
"3290",0,1,0,3,20
"3291",1,22,2,0,0
"3292",0,0,4,15,8
"3293",0,1,0,14,7
"3294",0,21,4,0,0
"3295",2,2,24,0,0
"3296",1,0,3,20,2
"3297",0,0,2,20,4
"3298",0,3,7,1,12
"3299",3,19,5,0,0
"3300",0,3,20,1,3
"3301",2,17,5,0,0
"3302",2,20,2,3,0
"3303",0,4,17,2,2
"3304",0,2,0,1,20
"3305",4,11,9,0,0
"3306",2,1,0,23,0
"3307",1,0,1,3,20
"3308",2,0,17,2,2
"3309",0,2,16,4,0
"3310",0,4,8,13,0
"3311",5,12,1,0,0
"3312",0,1,22,3,3
"3313",1,23,0,0,0
"3314",2,2,1,14,2
"3315",0,0,1,2,18
"3316",0,2,2,3,18
"3317",1,3,19,2,3
"3318",0,0,2,16,4
"3319",0,0,6,7,11
"3320",0,0,29,0,0
"3321",1,2,22,0,0
"3322",2,1,21,0,2
"3323",0,0,2,2,20
"3324",0,1,22,1,0
"3325",0,0,1,17,2
"3326",0,3,10,6,0
"3327",0,5,18,0,0
"3328",2,2,16,0,4
"3329",0,2,5,9,5
"3330",3,1,17,1,0
"3331",1,6,21,0,0
"3332",0,0,2,8,18
"3333",0,2,0,9,18
"3334",0,0,3,4,11
"3335",0,2,19,1,1
"3336",0,1,5,16,3
"3337",0,2,20,3,3
"3338",0,1,23,2,5
"3339",1,0,26,0,0
"3340",0,3,23,0,0
"3341",0,1,4,16,1
"3342",0,21,0,1,1
"3343",3,24,0,0,0
"3344",0,0,2,3,24
"3345",1,15,2,2,0
"3346",3,0,22,4,0
"3347",0,0,24,2,0
"3348",1,21,0,0,3
"3349",3,5,10,3,0
"3350",0,2,19,1,0
"3351",1,18,2,0,0
"3352",6,12,5,1,0
"3353",7,15,0,0,0
"3354",3,22,4,0,0
"3355",0,1,24,2,0
"3356",0,1,2,3,18
"3357",1,0,5,13,0
"3358",0,0,2,16,0
"3359",5,22,0,0,0
"3360",6,19,0,0,0
"3361",0,0,1,3,20
"3362",0,2,0,10,5
"3363",0,1,18,2,0
"3364",0,0,2,2,21
"3365",0,2,0,0,0
"3366",0,5,24,0,0
"3367",2,3,16,0,0
"3368",2,0,6,10,0
"3369",1,3,17,3,0
"3370",3,0,20,3,1
"3371",0,0,0,3,19
"3372",0,1,0,0,0
"3373",0,3,3,18,0
"3374",2,0,23,0,4
"3375",0,0,20,5,0
"3376",0,24,4,0,0
"3377",0,0,7,14,2
"3378",2,23,3,0,0
"3379",1,2,20,0,0
"3380",1,0,5,8,5
"3381",1,4,22,0,0
"3382",0,0,29,0,1
"3383",0,0,0,4,19
"3384",0,2,2,0,22
"3385",2,2,18,4,0
"3386",0,3,2,13,2
"3387",2,1,0,12,9
"3388",0,4,18,0,0
"3389",0,24,0,0,0
"3390",3,6,6,0,0
"3391",2,21,4,0,0
"3392",0,1,3,18,1
"3393",1,2,7,10,0
"3394",0,1,20,2,0
"3395",1,0,2,7,12
"3396",0,3,12,5,0
"3397",3,0,15,1,0
"3398",0,0,3,2,21
"3399",3,21,2,0,0
"3400",0,0,4,1,19
"3401",3,24,0,2,0
"3402",0,0,20,3,3
"3403",3,20,0,0,0
"3404",2,3,20,2,0
"3405",1,22,0,0,0
"3406",0,6,19,0,0
"3407",0,2,0,0,0
"3408",0,0,1,6,18
"3409",0,2,0,2,19
"3410",0,0,21,2,1
"3411",1,4,22,0,0
"3412",1,3,22,0,0
"3413",8,19,3,0,0
"3414",0,2,23,2,0
"3415",0,2,0,4,20
"3416",2,2,14,0,0
"3417",0,0,5,20,0
"3418",2,5,17,0,0
"3419",2,0,19,0,2
"3420",0,23,5,0,0
"3421",2,8,14,0,0
"3422",0,26,3,0,0
"3423",0,1,4,1,15
"3424",0,4,0,17,2
"3425",0,24,1,0,0
"3426",0,2,2,2,22
"3427",1,0,4,0,21
"3428",0,6,17,0,0
"3429",0,1,2,6,16
"3430",4,1,22,0,0
"3431",4,18,3,0,0
"3432",2,1,16,3,1
"3433",0,2,19,3,2
"3434",0,0,4,4,6
"3435",3,6,15,0,0
"3436",0,0,23,0,0
"3437",0,4,18,0,3
"3438",3,14,6,1,0
"3439",0,3,2,24,0
"3440",0,3,1,0,22
"3441",3,0,21,2,2
"3442",19,4,0,0,0
"3443",4,0,18,0,2
"3444",0,0,21,2,5
"3445",2,1,18,0,3
"3446",0,1,3,16,0
"3447",0,24,3,0,0
"3448",0,1,0,2,22
"3449",0,4,22,0,2
"3450",6,18,2,0,0
"3451",2,0,5,10,2
"3452",3,2,20,1,0
"3453",0,3,26,0,0
"3454",0,0,2,1,17
"3455",0,2,3,20,0
"3456",0,0,23,4,0
"3457",4,22,2,0,0
"3458",0,22,4,0,0
"3459",2,0,16,4,0
"3460",3,21,0,0,0
"3461",2,2,16,2,2
"3462",1,2,0,21,2
"3463",2,19,5,0,1
"3464",0,2,3,18,5
"3465",0,2,1,0,22
"3466",0,7,16,0,0
"3467",0,0,2,1,18
"3468",1,0,4,3,18
"3469",0,2,22,1,0
"3470",0,2,20,3,2
"3471",5,21,3,0,0
"3472",1,0,2,0,25
"3473",5,5,13,2,0
"3474",0,0,5,15,4
"3475",0,0,3,13,6
"3476",0,4,1,0,24
"3477",0,0,3,4,19
"3478",2,8,10,0,0
"3479",0,4,12,1,0
"3480",0,2,2,0,22
"3481",2,0,24,0,0
"3482",2,1,7,9,0
"3483",0,0,7,4,13
"3484",0,0,3,1,18
"3485",0,3,17,0,0
"3486",2,4,14,1,0
"3487",3,20,3,0,0
"3488",1,2,21,0,0
"3489",2,2,19,0,2
"3490",3,24,0,0,0
"3491",1,0,15,3,3
"3492",1,4,17,2,0
"3493",3,2,17,2,0
"3494",0,4,0,22,0
"3495",0,0,1,1,24
"3496",0,3,15,4,1
"3497",1,2,20,0,0
"3498",0,1,21,3,0
"3499",3,12,6,0,0
"3500",1,21,0,0,0
"3501",0,1,18,1,2
"3502",1,0,18,2,0
"3503",2,6,14,0,0
"3504",0,17,5,0,0
"3505",1,0,2,26,0
"3506",0,3,25,2,0
"3507",0,3,25,0,2
"3508",1,2,22,0,0
"3509",1,1,2,0,15
"3510",0,18,1,1,0
"3511",2,2,21,4,0
"3512",1,0,17,0,0
"3513",0,1,2,1,19
"3514",1,0,25,2,0
"3515",0,2,0,11,12
"3516",1,3,2,18,0
"3517",0,3,0,2,22
"3518",1,2,21,0,2
"3519",3,4,19,0,0
"3520",0,2,0,9,12
"3521",0,0,3,25,0
"3522",0,2,0,0,0
"3523",0,1,5,19,0
"3524",3,12,5,2,0
"3525",7,20,0,0,0
"3526",0,0,3,2,18
"3527",3,2,19,0,0
"3528",2,0,25,0,0
"3529",0,3,5,15,0
"3530",0,4,21,3,0
"3531",1,0,0,20,2
"3532",2,4,10,4,0
"3533",4,20,1,0,0
"3534",1,1,1,14,1
"3535",0,3,19,1,0
"3536",2,2,8,9,0
"3537",0,2,5,12,1
"3538",0,4,22,0,0
"3539",0,0,2,5,15
"3540",1,0,20,1,0
"3541",0,0,2,19,3
"3542",0,22,2,0,0
"3543",2,3,8,5,3
"3544",0,4,25,0,0
"3545",1,0,2,22,2
"3546",2,18,5,0,0
"3547",0,22,2,3,0
"3548",1,0,1,3,18
"3549",0,20,3,0,0
"3550",0,1,18,0,0
"3551",2,1,25,0,0
"3552",0,0,22,1,1
"3553",0,2,7,13,0
"3554",0,3,6,10,0
"3555",0,1,1,19,1
"3556",0,1,0,7,17
"3557",0,3,6,10,0
"3558",0,5,5,9,2
"3559",1,3,15,3,0
"3560",3,21,2,0,0
"3561",0,4,20,0,0
"3562",4,0,25,0,3
"3563",0,2,0,5,15
"3564",1,2,18,0,0
"3565",0,4,2,18,2
"3566",0,3,23,0,0
"3567",1,4,16,0,0
"3568",2,0,22,0,0
"3569",0,2,20,2,3
"3570",0,4,19,0,0
"3571",4,23,0,0,0
"3572",0,3,21,0,0
"3573",1,2,9,11,0
"3574",4,0,19,3,0
"3575",0,0,29,0,0
"3576",0,1,18,2,1
"3577",0,4,1,12,4
"3578",2,3,18,0,0
"3579",0,1,26,2,0
"3580",0,3,17,3,0
"3581",4,0,18,0,3
"3582",0,0,3,2,18
"3583",0,0,3,1,16
"3584",1,0,2,3,18
"3585",0,2,0,0,0
"3586",0,2,20,0,1
"3587",2,0,19,2,0
"3588",2,0,1,1,16
"3589",0,6,18,1,0
"3590",1,0,2,7,14
"3591",0,0,3,4,21
"3592",0,4,18,0,0
"3593",0,2,19,2,2
"3594",3,26,1,0,0
"3595",3,0,16,5,3
"3596",0,3,21,0,0
"3597",0,3,22,0,0
"3598",2,0,3,7,10
"3599",2,23,0,2,0
"3600",0,3,19,2,3
"3601",0,0,2,15,2
"3602",0,0,2,3,16
"3603",3,16,2,2,0
"3604",2,3,22,3,0
"3605",2,0,20,3,0
"3606",0,5,16,1,0
"3607",3,0,25,3,3
"3608",1,2,19,2,0
"3609",0,4,21,0,0
"3610",0,0,24,2,0
"3611",0,2,0,0,0
"3612",5,22,2,0,0
"3613",0,3,24,0,0
"3614",0,1,25,0,0
"3615",3,21,1,2,0
"3616",1,0,20,1,3
"3617",0,3,18,0,1
"3618",5,24,0,0,2
"3619",3,13,6,0,1
"3620",0,3,0,4,13
"3621",4,20,3,0,0
"3622",0,0,1,4,20
"3623",1,21,0,0,2
"3624",1,2,0,21,1
"3625",2,20,3,0,0
"3626",3,2,21,0,0
"3627",0,1,0,6,22
"3628",0,1,24,0,0
"3629",0,25,5,0,0
"3630",2,2,21,3,0
"3631",3,3,16,2,0
"3632",3,16,3,0,0
"3633",0,25,1,0,0
"3634",1,25,1,1,0
"3635",0,2,19,3,0
"3636",2,3,15,0,0
"3637",2,20,0,1,2
"3638",2,2,19,0,5
"3639",2,1,1,19,0
"3640",3,22,1,0,0
"3641",0,13,9,0,0
"3642",2,0,1,16,2
"3643",1,1,14,4,2
"3644",1,14,10,0,0
"3645",0,0,3,2,18
"3646",1,0,17,2,2
"3647",1,2,0,18,1
"3648",1,20,1,1,0
"3649",0,1,13,5,3
"3650",2,22,0,3,2
"3651",4,20,3,0,0
"3652",0,14,8,0,0
"3653",4,13,3,0,0
"3654",1,19,1,0,0
"3655",0,0,5,14,2
"3656",2,2,20,0,1
"3657",0,0,5,6,6
"3658",0,2,25,0,0
"3659",0,2,0,4,23
"3660",2,0,27,0,0
"3661",0,1,20,0,0
"3662",6,22,0,0,0
"3663",5,2,18,0,2
"3664",0,24,0,3,2
"3665",2,2,2,13,0
"3666",0,2,2,19,1
"3667",0,14,9,0,0
"3668",0,2,6,14,0
"3669",0,3,1,1,23
"3670",1,0,11,7,0
"3671",0,2,5,15,2
"3672",4,20,2,0,0
"3673",1,3,17,4,0
"3674",4,21,0,0,0
"3675",2,0,1,20,2
"3676",0,4,18,3,0
"3677",0,3,24,0,0
"3678",15,3,0,0,0
"3679",0,2,1,0,11
"3680",1,9,15,0,0
"3681",2,0,19,0,4
"3682",0,4,21,0,2
"3683",0,23,0,0,0
"3684",0,2,21,0,1
"3685",0,0,6,20,0
"3686",0,0,6,1,14
"3687",0,2,20,0,3
"3688",0,3,1,0,22
"3689",2,1,16,0,0
"3690",4,0,20,2,0
"3691",0,3,15,2,0
"3692",1,3,19,0,1
"3693",0,2,2,3,18
"3694",0,0,4,21,2
"3695",0,0,4,18,1
"3696",2,2,23,0,0
"3697",0,6,18,0,4
"3698",0,6,17,0,0
"3699",2,2,18,2,0
"3700",4,19,0,0,0
"3701",0,0,3,2,17
"3702",0,0,2,2,15
"3703",7,18,0,0,2
"3704",1,0,0,1,23
"3705",1,2,18,0,1
"3706",0,0,4,16,3
"3707",0,2,3,11,10
"3708",2,0,2,1,15
"3709",0,19,2,0,0
"3710",1,0,1,2,16
"3711",0,3,8,7,1
"3712",0,1,24,1,0
"3713",0,2,18,5,0
"3714",1,0,1,4,19
"3715",0,3,0,19,7
"3716",0,1,2,0,19
"3717",0,0,2,2,18
"3718",2,2,22,0,0
"3719",0,0,2,25,0
"3720",3,16,3,0,0
"3721",0,0,22,2,0
"3722",0,2,17,3,1
"3723",3,1,20,1,0
"3724",0,0,6,15,0
"3725",2,2,20,0,0
"3726",0,0,2,8,12
"3727",2,0,23,0,2
"3728",5,20,3,0,0
"3729",0,3,20,3,0
"3730",1,5,16,0,0
"3731",3,2,16,0,2
"3732",0,1,2,1,18
"3733",0,4,19,0,0
"3734",1,0,20,5,0
"3735",0,6,18,0,0
"3736",3,20,1,0,0
"3737",0,2,4,18,0
"3738",3,19,0,2,3
"3739",0,0,2,28,2
"3740",0,0,5,1,18
"3741",1,0,0,1,19
"3742",2,0,18,0,2
"3743",1,23,0,0,0
"3744",1,0,1,25,2
"3745",2,22,0,4,0
"3746",3,6,14,0,0
"3747",0,21,4,1,0
"3748",2,2,15,3,0
"3749",1,0,4,6,11
"3750",0,4,22,0,0
"3751",2,2,19,0,0
"3752",4,1,19,0,0
"3753",4,0,21,0,2
"3754",0,0,11,8,3
"3755",0,6,17,0,0
"3756",1,3,22,0,3
"3757",0,0,4,0,21
"3758",0,2,22,1,0
"3759",0,0,0,2,19
"3760",0,0,7,20,0
"3761",3,0,21,3,0
"3762",5,21,3,0,1
"3763",0,4,19,2,0
"3764",0,17,2,3,2
"3765",1,18,6,0,0
"3766",0,2,3,2,17
"3767",3,19,3,0,0
"3768",0,1,14,2,3
"3769",1,2,0,4,19
"3770",3,18,6,0,0
"3771",1,3,22,0,0
"3772",3,1,0,20,3
"3773",18,4,0,0,0
"3774",2,0,0,6,14
"3775",0,25,0,2,2
"3776",1,0,2,17,1
"3777",0,3,20,0,0
"3778",0,0,29,0,0
"3779",1,0,3,4,15
"3780",2,2,21,0,0
"3781",3,21,1,0,0
"3782",0,0,10,10,4
"3783",0,20,0,0,0
"3784",1,0,1,21,2
"3785",1,5,19,0,0
"3786",4,13,6,0,0
"3787",3,21,1,3,0
"3788",2,2,18,2,1
"3789",0,1,0,22,0
"3790",0,4,14,3,2
"3791",0,4,14,2,3
"3792",1,26,0,0,0
"3793",0,2,0,21,4
"3794",0,2,2,0,22
"3795",1,2,0,1,24
"3796",0,17,5,0,0
"3797",0,0,4,0,24
"3798",0,1,2,17,1
"3799",2,23,0,1,0
"3800",5,20,4,0,0
"3801",1,0,3,3,12
"3802",0,4,12,5,0
"3803",0,2,3,17,0
"3804",2,1,18,0,0
"3805",4,0,21,0,0
"3806",0,5,21,0,0
"3807",0,1,0,0,20
"3808",1,3,17,0,0
"3809",0,2,24,0,3
"3810",0,0,2,23,0
"3811",3,2,20,0,0
"3812",2,2,22,0,0
"3813",1,0,19,0,0
"3814",1,0,1,0,17
"3815",0,0,22,2,6
"3816",1,21,0,0,0
"3817",2,0,24,0,2
"3818",1,0,5,14,0
"3819",1,12,7,0,0
"3820",1,5,21,3,0
"3821",0,3,22,0,1
"3822",0,3,0,12,6
"3823",0,16,3,0,0
"3824",2,2,0,21,0
"3825",0,3,21,2,0
"3826",0,2,22,2,0
"3827",4,22,0,0,0
"3828",3,15,3,1,0
"3829",2,8,15,0,0
"3830",3,0,20,0,2
"3831",0,2,2,19,1
"3832",2,23,2,0,0
"3833",0,0,2,0,19
"3834",2,2,16,0,2
"3835",0,4,20,2,0
"3836",0,0,2,19,1
"3837",0,0,6,0,17
"3838",0,0,17,9,0
"3839",0,29,0,0,0
"3840",0,7,16,0,1
"3841",4,14,2,0,0
"3842",0,0,3,2,18
"3843",0,0,21,2,0
"3844",9,12,0,0,0
"3845",1,13,7,0,0
"3846",0,4,19,3,0
"3847",0,0,1,0,20
"3848",0,3,5,7,8
"3849",2,18,2,0,0
"3850",0,2,27,0,0
"3851",4,15,3,0,0
"3852",0,3,26,0,1
"3853",0,1,0,3,23
"3854",2,3,14,0,2
"3855",3,26,0,0,0
"3856",0,0,24,3,3
"3857",1,0,21,0,0
"3858",0,23,2,2,0
"3859",0,1,0,24,0
"3860",0,3,0,2,19
"3861",8,16,3,0,0
"3862",2,0,20,0,4
"3863",1,21,4,0,0
"3864",2,3,18,0,0
"3865",0,5,16,0,4
"3866",2,5,22,0,0
"3867",7,16,0,0,0
"3868",7,18,0,2,0
"3869",0,2,0,0,22
"3870",1,2,19,0,2
"3871",2,0,25,2,0
"3872",0,1,22,3,0
"3873",1,3,16,2,0
"3874",5,16,5,0,0
"3875",3,16,2,0,1
"3876",0,4,20,0,0
"3877",2,0,2,0,23
"3878",0,3,23,1,2
"3879",6,23,0,0,3
"3880",0,0,3,2,20
"3881",3,1,3,12,0
"3882",5,15,3,0,0
"3883",0,1,0,0,0
"3884",0,1,1,12,2
"3885",3,6,15,0,0
"3886",0,0,4,0,20
"3887",0,0,21,3,2
"3888",2,1,21,0,0
"3889",2,5,13,0,2
"3890",1,22,1,0,0
"3891",2,0,19,3,2
"3892",0,4,1,13,4
"3893",0,4,0,0,22
"3894",1,0,17,4,5
"3895",3,6,16,0,0
"3896",0,2,3,0,20
"3897",2,2,22,0,0
"3898",1,0,4,15,5
"3899",8,17,0,0,0
"3900",0,3,2,7,14
"3901",0,0,1,21,0
"3902",3,22,0,0,0
"3903",1,3,0,4,9
"3904",1,6,15,3,0
"3905",3,20,0,0,0
"3906",0,2,3,15,2
"3907",0,0,5,6,12
"3908",0,3,2,0,21
"3909",0,4,23,0,0
"3910",2,2,23,0,0
"3911",0,25,0,1,0
"3912",4,0,21,0,0
"3913",0,0,4,22,3
"3914",1,25,0,0,0
"3915",0,3,0,0,0
"3916",0,0,3,1,26
"3917",0,2,26,0,0
"3918",3,22,0,0,0
"3919",0,1,3,13,3
"3920",1,0,11,10,0
"3921",1,0,5,13,6
"3922",0,4,19,2,0
"3923",2,1,17,1,1
"3924",0,2,2,15,0
"3925",0,3,26,0,0
"3926",1,0,23,0,0
"3927",0,1,0,2,21
"3928",0,0,3,1,24
"3929",1,1,0,15,5
"3930",0,0,2,4,18
"3931",1,3,11,6,0
"3932",0,24,0,1,0
"3933",0,3,0,0,0
"3934",0,25,5,0,0
"3935",0,3,23,0,2
"3936",0,0,2,24,2
"3937",0,0,2,0,21
"3938",0,25,2,0,0
"3939",0,3,22,0,0
"3940",0,2,20,1,0
"3941",0,0,23,3,5
"3942",0,3,25,0,2
"3943",0,2,24,2,1
"3944",0,0,24,3,0
"3945",7,21,0,0,0
"3946",5,2,19,0,0
"3947",1,3,24,0,0
"3948",0,1,16,4,3
"3949",0,0,2,26,1
"3950",0,0,6,11,0
"3951",1,2,0,19,0
"3952",0,4,19,0,2
"3953",3,1,22,0,0
"3954",0,2,16,3,0
"3955",0,6,17,2,0
"3956",4,10,8,0,0
"3957",2,19,3,0,0
"3958",4,0,21,2,0
"3959",0,2,1,0,20
"3960",0,2,4,16,0
"3961",0,8,18,0,0
"3962",1,2,0,8,16
"3963",0,0,21,2,0
"3964",0,3,22,1,0
"3965",0,2,0,3,16
"3966",1,0,0,0,21
"3967",3,23,4,0,0
"3968",1,13,2,1,0
"3969",0,1,19,4,0
"3970",0,0,22,3,0
"3971",1,28,0,0,0
"3972",0,2,20,0,2
"3973",0,0,2,3,19
"3974",6,22,2,0,0
"3975",1,0,8,13,0
"3976",2,23,0,2,0
"3977",0,20,1,0,0
"3978",3,0,22,0,2
"3979",2,2,23,0,0
"3980",0,25,1,0,0
"3981",0,0,3,3,17
"3982",0,0,1,22,1
"3983",2,11,9,0,0
"3984",0,2,2,10,12
"3985",0,0,2,24,2
"3986",3,1,18,2,2
"3987",1,3,24,0,0
"3988",0,28,3,0,0
"3989",3,18,1,1,2
"3990",0,6,16,0,2
"3991",0,5,17,0,1
"3992",2,2,19,0,0
"3993",0,1,23,0,0
"3994",0,0,7,17,0
"3995",0,2,0,2,20
"3996",2,0,13,0,10
"3997",2,11,4,0,0
"3998",0,1,1,0,20
"3999",4,24,0,0,0
"4000",0,22,2,3,0
"4001",4,19,1,0,0
"4002",6,23,3,0,0
"4003",0,5,20,0,0
"4004",0,3,21,0,0
"4005",0,3,17,0,5
"4006",2,10,16,0,0
"4007",3,4,17,0,0
"4008",0,0,3,19,1
"4009",0,4,20,2,0
"4010",0,2,2,18,1
"4011",5,24,0,0,0
"4012",7,13,2,0,0
"4013",1,2,10,9,0
"4014",4,9,6,0,0
"4015",0,22,0,0,0
"4016",1,3,20,3,0
"4017",0,1,0,14,7
"4018",2,2,16,2,3
"4019",1,0,1,2,16
"4020",2,18,0,0,1
"4021",3,21,1,0,0
"4022",1,1,2,17,2
"4023",2,0,23,3,0
"4024",1,20,2,0,0
"4025",3,21,1,0,0
"4026",3,3,15,0,2
"4027",0,2,23,0,0
"4028",1,0,2,23,3
"4029",2,24,1,3,0
"4030",0,0,0,5,16
"4031",0,4,17,3,0
"4032",1,0,3,19,4
"4033",3,0,17,0,1
"4034",0,0,2,14,5
"4035",0,2,21,4,0
"4036",0,3,21,0,0
"4037",2,5,17,0,0
"4038",5,8,11,0,0
"4039",1,0,0,3,21
"4040",0,9,15,0,0
"4041",0,0,3,2,21
"4042",0,25,2,0,0
"4043",0,1,25,2,0
"4044",1,1,2,2,18
"4045",0,0,25,0,0
"4046",2,0,0,7,14
"4047",0,3,21,3,0
"4048",0,3,10,9,0
"4049",0,0,2,7,15
"4050",0,0,23,0,0
"4051",0,1,18,4,0
"4052",0,6,0,3,16
"4053",1,0,2,2,19
"4054",0,26,0,3,3
"4055",1,1,2,19,0
"4056",5,17,5,0,0
"4057",1,0,18,5,0
"4058",0,4,4,14,2
"4059",1,0,0,0,0
"4060",5,17,0,1,0
"4061",2,0,19,0,0
"4062",2,0,4,15,0
"4063",0,0,3,1,25
"4064",0,2,0,0,0
"4065",3,4,15,0,0
"4066",0,3,2,22,0
"4067",0,2,20,1,0
"4068",2,0,21,3,3
"4069",6,22,1,0,0
"4070",3,2,18,0,1
"4071",3,19,2,0,0
"4072",2,0,19,1,0
"4073",0,0,1,15,2
"4074",0,0,22,3,0
"4075",5,7,9,0,0
"4076",0,28,0,0,0
"4077",0,2,21,0,0
"4078",3,0,21,0,0
"4079",0,2,0,2,22
"4080",3,3,16,0,0
"4081",0,6,17,0,0
"4082",0,0,1,5,10
"4083",1,0,4,15,4
"4084",4,0,20,0,0
"4085",1,1,0,0,0
"4086",3,24,1,0,0
"4087",0,0,15,9,4
"4088",0,0,20,0,2
"4089",0,24,0,0,1
"4090",2,2,21,3,2
"4091",0,4,15,0,4
"4092",1,12,7,0,0
"4093",0,0,27,0,2
"4094",2,20,0,0,0
"4095",0,3,21,0,2
"4096",3,2,16,1,0
"4097",0,1,0,4,15
"4098",0,0,4,17,4
"4099",5,21,1,0,0
"4100",0,3,7,8,0
"4101",0,1,1,17,3
"4102",1,0,2,21,0
"4103",1,3,19,0,3
"4104",0,4,19,0,0
"4105",2,1,2,18,0
"4106",3,18,0,3,0
"4107",0,0,4,19,0
"4108",4,2,12,1,0
"4109",0,0,22,0,3
"4110",2,1,2,13,2
"4111",0,0,1,0,17
"4112",2,4,19,0,3
"4113",3,0,23,2,0
"4114",3,18,3,0,0
"4115",1,2,4,16,0
"4116",3,26,0,0,0
"4117",0,1,24,3,0
"4118",0,2,27,0,0
"4119",0,2,2,4,18
"4120",0,0,2,15,0
"4121",1,2,23,0,0
"4122",4,0,17,0,0
"4123",2,24,0,0,0
"4124",1,0,0,9,9
"4125",2,1,16,3,0
"4126",0,3,0,0,0
"4127",0,24,2,0,0
"4128",1,0,10,13,0
"4129",1,5,15,0,0
"4130",3,3,17,0,0
"4131",6,15,2,0,0
"4132",1,0,19,0,0
"4133",0,0,5,5,9
"4134",0,6,20,0,0
"4135",0,3,24,2,0
"4136",0,0,5,20,0
"4137",3,21,0,0,0
"4138",5,19,0,3,0
"4139",3,1,18,1,0
"4140",2,2,18,2,0
"4141",3,6,11,0,0
"4142",0,2,18,1,0
"4143",0,0,3,14,10
"4144",1,0,2,6,11
"4145",1,1,2,12,4
"4146",1,0,0,10,7
"4147",2,2,15,3,1
"4148",1,5,5,4,0
"4149",2,9,13,0,0
"4150",2,3,20,0,3
"4151",1,0,21,2,0
"4152",1,0,0,3,20
"4153",5,7,0,0,0
"4154",0,0,4,17,2
"4155",2,10,11,0,0
"4156",0,3,23,0,2
"4157",0,3,16,5,0
"4158",1,7,13,0,0
"4159",0,2,20,0,0
"4160",1,2,10,5,2
"4161",0,0,0,8,15
"4162",4,20,0,0,0
"4163",0,2,24,0,0
"4164",0,4,19,0,0
"4165",3,20,0,5,0
"4166",2,21,1,0,0
"4167",3,1,21,2,0
"4168",0,24,6,0,0
"4169",1,0,30,0,0
"4170",0,2,1,15,5
"4171",0,2,0,21,3
"4172",0,0,13,7,3
"4173",5,18,2,0,0
"4174",0,2,0,2,17
"4175",2,0,20,0,2
"4176",0,0,2,6,18
"4177",1,5,18,0,1
"4178",0,2,2,0,20
"4179",1,0,0,2,24
"4180",0,3,19,3,0
"4181",2,2,21,2,0
"4182",0,0,1,4,22
"4183",1,0,18,0,1
"4184",2,0,13,7,0
"4185",0,0,5,2,18
"4186",0,0,3,0,20
"4187",2,3,18,0,0
"4188",0,1,19,5,2
"4189",0,1,26,0,0
"4190",0,23,2,0,0
"4191",2,22,1,0,0
"4192",2,0,0,9,17
"4193",0,27,3,0,0
"4194",0,0,3,17,2
"4195",2,0,26,0,2
"4196",0,0,4,1,18
"4197",1,26,0,0,0
"4198",0,2,2,1,20
"4199",0,3,25,2,0
"4200",1,0,19,2,2
"4201",3,18,2,1,0
"4202",5,10,3,0,0
"4203",0,0,5,20,1
"4204",2,3,20,0,0
"4205",3,2,17,0,0
"4206",1,3,24,0,0
"4207",4,3,15,1,0
"4208",0,3,21,3,2
"4209",0,0,7,21,0
"4210",0,1,3,9,7
"4211",0,0,8,18,0
"4212",1,5,13,0,0
"4213",0,22,4,0,0
"4214",13,7,0,0,0
"4215",3,0,0,6,18
"4216",0,2,4,17,0
"4217",0,0,23,0,0
"4218",0,0,11,10,0
"4219",1,1,16,1,1
"4220",0,3,10,11,0
"4221",0,1,15,4,0
"4222",4,9,8,0,0
"4223",2,0,11,4,2
"4224",0,0,28,2,0
"4225",2,0,19,0,0
"4226",0,15,5,0,2
"4227",1,2,19,0,3
"4228",0,6,21,0,0
"4229",3,19,2,0,0
"4230",0,3,22,0,0
"4231",1,3,17,3,0
"4232",2,0,20,2,0
"4233",2,3,16,3,0
"4234",2,1,23,0,0
"4235",1,0,4,0,19
"4236",0,0,1,2,18
"4237",0,2,0,8,17
"4238",0,2,20,0,5
"4239",0,0,4,2,21
"4240",0,0,2,7,7
"4241",0,0,4,18,3
"4242",0,22,0,0,2
"4243",0,2,19,0,2
"4244",2,0,15,1,0
"4245",0,0,2,4,15
"4246",0,3,19,2,3
"4247",0,3,28,0,3
"4248",1,2,18,2,3
"4249",0,0,5,12,5
"4250",0,4,20,0,0
"4251",0,4,3,0,0
"4252",0,0,3,2,18
"4253",0,0,4,1,20
"4254",1,25,3,0,0
"4255",0,0,3,1,21
"4256",0,2,20,0,4
"4257",5,15,0,0,0
"4258",4,0,20,2,0
"4259",3,2,20,0,1
"4260",0,3,22,0,0
"4261",6,20,0,0,0
"4262",0,2,1,10,7
"4263",0,5,20,0,1
"4264",0,0,3,18,0
"4265",2,2,1,21,0
"4266",0,0,4,22,3
"4267",0,0,7,3,15
"4268",3,2,14,3,0
"4269",0,0,7,0,17
"4270",0,4,13,1,1
"4271",0,3,1,19,1
"4272",0,3,2,8,8
"4273",0,2,22,1,0
"4274",0,9,9,1,0
"4275",0,2,18,0,0
"4276",5,17,2,0,3
"4277",1,0,21,0,0
"4278",2,0,23,0,4
"4279",3,5,10,0,0
"4280",1,0,1,4,20
"4281",0,9,16,0,0
"4282",3,0,22,0,0
"4283",0,2,0,3,19
"4284",2,1,18,2,0
"4285",2,0,24,2,0
"4286",0,5,18,0,0
"4287",0,3,21,3,4
"4288",2,5,18,0,0
"4289",0,2,16,4,0
"4290",0,3,20,3,2
"4291",2,19,0,6,0
"4292",0,25,1,0,0
"4293",0,0,21,3,0
"4294",0,27,2,0,0
"4295",0,0,2,0,24
"4296",1,1,20,0,0
"4297",5,0,20,0,0
"4298",0,3,25,2,0
"4299",2,0,26,0,0
"4300",0,0,0,7,16
"4301",0,3,0,12,8
"4302",0,15,4,0,0
"4303",0,0,17,5,3
"4304",2,21,4,0,0
"4305",3,17,4,0,0
"4306",0,2,1,2,17
"4307",0,3,24,2,0
"4308",2,0,0,17,1
"4309",2,0,23,2,0
"4310",3,16,0,0,0
"4311",0,5,21,0,0
"4312",1,2,25,0,0
"4313",0,3,22,0,0
"4314",9,7,1,0,0
"4315",3,3,16,5,0
"4316",3,7,17,0,0
"4317",0,1,4,18,0
"4318",0,2,0,0,24
"4319",3,0,20,0,0
"4320",1,1,2,0,17
"4321",0,0,4,23,0
"4322",0,3,2,15,1
"4323",0,1,29,0,0
"4324",1,4,18,0,0
"4325",2,14,6,0,0
"4326",0,3,0,4,16
"4327",0,2,22,0,3
"4328",0,0,1,4,19
"4329",3,0,18,0,4
"4330",1,2,24,0,2
"4331",1,0,4,4,10
"4332",3,2,21,0,0
"4333",0,0,0,3,20
"4334",0,0,1,0,24
"4335",0,0,5,6,9
"4336",0,0,0,3,19
"4337",0,5,11,1,2
"4338",1,15,6,0,0
"4339",1,4,16,0,0
"4340",0,6,15,1,0
"4341",0,9,18,0,0
"4342",1,1,4,14,0
"4343",0,0,0,0,24
"4344",0,0,3,10,8
"4345",0,28,2,0,0
"4346",3,20,0,0,0
"4347",5,6,15,0,0
"4348",0,0,1,0,26
"4349",3,0,1,7,10
"4350",7,21,0,0,0
"4351",0,1,2,3,19
"4352",0,2,3,0,19
"4353",0,2,21,0,5
"4354",0,1,0,11,17
"4355",2,2,23,3,0
"4356",0,1,1,12,9
"4357",0,0,2,17,1
"4358",0,4,25,0,2
"4359",0,0,1,0,22
"4360",3,22,0,0,0
"4361",1,1,1,11,6
"4362",0,0,1,3,20
"4363",0,0,8,16,0
"4364",0,0,5,16,0
"4365",0,2,1,6,12
"4366",1,2,21,1,0
"4367",1,3,23,0,0
"4368",0,4,18,0,0
"4369",3,6,17,0,0
"4370",3,22,0,2,1
"4371",1,0,23,2,0
"4372",2,24,2,0,0
"4373",2,0,22,2,0
"4374",0,0,8,15,0
"4375",1,7,4,0,0
"4376",2,17,1,0,0
"4377",0,1,2,11,4
"4378",0,0,25,0,0
"4379",0,2,22,5,0
"4380",0,1,0,4,15
"4381",4,6,12,0,0
"4382",3,21,1,3,2
"4383",2,2,19,3,0
"4384",0,1,0,15,3
"4385",0,0,4,23,0
"4386",2,2,17,0,0
"4387",2,24,0,0,0
"4388",2,25,0,0,0
"4389",0,0,5,17,0
"4390",0,0,14,5,3
"4391",3,0,22,0,1
"4392",5,1,15,0,0
"4393",2,20,0,2,0
"4394",0,0,4,0,19
"4395",0,28,3,3,0
"4396",0,6,15,0,3
"4397",1,0,0,2,20
"4398",5,17,3,0,0
"4399",0,3,20,3,0
"4400",0,0,2,2,24
"4401",0,3,0,0,0
"4402",0,2,22,0,0
"4403",2,0,17,1,0
"4404",0,23,0,0,2
"4405",0,7,15,2,0
"4406",0,2,0,2,20
"4407",10,11,2,0,0
"4408",0,0,2,5,17
"4409",0,4,15,3,0
"4410",1,2,23,0,0
"4411",4,19,1,0,0
"4412",0,0,3,20,3
"4413",0,1,18,3,0
"4414",2,21,2,1,0
"4415",0,2,2,1,19
"4416",0,0,17,7,2
"4417",0,0,26,0,0
"4418",2,18,4,0,0
"4419",0,0,1,16,6
"4420",1,0,3,0,18
"4421",3,4,18,0,0
"4422",4,19,0,0,0
"4423",0,6,0,1,0
"4424",1,0,26,0,0
"4425",0,30,3,0,0
"4426",0,3,0,15,2
"4427",2,1,4,12,3
"4428",8,14,0,3,0
"4429",0,4,16,2,1
"4430",3,1,19,0,0
"4431",0,1,1,5,18
"4432",0,0,3,2,19
"4433",1,2,0,14,3
"4434",5,16,2,0,0
"4435",2,18,5,0,0
"4436",3,16,1,1,0
"4437",2,0,0,0,24
"4438",4,19,0,0,0
"4439",1,7,13,0,0
"4440",0,2,25,0,0
"4441",2,0,0,4,15
"4442",2,0,5,0,19
"4443",1,3,4,12,0
"4444",1,2,22,0,0
"4445",0,3,24,4,0
"4446",3,1,0,21,0
"4447",1,3,2,17,0
"4448",1,22,0,0,0
"4449",0,1,0,0,20
"4450",3,3,18,0,0
"4451",0,2,9,5,2
"4452",0,2,0,9,8
"4453",0,0,2,3,16
"4454",3,20,4,0,0
"4455",0,1,1,2,18
"4456",0,8,15,0,0
"4457",3,0,24,0,0
"4458",0,3,16,0,2
"4459",0,7,17,0,0
"4460",0,0,2,2,21
"4461",0,4,19,1,2
"4462",1,0,23,0,0
"4463",0,0,4,2,23
"4464",0,2,21,1,0
"4465",1,20,2,0,0
"4466",1,0,23,0,0
"4467",1,8,12,0,0
"4468",0,0,2,5,18
"4469",0,0,26,3,0
"4470",0,22,2,0,2
"4471",0,0,4,5,12
"4472",0,3,18,2,0
"4473",4,0,20,3,0
"4474",0,1,21,0,0
"4475",0,0,3,13,8
"4476",3,22,3,0,0
"4477",0,28,2,0,2
"4478",0,21,2,0,0
"4479",1,26,2,0,0
"4480",2,1,5,12,0
"4481",0,1,0,22,4
"4482",1,0,26,2,0
"4483",0,24,5,0,0
"4484",0,0,7,9,3
"4485",2,21,5,0,0
"4486",0,0,3,6,16
"4487",2,3,20,0,0
"4488",2,25,0,0,1
"4489",1,19,1,0,0
"4490",6,14,1,0,0
"4491",24,1,1,0,0
"4492",0,2,2,16,2
"4493",2,0,5,15,0
"4494",0,6,23,0,0
"4495",1,0,0,4,17
"4496",1,0,1,3,17
"4497",0,1,5,18,0
"4498",1,4,18,0,0
"4499",15,6,3,0,0
"4500",1,23,2,0,0
"4501",0,0,27,3,0
"4502",0,2,0,0,0
"4503",2,15,4,0,0
"4504",0,0,2,23,0
"4505",1,3,21,0,0
"4506",2,2,0,8,8
"4507",2,0,0,1,14
"4508",0,0,5,19,0
"4509",3,0,26,0,0
"4510",0,2,0,10,6
"4511",0,22,4,0,0
"4512",0,9,10,0,0
"4513",0,23,1,0,0
"4514",0,1,5,13,3
"4515",3,1,21,0,0
"4516",0,0,7,20,0
"4517",0,3,15,4,0
"4518",0,0,2,17,2
"4519",3,22,0,0,0
"4520",1,0,2,0,22
"4521",1,0,0,4,15
"4522",0,0,2,21,1
"4523",2,17,5,0,0
"4524",7,17,1,0,0
"4525",0,3,1,0,18
"4526",0,0,4,21,1
"4527",2,0,21,1,0
"4528",0,2,1,0,20
"4529",2,0,9,6,0
"4530",0,3,25,0,0
"4531",0,1,0,16,4
"4532",2,21,1,0,0
"4533",0,0,4,12,6
"4534",0,24,0,0,0
"4535",0,23,0,4,0
"4536",2,1,0,14,2
"4537",5,6,12,0,0
"4538",0,0,3,18,0
"4539",4,21,1,1,0
"4540",3,1,20,0,0
"4541",5,18,0,0,0
"4542",1,0,11,8,0
"4543",0,28,0,0,1
"4544",0,24,1,0,0
"4545",0,3,18,0,0
"4546",5,18,1,0,0
"4547",1,2,0,2,17
"4548",1,1,17,0,0
"4549",0,2,7,8,0
"4550",0,1,4,0,21
"4551",2,2,20,1,0
"4552",2,27,1,0,0
"4553",2,3,20,0,0
"4554",1,0,2,4,14
"4555",0,2,0,0,18
"4556",0,0,1,1,21
"4557",2,6,12,0,2
"4558",7,21,2,0,0
"4559",0,0,5,22,0
"4560",0,2,0,0,0
"4561",0,0,2,13,7
"4562",0,1,0,10,8
"4563",16,5,0,0,0
"4564",0,1,20,0,1
"4565",0,3,20,0,1
"4566",2,23,0,0,0
"4567",0,0,3,1,17
"4568",0,7,18,0,0
"4569",0,2,6,11,0
"4570",2,0,21,0,3
"4571",2,6,11,0,0
"4572",0,1,0,1,18
"4573",4,21,0,0,0
"4574",0,0,3,1,18
"4575",0,2,1,3,11
"4576",0,3,18,1,0
"4577",1,2,1,5,15
"4578",0,3,0,6,15
"4579",0,0,26,4,0
"4580",3,17,3,0,0
"4581",3,12,0,1,0
"4582",1,20,0,0,0
"4583",4,1,18,0,0
"4584",0,4,19,4,0
"4585",0,2,7,8,3
"4586",3,14,3,0,2
"4587",0,0,24,2,3
"4588",0,6,19,0,0
"4589",6,19,0,0,0
"4590",1,0,2,8,19
"4591",0,4,21,0,0
"4592",1,3,19,0,0
"4593",0,2,0,19,3
"4594",1,21,2,0,0
"4595",0,3,18,3,0
"4596",0,3,18,5,2
"4597",0,3,19,3,4
"4598",2,0,12,5,0
"4599",1,0,5,8,8
"4600",2,0,22,1,2
"4601",0,2,7,11,1
"4602",0,0,24,3,0
"4603",3,7,13,0,0
"4604",0,0,5,9,7
"4605",2,1,0,1,17
"4606",0,2,4,21,0
"4607",1,0,5,19,0
"4608",3,0,21,0,0
"4609",0,4,17,0,0
"4610",0,0,23,3,4
"4611",4,1,15,0,0
"4612",0,2,22,2,0
"4613",0,2,13,2,0
"4614",1,25,0,0,0
"4615",0,0,26,1,0
"4616",0,2,0,2,21
"4617",1,20,2,0,0
"4618",0,16,6,0,0
"4619",0,2,18,2,3
"4620",0,1,22,1,0
"4621",6,13,7,0,0
"4622",0,2,13,0,0
"4623",5,15,0,0,0
"4624",0,2,2,1,21
"4625",2,3,16,0,2
"4626",4,18,0,1,0
"4627",3,21,0,0,2
"4628",1,0,5,2,9
"4629",1,0,17,9,0
"4630",4,0,19,0,0
"4631",2,2,15,0,4
"4632",6,15,2,0,0
"4633",0,0,2,19,4
"4634",0,4,11,6,0
"4635",0,2,24,0,0
"4636",2,24,2,0,0
"4637",2,0,21,3,0
"4638",1,4,20,0,1
"4639",2,4,15,0,0
"4640",0,20,4,0,0
"4641",2,2,19,0,0
"4642",1,0,23,0,1
"4643",0,4,2,14,1
"4644",0,2,0,11,8
"4645",2,0,1,8,9
"4646",1,0,0,19,4
"4647",0,29,0,0,0
"4648",2,0,2,10,5
"4649",0,3,21,0,0
"4650",0,2,3,14,2
"4651",5,17,3,0,0
"4652",6,18,0,0,0
"4653",0,1,1,24,0
"4654",2,0,17,3,0
"4655",0,0,2,1,19
"4656",2,0,0,25,0
"4657",0,3,0,2,20
"4658",2,1,21,1,0
"4659",1,1,27,0,0
"4660",0,4,1,0,21
"4661",0,4,21,1,0
"4662",0,4,18,0,1
"4663",2,5,14,0,0
"4664",0,0,1,5,21
"4665",0,6,17,1,2
"4666",2,2,25,0,0
"4667",1,3,17,0,0
"4668",4,1,16,2,0
"4669",0,0,23,3,1
"4670",1,3,21,0,0
"4671",1,0,21,2,0
"4672",3,3,14,0,0
"4673",1,1,23,0,0
"4674",0,4,19,0,0
"4675",4,18,1,0,0
"4676",2,0,3,0,20
"4677",0,0,15,2,3
"4678",0,2,0,6,14
"4679",2,21,2,0,0
"4680",0,6,14,0,2
"4681",0,27,2,0,3
"4682",0,0,25,2,2
"4683",1,24,2,0,0
"4684",0,18,0,2,0
"4685",0,12,7,2,1
"4686",0,0,2,6,17
"4687",1,0,0,16,2
"4688",0,26,0,0,0
"4689",0,26,1,0,0
"4690",0,0,8,5,9
"4691",0,2,0,28,0
"4692",0,0,1,7,18
"4693",9,15,3,0,0
"4694",4,2,21,0,0
"4695",1,0,25,1,0
"4696",1,4,15,0,3
"4697",0,4,21,0,0
"4698",2,0,23,0,0
"4699",2,1,13,5,0
"4700",3,2,23,0,0
"4701",6,13,5,0,0
"4702",0,2,1,0,17
"4703",4,17,2,0,0
"4704",2,2,23,0,0
"4705",2,2,20,0,0
"4706",6,17,2,0,0
"4707",3,2,21,0,0
"4708",0,2,2,12,13
"4709",1,3,0,0,23
"4710",0,0,26,1,0
"4711",1,3,16,0,4
"4712",0,0,1,22,4
"4713",5,19,0,0,0
"4714",3,20,0,0,2
"4715",1,3,23,0,0
"4716",0,22,1,0,0
"4717",1,4,23,0,0
"4718",0,22,0,1,2
"4719",4,20,0,0,2
"4720",0,1,0,5,16
"4721",0,0,4,14,2
"4722",0,2,19,0,3
"4723",0,2,0,18,5
"4724",2,6,19,0,0
"4725",1,0,5,0,16
"4726",4,1,18,0,2
"4727",3,1,1,8,9
"4728",0,24,4,0,0
"4729",19,2,0,0,0
"4730",0,6,23,0,0
"4731",0,3,27,1,0
"4732",0,21,4,0,0
"4733",0,0,21,3,3
"4734",0,2,25,2,3
"4735",0,3,3,15,0
"4736",1,2,19,0,3
"4737",1,2,8,12,0
"4738",0,1,5,19,0
"4739",3,16,5,0,0
"4740",1,0,2,0,20
"4741",0,2,27,2,0
"4742",0,0,6,15,0
"4743",4,14,8,2,0
"4744",0,1,4,18,2
"4745",0,1,2,0,24
"4746",1,0,5,9,6
"4747",0,5,18,2,0
"4748",0,3,11,9,3
"4749",6,18,0,0,0
"4750",4,19,0,3,0
"4751",0,2,6,18,0
"4752",3,0,0,0,0
"4753",2,19,4,0,0
"4754",4,0,25,0,0
"4755",0,2,1,4,18
"4756",3,1,16,0,3
"4757",0,9,16,0,0
"4758",3,2,18,3,0
"4759",0,1,8,14,0
"4760",0,3,24,0,0
"4761",0,0,3,0,16
"4762",1,0,0,0,0
"4763",6,4,10,0,0
"4764",0,3,15,1,4
"4765",1,1,8,11,0
"4766",0,2,0,5,17
"4767",2,8,15,0,0
"4768",2,3,21,0,1
"4769",0,0,13,2,1
"4770",3,17,1,7,0
"4771",1,0,31,0,0
"4772",0,2,2,14,3
"4773",0,0,8,2,12
"4774",2,16,5,2,0
"4775",0,3,19,0,0
"4776",4,24,0,0,3
"4777",1,0,1,0,18
"4778",1,7,14,0,0
"4779",0,20,4,0,0
"4780",0,0,2,0,25
"4781",0,2,18,0,2
"4782",0,7,18,0,0
"4783",0,2,0,0,0
"4784",4,1,21,0,0
"4785",3,3,18,1,0
"4786",0,5,18,2,0
"4787",0,24,0,3,0
"4788",2,17,2,0,0
"4789",0,0,0,18,5
"4790",3,0,25,3,1
"4791",0,0,1,1,22
"4792",1,23,2,0,0
"4793",1,4,20,0,2
"4794",0,1,2,19,1
"4795",3,18,2,0,1
"4796",3,0,25,0,0
"4797",0,0,2,0,24
"4798",2,0,24,2,2
"4799",0,1,0,3,14
"4800",2,2,14,0,3
"4801",5,21,0,2,2
"4802",0,3,15,5,2
"4803",4,6,15,0,0
"4804",3,11,8,0,0
"4805",0,0,4,21,2
"4806",1,2,0,21,0
"4807",0,3,0,21,0
"4808",0,5,6,10,0
"4809",0,4,20,0,4
"4810",0,1,2,2,18
"4811",4,18,0,0,0
"4812",0,2,3,0,25
"4813",0,0,2,0,27
"4814",0,3,18,0,2
"4815",0,1,1,20,2
"4816",0,4,22,0,0
"4817",0,0,13,6,2
"4818",0,0,26,0,1
"4819",2,20,0,0,0
"4820",4,18,1,0,0
"4821",4,7,5,1,0
"4822",0,2,0,27,2
"4823",0,4,22,0,0
"4824",0,1,13,3,2
"4825",2,0,21,0,4
"4826",0,1,15,6,0
"4827",2,2,18,2,2
"4828",0,1,0,3,18
"4829",7,17,0,0,2
"4830",0,0,0,4,13
"4831",0,0,4,24,0
"4832",0,6,16,0,1
"4833",0,24,5,0,0
"4834",0,27,0,0,0
"4835",0,1,2,19,2
"4836",0,2,26,0,0
"4837",2,19,0,1,0
"4838",0,5,17,0,3
"4839",1,0,0,8,17
"4840",0,0,3,0,24
"4841",3,0,1,0,23
"4842",0,0,0,0,17
"4843",0,6,21,0,0
"4844",0,1,4,22,0
"4845",0,4,20,2,0
"4846",0,0,14,7,2
"4847",2,0,23,0,6
"4848",2,5,21,0,0
"4849",1,18,3,0,0
"4850",3,1,12,3,3
"4851",3,4,15,3,0
"4852",7,15,0,0,0
"4853",0,18,4,0,0
"4854",0,1,3,0,16
"4855",0,2,28,0,0
"4856",0,2,3,21,0
"4857",5,0,0,0,0
"4858",1,2,4,15,1
"4859",0,3,19,0,0
"4860",0,2,1,3,13
"4861",0,3,17,3,2
"4862",1,2,0,0,24
"4863",1,20,1,0,0
"4864",0,3,3,21,0
"4865",0,4,20,0,0
"4866",2,0,1,22,1
"4867",0,0,1,3,18
"4868",3,21,3,0,0
"4869",4,0,19,3,1
"4870",1,0,2,16,2
"4871",0,2,17,3,2
"4872",0,2,3,15,5
"4873",0,0,0,26,1
"4874",0,0,5,2,20
"4875",1,0,2,23,0
"4876",0,2,24,2,0
"4877",2,21,0,4,0
"4878",0,6,13,2,2
"4879",0,2,19,0,3
"4880",0,1,4,19,2
"4881",1,0,5,16,0
"4882",2,0,1,23,1
"4883",0,2,1,2,22
"4884",0,3,6,15,0
"4885",3,6,17,0,0
"4886",0,1,18,2,0
"4887",2,0,3,15,8
"4888",0,0,2,1,23
"4889",0,18,1,0,0
"4890",2,0,20,1,0
"4891",2,1,0,18,2
"4892",0,3,20,0,2
"4893",0,4,18,3,0
"4894",0,3,18,0,2
"4895",0,1,1,5,13
"4896",1,2,17,0,1
"4897",2,0,21,3,0
"4898",1,9,14,0,0
"4899",0,22,0,0,2
"4900",2,2,17,3,0
"4901",0,2,20,2,2
"4902",1,0,2,3,13
"4903",3,0,19,0,3
"4904",4,22,3,0,0
"4905",0,1,4,17,3
"4906",1,0,7,10,2
"4907",2,24,0,2,0
"4908",3,2,16,2,0
"4909",0,0,3,6,12
"4910",2,24,3,0,0
"4911",1,3,10,6,3
"4912",5,4,12,0,0
"4913",0,5,21,2,0
"4914",0,0,21,5,0
"4915",0,0,22,5,0
"4916",4,2,21,0,0
"4917",2,3,22,0,0
"4918",0,8,15,0,2
"4919",0,4,16,2,4
"4920",0,3,17,0,0
"4921",0,3,24,0,0
"4922",0,0,3,21,0
"4923",3,12,4,2,2
"4924",7,20,0,0,0
"4925",0,0,1,0,21
"4926",0,2,22,1,0
"4927",0,4,21,0,0
"4928",0,1,24,0,1
"4929",0,0,4,0,23
"4930",2,5,15,0,0
"4931",1,19,2,0,0
"4932",2,25,0,0,0
"4933",2,7,12,0,0
"4934",0,3,2,0,19
"4935",1,0,20,2,2
"4936",4,0,23,0,0
"4937",0,1,25,0,2
"4938",4,0,21,0,0
"4939",0,0,27,3,0
"4940",0,0,5,4,15
"4941",4,3,11,1,0
"4942",2,4,17,0,0
"4943",0,0,17,5,0
"4944",0,1,0,6,21
"4945",1,5,20,0,0
"4946",2,1,9,2,3
"4947",0,22,2,0,0
"4948",0,2,0,20,1
"4949",0,2,0,2,25
"4950",1,0,0,18,4
"4951",2,2,19,0,0
"4952",0,2,2,0,18
"4953",1,0,24,0,0
"4954",0,0,4,2,20
"4955",1,1,2,10,6
"4956",2,2,21,0,0
"4957",3,23,0,0,1
"4958",1,0,8,15,0
"4959",1,0,2,2,19
"4960",3,19,2,2,2
"4961",0,9,15,0,0
"4962",0,13,10,0,0
"4963",0,0,4,19,2
"4964",2,0,19,4,0
"4965",0,1,0,5,16
"4966",0,3,0,0,17
"4967",4,0,17,2,2
"4968",3,22,2,0,0
"4969",3,20,0,3,0
"4970",0,2,19,3,0
"4971",0,0,6,1,14
"4972",0,0,2,5,16
"4973",0,26,0,0,1
"4974",0,0,4,16,4
"4975",3,5,13,0,0
"4976",0,4,14,1,0
"4977",1,3,0,2,19
"4978",11,8,0,0,3
"4979",2,24,0,1,1
"4980",2,15,4,3,0
"4981",0,1,2,20,3
"4982",2,21,1,0,0
"4983",0,2,22,3,2
"4984",2,2,21,0,2
"4985",0,25,3,0,0
"4986",1,6,19,0,0
"4987",2,12,7,0,0
"4988",4,19,1,0,0
"4989",2,3,8,6,0
"4990",1,0,21,0,0
"4991",0,4,0,15,2
"4992",0,6,13,0,3
"4993",2,2,26,0,0
"4994",5,18,1,0,0
"4995",0,3,22,3,0
"4996",1,2,15,0,0
"4997",0,1,5,14,0
"4998",1,19,4,0,0
"4999",3,0,20,6,0
"5000",1,0,0,27,2
