"","V1","V2","V3","V4","V5"
"1",0,0,0,4,0
"2",0,3,7,0,0
"3",3,1,1,2,0
"4",6,0,0,0,0
"5",0,5,2,0,0
"6",1,0,6,0,0
"7",0,1,4,0,0
"8",0,2,4,0,0
"9",0,0,0,9,0
"10",3,2,0,2,0
"11",0,1,5,0,0
"12",0,3,3,0,0
"13",1,5,0,0,0
"14",5,2,0,0,0
"15",1,5,0,0,0
"16",6,2,0,0,0
"17",1,0,4,0,0
"18",2,2,0,0,0
"19",0,1,5,0,0
"20",1,5,0,0,0
"21",2,2,1,0,0
"22",2,3,2,0,0
"23",1,0,2,0,0
"24",1,1,0,0,0
"25",0,1,0,6,0
"26",0,1,7,0,0
"27",0,3,3,0,0
"28",2,4,0,0,0
"29",0,1,5,0,0
"30",0,0,5,0,0
"31",1,3,2,0,0
"32",2,3,0,0,0
"33",0,0,6,0,0
"34",0,0,3,0,0
"35",0,1,4,0,0
"36",0,1,5,0,0
"37",2,5,0,0,0
"38",0,0,6,0,0
"39",0,7,0,3,0
"40",2,3,1,0,0
"41",1,2,0,0,0
"42",0,0,9,0,0
"43",4,1,1,0,0
"44",3,1,1,0,0
"45",0,2,0,0,0
"46",0,5,0,0,0
"47",0,1,1,0,0
"48",0,0,6,0,0
"49",0,0,3,1,0
"50",1,0,0,0,0
"51",1,1,2,0,0
"52",0,0,2,0,0
"53",1,4,1,0,0
"54",0,2,1,0,0
"55",2,4,1,0,0
"56",6,1,0,0,0
"57",1,2,2,0,0
"58",0,0,3,4,0
"59",0,1,6,0,0
"60",0,0,3,0,0
"61",0,3,0,2,0
"62",0,7,0,1,0
"63",1,6,0,0,0
"64",0,1,4,0,0
"65",4,3,0,0,0
"66",5,1,0,0,0
"67",1,3,1,1,0
"68",4,1,0,0,0
"69",0,0,2,3,0
"70",2,0,0,1,0
"71",0,1,6,0,0
"72",1,6,0,0,0
"73",2,3,1,0,0
"74",1,1,2,0,0
"75",1,4,0,0,0
"76",1,0,6,0,0
"77",3,2,0,0,0
"78",1,5,0,1,0
"79",0,0,4,1,0
"80",2,5,0,0,0
"81",2,0,0,2,0
"82",0,0,10,0,0
"83",1,0,7,0,0
"84",0,0,5,1,0
"85",1,1,4,0,0
"86",1,3,1,0,0
"87",0,2,3,2,0
"88",1,1,1,0,0
"89",4,0,0,0,0
"90",1,2,1,0,0
"91",2,0,1,0,0
"92",0,3,0,1,0
"93",0,1,4,4,0
"94",0,7,1,0,0
"95",2,7,1,0,0
"96",0,3,3,0,0
"97",0,0,8,0,0
"98",1,0,2,2,0
"99",0,0,5,0,0
"100",0,1,5,3,0
"101",1,2,0,0,0
"102",1,5,1,0,0
"103",0,0,7,0,0
"104",0,1,5,0,0
"105",0,3,4,0,0
"106",3,5,1,0,0
"107",1,2,0,2,0
"108",0,0,6,3,0
"109",1,3,0,0,0
"110",2,0,2,0,0
"111",0,2,8,0,0
"112",2,0,0,0,0
"113",1,5,1,0,0
"114",0,0,4,0,0
"115",1,1,6,0,0
"116",5,4,0,0,0
"117",1,1,5,0,0
"118",5,2,0,0,0
"119",5,0,2,0,0
"120",2,0,0,0,0
"121",0,1,5,0,0
"122",0,0,0,0,6
"123",0,3,5,0,0
"124",0,0,7,0,0
"125",0,5,2,0,0
"126",0,0,4,1,0
"127",1,0,4,0,0
"128",0,9,1,0,0
"129",0,8,1,0,0
"130",1,3,0,1,0
"131",0,0,6,2,0
"132",0,0,0,6,0
"133",1,2,2,0,0
"134",4,2,0,0,0
"135",0,1,7,0,0
"136",1,2,0,0,0
"137",0,0,4,0,0
"138",0,1,5,0,0
"139",5,5,0,0,0
"140",1,1,2,0,0
"141",0,0,6,0,0
"142",0,4,1,0,0
"143",0,7,0,0,0
"144",0,0,6,0,0
"145",2,0,0,0,0
"146",0,1,3,3,0
"147",0,3,4,2,0
"148",3,1,1,0,0
"149",0,0,6,0,0
"150",1,6,2,0,0
"151",5,2,0,0,0
"152",0,1,4,0,0
"153",0,1,6,0,0
"154",2,3,1,0,0
"155",0,4,0,1,0
"156",4,1,0,0,0
"157",0,1,8,0,0
"158",1,8,1,0,0
"159",1,5,1,0,0
"160",1,2,0,0,0
"161",1,5,1,0,0
"162",1,4,3,0,0
"163",0,1,2,1,0
"164",0,4,3,0,0
"165",3,0,0,0,0
"166",0,0,3,0,0
"167",0,0,8,0,0
"168",0,5,1,1,0
"169",0,5,2,0,0
"170",0,0,7,0,0
"171",0,4,3,0,0
"172",1,5,2,0,0
"173",1,2,2,0,0
"174",0,1,5,0,0
"175",1,2,2,0,0
"176",2,0,0,0,0
"177",0,0,1,6,0
"178",0,0,1,0,0
"179",0,0,8,0,0
"180",5,1,2,0,0
"181",0,1,1,0,0
"182",0,4,1,0,0
"183",0,4,2,0,0
"184",1,6,0,0,0
"185",0,3,2,0,0
"186",0,1,5,0,0
"187",1,7,0,0,0
"188",1,3,0,0,0
"189",4,3,0,0,0
"190",0,1,3,0,0
"191",0,0,8,0,0
"192",0,0,6,2,0
"193",0,1,5,2,0
"194",0,2,1,0,0
"195",2,2,0,0,0
"196",6,4,0,0,0
"197",0,0,8,1,0
"198",1,0,3,0,0
"199",1,4,0,0,0
"200",0,0,0,4,0
"201",1,0,1,0,0
"202",0,6,3,0,0
"203",0,3,2,0,0
"204",0,7,1,0,0
"205",0,4,0,0,0
"206",3,2,0,0,0
"207",7,0,0,1,0
"208",0,2,4,0,0
"209",0,0,8,0,0
"210",0,0,6,0,0
"211",1,3,5,0,0
"212",2,4,1,0,0
"213",2,4,1,0,0
"214",0,1,3,0,0
"215",0,0,4,0,0
"216",0,6,1,0,0
"217",1,1,2,0,0
"218",0,0,8,0,0
"219",1,2,0,0,0
"220",0,1,7,1,0
"221",0,0,2,0,0
"222",4,0,0,0,0
"223",0,5,0,1,0
"224",0,0,0,4,0
"225",0,6,0,0,0
"226",4,1,1,0,0
"227",0,7,1,0,0
"228",0,0,1,2,0
"229",0,1,7,0,0
"230",0,4,3,0,0
"231",0,1,4,0,0
"232",1,0,2,2,0
"233",3,1,1,1,0
"234",0,0,4,0,0
"235",3,0,0,0,0
"236",0,6,0,0,0
"237",0,0,4,0,0
"238",1,4,2,0,0
"239",0,4,0,0,0
"240",1,7,1,1,0
"241",1,0,3,0,0
"242",1,5,1,0,0
"243",6,0,0,2,0
"244",0,1,4,1,0
"245",0,0,6,0,0
"246",0,2,1,0,0
"247",1,6,0,1,0
"248",0,4,2,2,0
"249",2,2,1,0,0
"250",0,0,6,1,0
"251",1,1,1,0,0
"252",0,0,4,0,0
"253",1,4,1,0,0
"254",2,0,3,0,0
"255",0,2,5,0,0
"256",2,6,0,0,0
"257",0,1,3,0,0
"258",6,4,0,0,0
"259",0,8,0,0,0
"260",0,0,6,0,0
"261",0,1,2,0,0
"262",0,3,0,2,0
"263",1,6,0,0,0
"264",4,5,1,0,0
"265",1,1,6,0,0
"266",0,1,4,1,0
"267",0,6,1,0,0
"268",0,0,8,0,0
"269",0,0,5,3,0
"270",0,0,1,3,0
"271",2,1,0,0,0
"272",0,1,8,0,0
"273",5,0,0,0,0
"274",0,3,2,0,0
"275",0,7,1,0,0
"276",1,0,6,0,0
"277",1,1,2,0,0
"278",0,3,2,0,0
"279",1,7,0,0,0
"280",1,0,1,0,0
"281",5,3,0,0,0
"282",5,2,0,0,0
"283",0,4,5,0,0
"284",0,3,1,0,0
"285",0,3,2,0,0
"286",0,4,2,0,0
"287",0,0,5,1,0
"288",0,3,3,0,0
"289",0,0,1,3,0
"290",0,8,2,1,0
"291",0,2,2,0,0
"292",2,0,6,0,0
"293",0,7,0,0,0
"294",1,3,2,0,0
"295",1,5,0,0,0
"296",1,7,0,0,0
"297",7,3,1,0,0
"298",3,0,1,0,0
"299",1,6,0,0,0
"300",1,3,0,0,0
"301",2,1,2,0,0
"302",1,1,1,0,0
"303",1,3,1,0,0
"304",0,8,0,0,0
"305",0,2,3,1,0
"306",1,5,0,0,0
"307",0,1,5,2,0
"308",0,5,1,0,0
"309",0,0,5,1,0
"310",0,2,5,1,0
"311",1,0,5,0,0
"312",0,0,8,0,0
"313",2,0,0,0,0
"314",0,0,2,0,0
"315",0,0,6,0,0
"316",0,7,2,0,0
"317",0,0,6,1,0
"318",4,1,0,1,0
"319",1,2,0,0,0
"320",1,5,0,0,0
"321",0,0,0,7,0
"322",0,6,0,1,0
"323",2,0,2,0,0
"324",0,0,6,2,0
"325",0,1,6,0,0
"326",0,5,0,0,0
"327",3,2,0,0,0
"328",0,0,1,0,0
"329",4,1,0,0,0
"330",5,0,1,0,0
"331",1,0,2,0,0
"332",0,5,1,0,0
"333",0,0,4,0,0
"334",1,2,0,0,0
"335",7,0,0,0,0
"336",0,1,4,0,0
"337",1,0,4,2,0
"338",1,7,2,0,0
"339",0,0,1,7,0
"340",2,6,0,0,0
"341",3,0,0,1,0
"342",2,1,0,0,0
"343",1,0,2,0,0
"344",0,0,7,0,0
"345",0,1,5,0,0
"346",0,1,7,0,0
"347",0,0,6,0,0
"348",0,3,1,0,0
"349",0,9,1,0,0
"350",0,4,3,0,0
"351",0,0,3,0,0
"352",0,3,4,0,0
"353",1,3,2,0,0
"354",0,0,3,0,0
"355",0,3,1,0,0
"356",4,3,2,0,0
"357",0,2,5,3,0
"358",0,0,6,2,0
"359",2,5,0,0,0
"360",4,0,0,0,0
"361",1,2,3,0,0
"362",0,2,4,0,0
"363",3,3,2,0,0
"364",0,0,0,7,0
"365",0,2,0,2,0
"366",0,3,3,2,0
"367",0,3,5,3,0
"368",2,1,1,0,0
"369",2,0,0,0,0
"370",0,0,5,1,0
"371",1,4,2,0,0
"372",5,0,0,0,0
"373",2,1,1,0,0
"374",2,0,0,0,0
"375",1,6,1,0,0
"376",1,5,0,0,0
"377",0,3,1,0,0
"378",5,2,0,0,0
"379",0,8,0,0,0
"380",0,3,3,0,0
"381",2,5,1,0,0
"382",0,2,0,0,0
"383",4,4,2,0,0
"384",0,0,8,0,0
"385",1,6,1,0,0
"386",2,5,0,0,0
"387",0,0,1,6,0
"388",7,1,0,0,0
"389",0,0,5,1,0
"390",0,2,2,0,0
"391",1,5,2,0,0
"392",1,7,0,0,0
"393",3,1,0,0,0
"394",2,0,0,0,0
"395",0,0,0,3,4
"396",0,0,6,0,0
"397",0,6,1,0,0
"398",3,3,0,0,0
"399",0,0,6,0,0
"400",1,3,2,0,0
"401",0,0,4,2,0
"402",0,0,0,3,0
"403",0,6,0,2,0
"404",0,0,2,4,0
"405",0,6,0,0,0
"406",0,0,5,2,0
"407",3,3,0,0,0
"408",0,4,3,0,0
"409",0,0,5,0,0
"410",0,3,6,0,0
"411",0,0,7,0,0
"412",1,2,0,0,0
"413",1,0,4,0,0
"414",1,6,2,0,0
"415",0,4,1,0,0
"416",4,1,0,0,0
"417",0,5,2,0,0
"418",2,4,0,0,0
"419",2,1,3,0,0
"420",1,7,2,0,0
"421",2,3,2,0,0
"422",0,0,0,6,0
"423",0,4,0,0,0
"424",1,2,2,0,0
"425",0,4,0,0,0
"426",3,1,0,0,0
"427",0,4,2,0,0
"428",2,4,1,0,0
"429",5,4,0,0,0
"430",1,1,3,0,0
"431",0,3,4,0,0
"432",0,3,2,0,0
"433",0,1,0,3,0
"434",2,6,0,0,0
"435",0,8,1,0,0
"436",1,6,1,0,0
"437",0,0,6,0,0
"438",3,1,0,1,0
"439",0,0,3,0,0
"440",0,2,9,0,0
"441",3,3,2,0,0
"442",2,0,3,0,0
"443",0,2,4,0,0
"444",0,0,10,0,0
"445",1,5,0,3,0
"446",0,2,0,1,0
"447",0,0,0,4,0
"448",1,6,2,0,0
"449",4,0,0,0,0
"450",2,0,0,0,0
"451",0,1,1,0,0
"452",0,0,1,2,0
"453",1,4,1,0,0
"454",0,0,0,4,2
"455",2,0,0,0,0
"456",0,2,7,3,0
"457",0,6,0,2,0
"458",2,1,0,0,0
"459",1,6,0,0,0
"460",0,7,0,0,0
"461",6,1,1,0,0
"462",0,8,0,0,0
"463",1,3,2,2,0
"464",0,8,0,0,0
"465",0,2,6,0,0
"466",0,3,4,1,0
"467",0,0,1,8,0
"468",0,4,0,0,0
"469",0,2,4,0,0
"470",0,1,3,0,0
"471",4,1,0,0,0
"472",1,6,1,0,0
"473",0,0,3,0,0
"474",2,6,0,0,0
"475",0,0,5,1,0
"476",1,0,5,0,0
"477",0,0,8,0,0
"478",0,7,3,0,0
"479",0,0,6,0,0
"480",0,0,0,3,0
"481",1,1,1,0,0
"482",3,0,0,0,0
"483",7,2,0,0,0
"484",0,0,4,4,0
"485",0,0,6,0,0
"486",0,0,4,2,0
"487",0,5,1,0,0
"488",4,0,2,0,0
"489",0,4,3,2,0
"490",0,0,7,1,0
"491",0,3,0,3,0
"492",0,5,0,0,0
"493",2,3,2,0,0
"494",1,5,2,0,0
"495",3,2,0,0,0
"496",0,4,2,0,0
"497",1,0,6,0,0
"498",0,0,4,0,0
"499",7,4,1,0,0
"500",2,4,0,0,0
"501",0,0,8,0,0
"502",1,2,0,0,0
"503",1,3,0,0,0
"504",1,2,2,0,0
"505",0,2,2,0,0
"506",0,4,3,0,0
"507",0,8,0,0,0
"508",0,0,5,0,0
"509",2,2,0,0,0
"510",0,0,4,1,0
"511",0,2,3,0,0
"512",0,1,4,0,0
"513",0,8,2,0,0
"514",0,0,5,0,0
"515",0,0,7,0,0
"516",5,4,0,0,0
"517",1,4,0,1,0
"518",1,1,2,0,0
"519",0,1,6,0,0
"520",0,0,5,2,0
"521",0,1,4,0,0
"522",0,0,6,0,0
"523",3,1,0,0,0
"524",1,5,1,0,0
"525",0,1,5,1,0
"526",0,1,4,1,0
"527",1,0,6,0,0
"528",1,2,1,0,0
"529",6,0,2,0,0
"530",0,3,3,0,0
"531",3,3,0,0,0
"532",0,0,5,1,0
"533",1,1,4,0,0
"534",0,0,9,1,0
"535",0,0,7,0,0
"536",3,0,1,0,0
"537",6,1,0,0,0
"538",0,0,0,4,4
"539",0,0,4,2,0
"540",0,1,6,0,0
"541",2,3,0,0,0
"542",1,6,0,0,0
"543",6,2,0,0,0
"544",2,2,2,0,0
"545",2,5,0,0,0
"546",0,7,2,0,0
"547",0,0,7,0,0
"548",1,4,0,1,0
"549",2,5,0,0,0
"550",1,0,4,0,0
"551",1,2,5,0,0
"552",0,2,4,0,0
"553",3,6,1,0,0
"554",1,0,4,0,0
"555",3,2,0,0,0
"556",0,4,5,0,0
"557",7,0,2,0,0
"558",0,0,7,0,0
"559",0,2,3,0,0
"560",0,0,7,0,0
"561",2,0,2,0,0
"562",0,3,2,0,0
"563",1,4,1,0,0
"564",0,0,3,0,0
"565",0,0,5,0,0
"566",0,0,6,0,0
"567",0,1,10,1,0
"568",0,0,4,0,0
"569",3,0,0,0,0
"570",0,1,7,0,0
"571",1,7,0,0,0
"572",1,0,2,0,0
"573",0,0,6,0,0
"574",0,6,1,0,0
"575",8,1,0,0,0
"576",0,0,6,2,0
"577",0,1,4,0,0
"578",0,5,3,0,0
"579",0,0,5,0,0
"580",0,4,4,0,0
"581",2,2,0,0,0
"582",2,0,1,0,0
"583",0,0,7,0,0
"584",0,2,7,0,0
"585",0,6,1,2,0
"586",0,4,0,0,0
"587",4,2,0,0,0
"588",0,7,2,0,0
"589",2,3,0,2,0
"590",0,0,1,3,0
"591",1,5,1,0,0
"592",1,3,0,1,0
"593",0,0,7,2,0
"594",8,2,2,0,0
"595",0,0,0,6,1
"596",0,2,4,0,0
"597",2,0,0,0,0
"598",2,1,0,0,0
"599",0,6,0,0,0
"600",1,0,6,0,0
"601",0,4,3,0,0
"602",8,1,0,0,0
"603",0,3,0,1,0
"604",4,0,1,0,0
"605",1,2,0,0,0
"606",1,3,0,0,0
"607",6,1,0,0,0
"608",5,0,0,0,0
"609",0,0,5,0,0
"610",0,2,3,0,0
"611",0,2,3,0,0
"612",0,0,5,3,0
"613",2,0,0,0,0
"614",1,0,3,0,0
"615",4,4,0,0,0
"616",1,5,2,0,0
"617",0,0,3,0,0
"618",3,2,0,0,0
"619",1,2,0,0,0
"620",0,0,0,5,0
"621",1,1,3,0,0
"622",0,2,4,0,0
"623",4,1,1,0,0
"624",1,4,0,0,0
"625",1,5,2,0,0
"626",1,4,0,0,0
"627",0,8,0,0,0
"628",2,3,0,0,0
"629",0,0,1,8,0
"630",6,1,0,0,0
"631",1,2,0,0,0
"632",0,6,0,0,0
"633",0,0,5,0,0
"634",0,3,2,0,0
"635",0,1,5,0,0
"636",0,0,5,2,3
"637",0,0,6,2,0
"638",3,7,0,0,0
"639",0,3,1,1,0
"640",3,0,2,0,0
"641",0,0,9,0,0
"642",5,0,0,0,0
"643",4,1,0,0,0
"644",1,0,0,1,0
"645",3,4,0,0,0
"646",0,6,0,0,0
"647",4,0,1,0,0
"648",0,6,0,0,0
"649",0,7,1,0,0
"650",0,0,0,3,5
"651",0,6,0,0,0
"652",4,0,0,1,0
"653",0,4,0,2,0
"654",0,6,2,0,0
"655",3,7,0,0,0
"656",1,0,4,0,0
"657",1,6,1,0,0
"658",0,0,8,0,0
"659",0,0,8,0,0
"660",0,2,4,0,0
"661",0,0,4,2,0
"662",2,0,2,0,0
"663",0,0,7,0,0
"664",0,0,6,0,0
"665",1,6,0,0,0
"666",0,8,0,0,0
"667",1,1,4,0,0
"668",1,0,4,0,0
"669",0,7,2,0,0
"670",6,3,1,0,0
"671",3,0,2,1,0
"672",0,3,2,1,0
"673",1,8,0,0,0
"674",0,0,4,0,0
"675",5,2,0,0,0
"676",1,0,6,0,0
"677",0,4,2,0,0
"678",0,2,2,0,0
"679",0,1,1,4,0
"680",4,0,0,1,0
"681",0,1,3,0,0
"682",4,0,0,0,0
"683",0,3,0,0,0
"684",0,1,6,0,0
"685",0,6,3,0,0
"686",0,6,0,2,0
"687",6,1,2,0,0
"688",0,1,3,0,0
"689",0,5,0,0,0
"690",0,1,4,0,0
"691",0,0,6,1,0
"692",0,1,7,0,0
"693",0,0,7,1,0
"694",3,2,1,0,0
"695",1,7,2,0,0
"696",0,0,6,0,0
"697",1,6,2,0,0
"698",0,1,7,0,0
"699",0,0,6,0,0
"700",0,0,6,0,0
"701",1,2,3,1,0
"702",1,5,1,0,0
"703",0,8,0,2,0
"704",0,1,4,1,0
"705",2,3,2,0,0
"706",2,7,0,0,0
"707",0,1,6,0,0
"708",0,0,8,1,0
"709",0,1,1,0,0
"710",0,0,9,0,0
"711",0,2,2,0,0
"712",0,0,4,0,0
"713",0,1,7,0,0
"714",5,3,0,0,0
"715",1,5,2,0,0
"716",3,5,1,0,0
"717",0,0,5,0,0
"718",0,1,4,1,0
"719",0,1,8,0,0
"720",6,1,0,0,0
"721",0,3,1,0,0
"722",1,1,7,0,0
"723",7,1,0,0,0
"724",5,3,0,0,0
"725",2,3,0,0,0
"726",0,5,2,2,0
"727",2,4,0,0,0
"728",0,6,5,0,0
"729",0,3,2,0,0
"730",1,0,5,0,0
"731",1,3,1,0,0
"732",1,2,0,0,0
"733",0,2,0,0,0
"734",0,0,6,0,0
"735",0,7,0,0,0
"736",2,4,0,0,0
"737",0,6,0,0,0
"738",7,0,0,0,0
"739",0,1,8,1,0
"740",7,0,0,0,0
"741",0,1,4,2,0
"742",0,6,2,0,0
"743",1,8,1,0,0
"744",2,0,2,0,0
"745",1,2,2,3,0
"746",2,2,0,0,0
"747",2,1,0,0,0
"748",1,2,1,0,0
"749",1,2,2,2,0
"750",4,2,0,0,0
"751",0,2,6,0,0
"752",0,3,0,0,0
"753",1,4,0,0,0
"754",0,2,0,0,0
"755",5,1,0,0,0
"756",1,0,5,0,0
"757",1,7,1,0,0
"758",1,5,0,0,0
"759",0,0,6,0,0
"760",3,2,0,0,0
"761",0,0,3,3,0
"762",0,2,4,0,0
"763",1,0,2,0,0
"764",2,4,0,0,0
"765",0,1,4,2,0
"766",1,1,4,0,0
"767",0,9,0,0,0
"768",0,6,0,1,0
"769",1,5,1,0,0
"770",0,1,6,0,0
"771",2,1,0,0,0
"772",0,0,3,3,0
"773",0,9,1,0,0
"774",1,5,0,0,0
"775",1,3,0,0,0
"776",2,1,2,0,0
"777",0,8,0,0,0
"778",0,0,4,0,0
"779",1,1,3,0,0
"780",4,1,1,0,0
"781",4,3,3,0,0
"782",0,1,4,0,0
"783",7,2,1,0,0
"784",0,0,5,0,0
"785",1,3,1,0,0
"786",2,0,0,2,0
"787",0,0,6,0,0
"788",2,0,1,0,0
"789",2,2,2,0,0
"790",1,4,0,0,0
"791",0,0,8,0,0
"792",1,1,0,0,0
"793",0,0,5,0,0
"794",0,3,5,0,0
"795",0,2,6,1,0
"796",0,6,3,0,0
"797",0,1,5,1,0
"798",1,9,0,0,0
"799",0,1,6,0,0
"800",0,1,6,0,0
"801",0,2,6,0,0
"802",1,0,4,0,0
"803",1,5,2,0,0
"804",0,0,2,6,0
"805",0,0,6,0,0
"806",0,1,5,3,0
"807",2,3,0,1,0
"808",3,2,1,0,0
"809",1,1,4,0,0
"810",0,2,4,0,0
"811",2,0,0,0,0
"812",2,0,0,0,0
"813",1,0,3,0,0
"814",1,0,7,0,0
"815",1,3,1,0,0
"816",0,7,0,0,0
"817",2,3,2,0,0
"818",0,0,9,0,0
"819",0,3,0,2,0
"820",0,1,5,0,0
"821",0,0,4,1,0
"822",0,4,0,0,0
"823",1,4,2,0,0
"824",0,3,0,0,0
"825",1,0,6,0,0
"826",0,0,3,0,0
"827",0,2,1,2,0
"828",0,2,6,0,0
"829",0,2,6,0,0
"830",4,0,1,0,0
"831",0,6,0,0,0
"832",0,0,1,3,0
"833",0,5,2,0,0
"834",1,7,0,0,0
"835",4,2,0,0,0
"836",2,4,1,0,0
"837",0,0,5,0,0
"838",2,1,0,0,0
"839",3,1,1,0,0
"840",0,0,1,4,0
"841",2,6,1,0,0
"842",0,6,3,0,0
"843",5,1,0,0,0
"844",1,7,1,0,0
"845",5,4,0,0,0
"846",2,0,0,0,0
"847",0,1,1,0,0
"848",1,3,2,0,0
"849",0,4,3,0,0
"850",0,1,4,0,0
"851",0,0,5,1,0
"852",2,2,2,0,0
"853",0,7,2,0,0
"854",0,0,1,6,0
"855",0,0,7,0,0
"856",4,5,0,0,0
"857",3,1,0,0,0
"858",0,5,0,0,0
"859",0,2,3,0,0
"860",1,5,0,0,0
"861",0,6,1,0,0
"862",7,0,2,0,0
"863",1,2,1,0,0
"864",2,0,0,0,0
"865",2,0,0,0,0
"866",2,1,1,0,0
"867",3,2,0,0,0
"868",1,3,2,0,0
"869",0,0,8,0,0
"870",0,0,3,2,0
"871",0,3,0,0,0
"872",0,0,5,0,0
"873",0,3,3,0,0
"874",0,0,4,1,0
"875",0,2,2,0,0
"876",2,3,0,0,0
"877",0,0,6,0,0
"878",1,6,0,0,0
"879",2,5,1,0,0
"880",0,0,5,0,0
"881",1,5,1,0,0
"882",2,1,1,1,0
"883",3,4,2,0,0
"884",0,0,5,1,3
"885",1,2,0,0,0
"886",1,2,2,0,0
"887",1,2,0,0,0
"888",9,0,0,0,0
"889",0,2,5,1,0
"890",4,2,0,0,0
"891",0,0,6,1,0
"892",2,2,0,0,0
"893",1,3,0,0,0
"894",0,0,4,1,0
"895",1,4,0,0,0
"896",2,3,0,2,0
"897",8,3,0,0,0
"898",0,0,4,0,0
"899",0,1,5,0,0
"900",0,1,5,2,0
"901",7,2,1,0,0
"902",0,0,9,0,0
"903",3,1,2,0,0
"904",3,7,0,0,0
"905",0,1,6,0,0
"906",0,3,4,0,0
"907",0,6,0,0,0
"908",1,3,0,0,0
"909",0,0,5,2,0
"910",1,2,0,0,0
"911",4,1,0,0,0
"912",0,0,8,0,0
"913",0,2,2,0,0
"914",3,0,0,0,0
"915",1,1,5,0,0
"916",0,1,4,0,0
"917",2,2,0,0,0
"918",6,4,0,0,0
"919",1,1,0,1,0
"920",0,2,2,0,0
"921",1,0,2,1,0
"922",3,3,1,0,0
"923",1,0,6,0,0
"924",0,0,3,5,0
"925",1,0,0,0,0
"926",2,6,0,2,0
"927",1,0,3,2,0
"928",1,4,2,0,0
"929",0,3,0,0,0
"930",0,0,4,1,0
"931",0,4,2,0,0
"932",0,7,1,0,0
"933",0,0,1,6,0
"934",1,5,2,1,0
"935",0,0,3,2,0
"936",1,1,4,0,0
"937",6,1,1,0,0
"938",1,2,1,1,0
"939",0,6,1,0,0
"940",3,0,1,0,0
"941",0,0,1,0,0
"942",0,3,4,0,0
"943",0,3,2,0,0
"944",1,3,1,0,0
"945",1,2,0,0,0
"946",2,4,0,0,0
"947",0,0,8,0,0
"948",0,0,7,0,0
"949",2,2,0,0,0
"950",0,1,0,5,0
"951",2,6,0,0,0
"952",0,1,4,0,0
"953",0,4,2,0,0
"954",0,3,4,0,0
"955",1,4,1,0,0
"956",2,0,0,1,0
"957",1,4,2,0,0
"958",1,1,4,0,0
"959",4,2,0,0,0
"960",0,4,1,0,0
"961",0,8,2,0,0
"962",0,0,5,4,0
"963",1,3,0,0,0
"964",3,0,0,0,0
"965",6,0,0,0,0
"966",3,0,0,0,0
"967",0,0,9,0,0
"968",0,0,4,0,0
"969",3,0,3,0,0
"970",1,4,0,0,0
"971",3,3,0,0,0
"972",1,9,0,0,0
"973",0,0,5,0,0
"974",4,1,0,0,0
"975",0,3,4,0,0
"976",1,1,1,2,0
"977",7,0,2,0,0
"978",1,5,0,0,0
"979",0,0,7,1,0
"980",0,1,5,0,0
"981",0,0,5,2,0
"982",0,0,1,4,0
"983",0,1,5,0,0
"984",0,0,5,0,0
"985",5,1,0,0,0
"986",0,0,9,0,0
"987",1,3,1,0,0
"988",2,4,0,0,0
"989",0,5,4,0,0
"990",1,2,0,0,0
"991",0,5,0,1,0
"992",1,1,0,2,0
"993",2,4,2,0,0
"994",0,2,6,0,0
"995",0,0,7,0,0
"996",0,1,4,0,0
"997",0,0,7,0,0
"998",1,4,0,0,0
"999",3,2,0,3,0
"1000",0,6,1,0,0
"1001",1,6,1,0,0
"1002",5,0,0,0,0
"1003",0,5,0,0,0
"1004",1,4,1,0,0
"1005",2,1,1,0,0
"1006",0,2,2,0,0
"1007",0,2,1,1,0
"1008",1,3,2,0,0
"1009",3,2,3,0,0
"1010",1,0,0,0,0
"1011",1,0,1,0,0
"1012",4,4,1,0,0
"1013",4,3,0,0,0
"1014",0,2,0,0,0
"1015",0,4,0,1,0
"1016",0,0,5,0,0
"1017",0,1,6,0,0
"1018",4,1,1,0,0
"1019",2,0,0,3,0
"1020",0,0,7,0,0
"1021",1,3,4,0,0
"1022",0,2,0,2,0
"1023",0,0,8,0,0
"1024",0,0,5,0,3
"1025",0,7,1,0,0
"1026",1,8,0,0,0
"1027",3,2,2,0,0
"1028",0,0,5,0,0
"1029",1,3,0,0,0
"1030",0,0,8,0,0
"1031",0,0,5,0,0
"1032",0,4,4,0,0
"1033",0,0,1,1,0
"1034",0,2,4,0,0
"1035",1,6,0,0,0
"1036",0,2,1,1,0
"1037",5,3,1,0,0
"1038",2,1,0,0,0
"1039",0,6,1,0,0
"1040",0,6,0,0,0
"1041",3,3,0,3,0
"1042",0,4,4,2,0
"1043",1,7,1,0,0
"1044",0,3,1,0,0
"1045",1,5,0,0,0
"1046",0,1,3,2,0
"1047",4,3,0,0,0
"1048",0,1,4,0,0
"1049",2,6,0,0,0
"1050",2,4,0,0,0
"1051",0,0,0,4,0
"1052",1,0,5,0,0
"1053",0,3,0,1,0
"1054",0,6,2,0,0
"1055",1,5,0,1,0
"1056",0,0,6,0,0
"1057",0,3,2,0,0
"1058",1,4,3,0,0
"1059",0,6,2,0,0
"1060",2,4,0,0,0
"1061",0,1,3,0,0
"1062",0,0,3,0,0
"1063",2,4,0,0,0
"1064",4,0,1,0,0
"1065",2,2,0,0,0
"1066",0,0,3,4,0
"1067",1,0,6,0,0
"1068",4,1,0,0,0
"1069",0,0,9,0,0
"1070",0,1,2,1,0
"1071",0,4,2,0,0
"1072",0,0,5,0,0
"1073",1,1,3,0,0
"1074",0,0,7,0,0
"1075",3,2,0,0,0
"1076",2,2,1,0,0
"1077",0,0,2,6,0
"1078",4,3,0,1,0
"1079",0,0,1,4,0
"1080",0,0,8,1,0
"1081",0,0,1,7,0
"1082",3,2,0,0,0
"1083",1,2,3,0,0
"1084",0,1,5,1,0
"1085",1,3,2,0,0
"1086",0,0,0,8,0
"1087",2,7,0,0,0
"1088",0,0,0,4,0
"1089",0,0,0,4,2
"1090",1,0,1,1,0
"1091",1,1,1,0,0
"1092",0,0,9,0,0
"1093",0,3,5,0,0
"1094",0,0,4,0,0
"1095",0,3,0,0,0
"1096",0,0,6,0,0
"1097",0,5,2,0,0
"1098",4,0,3,0,0
"1099",0,0,1,7,0
"1100",0,3,2,0,0
"1101",0,2,7,0,0
"1102",5,0,2,0,0
"1103",0,2,1,2,0
"1104",0,3,6,0,0
"1105",1,6,1,0,0
"1106",0,9,2,0,0
"1107",5,4,0,0,0
"1108",1,7,0,0,0
"1109",0,5,2,0,0
"1110",1,3,6,0,0
"1111",0,2,0,0,0
"1112",1,0,3,0,0
"1113",0,0,4,3,0
"1114",0,5,1,0,0
"1115",1,3,0,0,0
"1116",1,3,1,0,0
"1117",0,3,0,1,0
"1118",1,3,4,0,0
"1119",7,0,0,0,0
"1120",5,0,1,0,0
"1121",0,1,4,0,0
"1122",0,1,8,1,0
"1123",1,2,1,0,0
"1124",1,5,0,1,0
"1125",1,2,0,1,0
"1126",0,0,7,0,0
"1127",1,4,1,0,0
"1128",0,3,1,0,0
"1129",5,3,0,0,0
"1130",0,2,1,1,0
"1131",0,2,4,0,0
"1132",1,3,0,3,0
"1133",3,2,1,0,0
"1134",1,0,4,1,0
"1135",0,0,2,0,0
"1136",1,3,0,0,0
"1137",0,0,9,0,0
"1138",5,1,0,0,0
"1139",0,1,7,0,0
"1140",0,6,0,0,0
"1141",4,0,0,0,0
"1142",1,5,1,0,0
"1143",4,0,0,0,0
"1144",0,6,3,0,0
"1145",0,6,1,0,0
"1146",1,3,1,0,0
"1147",0,0,10,0,0
"1148",1,4,2,0,0
"1149",0,0,6,1,0
"1150",1,5,2,0,0
"1151",0,0,0,7,0
"1152",2,3,0,0,0
"1153",1,5,0,0,0
"1154",1,2,0,0,0
"1155",3,1,0,0,0
"1156",1,5,1,0,0
"1157",0,0,3,3,0
"1158",0,0,9,1,0
"1159",0,3,1,0,0
"1160",2,6,6,0,0
"1161",0,6,0,0,0
"1162",5,1,1,0,0
"1163",0,0,2,6,0
"1164",2,4,0,1,0
"1165",1,7,0,0,0
"1166",0,4,2,0,0
"1167",3,2,1,0,0
"1168",0,6,0,0,0
"1169",1,3,1,0,0
"1170",5,3,0,0,0
"1171",1,3,2,0,0
"1172",0,6,3,0,0
"1173",3,7,0,0,0
"1174",3,0,2,0,0
"1175",2,3,0,1,0
"1176",0,1,4,0,0
"1177",2,6,0,0,0
"1178",2,0,2,0,0
"1179",0,0,0,4,0
"1180",0,4,2,0,0
"1181",0,0,7,0,0
"1182",0,0,4,0,0
"1183",1,8,1,0,0
"1184",8,1,0,0,0
"1185",0,0,9,0,0
"1186",0,6,0,0,0
"1187",0,1,2,4,0
"1188",0,6,2,0,0
"1189",0,0,0,2,0
"1190",5,2,1,0,0
"1191",0,0,9,1,0
"1192",1,5,1,0,0
"1193",2,1,0,0,0
"1194",0,8,0,0,0
"1195",0,2,2,0,0
"1196",2,5,0,0,0
"1197",0,0,9,3,0
"1198",0,2,5,0,0
"1199",0,0,9,0,0
"1200",2,6,0,0,0
"1201",0,3,0,0,0
"1202",2,2,1,0,0
"1203",1,2,0,0,0
"1204",1,4,2,1,0
"1205",3,7,0,0,0
"1206",0,0,2,2,0
"1207",0,4,2,0,0
"1208",0,0,6,4,0
"1209",3,2,0,0,0
"1210",0,0,6,0,0
"1211",1,1,6,0,0
"1212",0,1,7,0,0
"1213",0,1,2,0,0
"1214",4,2,1,0,0
"1215",5,3,1,0,0
"1216",1,0,1,0,0
"1217",0,4,2,0,0
"1218",0,1,4,0,0
"1219",0,2,4,0,0
"1220",0,3,0,0,0
"1221",1,0,3,0,0
"1222",0,0,0,4,1
"1223",0,0,0,8,0
"1224",7,1,0,0,0
"1225",4,0,0,0,0
"1226",0,0,3,4,0
"1227",0,0,7,0,0
"1228",0,1,2,0,0
"1229",0,1,5,0,0
"1230",3,0,2,0,0
"1231",0,0,1,4,0
"1232",0,3,0,0,0
"1233",7,0,2,0,0
"1234",6,0,0,0,0
"1235",7,3,0,0,0
"1236",1,0,3,0,0
"1237",4,6,1,0,0
"1238",0,1,5,0,0
"1239",0,3,6,1,0
"1240",0,3,3,0,0
"1241",0,6,1,0,0
"1242",0,3,1,0,0
"1243",0,1,0,3,0
"1244",0,2,1,0,0
"1245",0,1,3,0,0
"1246",0,0,6,0,0
"1247",1,6,0,0,0
"1248",1,6,0,0,0
"1249",1,0,5,0,0
"1250",3,2,2,0,0
"1251",0,2,5,0,0
"1252",3,3,2,0,0
"1253",0,1,4,0,0
"1254",0,0,2,5,0
"1255",0,3,0,0,0
"1256",0,4,2,0,0
"1257",4,2,0,0,0
"1258",0,6,0,0,0
"1259",0,2,4,0,0
"1260",0,5,0,0,0
"1261",1,6,0,0,0
"1262",0,0,5,0,0
"1263",1,3,2,0,0
"1264",2,4,0,0,0
"1265",1,3,1,0,0
"1266",4,3,0,0,0
"1267",0,0,3,3,0
"1268",2,1,1,1,0
"1269",1,2,4,0,0
"1270",1,6,0,0,0
"1271",0,2,5,0,0
"1272",1,3,1,0,0
"1273",3,0,0,0,0
"1274",2,1,0,1,0
"1275",1,3,0,0,0
"1276",0,1,3,3,0
"1277",2,6,0,0,0
"1278",0,0,8,0,0
"1279",0,5,1,0,0
"1280",0,0,4,0,0
"1281",1,1,2,0,0
"1282",0,0,1,0,0
"1283",1,3,0,0,0
"1284",0,0,0,4,0
"1285",1,5,2,0,0
"1286",2,5,1,0,0
"1287",0,0,3,5,0
"1288",1,3,0,0,0
"1289",0,4,0,2,0
"1290",3,0,0,3,0
"1291",1,0,3,0,0
"1292",2,3,0,0,0
"1293",1,0,4,0,0
"1294",2,1,2,0,0
"1295",3,1,0,0,0
"1296",4,1,1,0,0
"1297",3,5,0,0,0
"1298",0,0,4,0,0
"1299",0,1,3,0,0
"1300",1,2,0,0,0
"1301",2,0,0,0,0
"1302",0,0,3,0,0
"1303",2,3,2,2,0
"1304",0,0,5,2,0
"1305",0,1,3,0,0
"1306",0,2,0,0,0
"1307",0,6,0,0,0
"1308",0,0,4,0,0
"1309",0,7,0,1,0
"1310",1,2,1,0,0
"1311",0,0,7,0,0
"1312",2,0,2,0,0
"1313",1,3,0,0,0
"1314",0,1,4,1,0
"1315",0,2,6,0,0
"1316",1,1,5,2,0
"1317",0,6,0,1,0
"1318",0,0,7,0,0
"1319",3,2,0,0,0
"1320",0,0,5,1,0
"1321",0,0,7,2,0
"1322",3,1,2,0,0
"1323",1,2,2,2,0
"1324",0,2,2,0,0
"1325",8,0,0,0,0
"1326",0,3,1,3,0
"1327",0,6,0,0,0
"1328",2,5,0,1,0
"1329",0,4,0,1,0
"1330",0,0,1,7,1
"1331",1,4,0,0,0
"1332",0,0,2,6,0
"1333",0,1,7,0,0
"1334",0,2,4,0,0
"1335",2,0,2,0,0
"1336",0,1,1,1,0
"1337",2,1,0,0,0
"1338",0,0,2,5,0
"1339",0,6,0,0,0
"1340",3,1,0,0,0
"1341",0,1,1,0,0
"1342",7,0,0,0,0
"1343",2,2,0,0,0
"1344",1,4,2,0,0
"1345",0,0,5,0,0
"1346",0,3,4,0,0
"1347",0,1,6,0,0
"1348",10,1,0,0,0
"1349",0,1,3,0,0
"1350",0,0,5,0,0
"1351",0,2,4,0,0
"1352",0,2,2,1,0
"1353",0,4,0,0,0
"1354",0,0,4,0,0
"1355",4,1,0,0,0
"1356",0,8,0,0,0
"1357",4,3,3,0,0
"1358",0,0,6,0,0
"1359",1,5,2,1,0
"1360",4,5,0,0,0
"1361",2,3,1,0,0
"1362",3,2,1,0,0
"1363",0,4,2,0,0
"1364",2,2,1,0,0
"1365",0,5,2,0,0
"1366",0,4,1,0,0
"1367",0,5,0,0,0
"1368",0,6,0,0,0
"1369",0,0,3,0,0
"1370",2,3,0,0,0
"1371",3,0,0,0,0
"1372",2,4,0,0,0
"1373",1,6,0,0,0
"1374",0,6,0,0,0
"1375",0,1,5,0,0
"1376",1,6,2,0,0
"1377",1,7,2,0,0
"1378",3,0,1,0,0
"1379",0,2,4,0,0
"1380",0,0,7,0,0
"1381",0,2,5,1,0
"1382",1,1,0,0,0
"1383",1,6,3,0,0
"1384",0,0,4,2,0
"1385",4,0,0,0,0
"1386",5,0,0,0,0
"1387",1,1,4,0,0
"1388",1,1,2,0,0
"1389",0,0,2,2,0
"1390",8,1,0,0,0
"1391",3,1,2,0,0
"1392",0,0,5,0,0
"1393",1,4,1,0,0
"1394",0,0,5,2,0
"1395",3,2,1,0,0
"1396",2,5,1,0,0
"1397",0,2,4,0,0
"1398",0,0,0,5,0
"1399",5,1,0,1,0
"1400",2,0,0,0,0
"1401",0,0,1,7,0
"1402",0,0,1,1,0
"1403",0,0,5,1,0
"1404",0,1,1,2,0
"1405",1,3,3,0,0
"1406",0,2,1,0,0
"1407",2,5,0,0,0
"1408",0,4,2,0,0
"1409",4,6,1,0,0
"1410",1,2,1,0,0
"1411",1,1,0,1,0
"1412",1,2,1,0,0
"1413",4,1,0,0,0
"1414",1,5,0,0,0
"1415",1,5,2,0,0
"1416",1,5,0,0,0
"1417",0,0,5,0,0
"1418",0,0,0,6,0
"1419",5,0,1,0,0
"1420",0,4,6,0,0
"1421",2,0,3,0,0
"1422",2,4,0,0,0
"1423",2,3,0,0,0
"1424",2,3,0,0,0
"1425",3,1,0,0,0
"1426",3,5,0,0,0
"1427",1,1,1,3,0
"1428",0,6,2,0,0
"1429",6,2,1,0,0
"1430",0,1,4,0,0
"1431",4,2,0,0,0
"1432",0,0,1,7,0
"1433",1,5,1,0,0
"1434",0,3,7,0,0
"1435",0,6,3,0,0
"1436",0,0,5,0,0
"1437",2,0,0,0,0
"1438",0,0,0,6,0
"1439",2,5,4,0,0
"1440",1,2,0,0,0
"1441",1,0,7,0,0
"1442",0,1,4,0,0
"1443",0,1,3,0,0
"1444",0,0,4,0,0
"1445",1,4,0,0,0
"1446",0,0,4,0,0
"1447",0,5,0,0,0
"1448",1,1,2,0,0
"1449",0,0,6,0,0
"1450",2,3,2,0,0
"1451",0,5,4,0,0
"1452",1,6,1,0,0
"1453",4,0,0,1,0
"1454",1,0,4,0,0
"1455",0,2,1,0,0
"1456",0,0,9,0,0
"1457",1,2,0,0,0
"1458",1,6,1,0,0
"1459",1,5,0,0,0
"1460",4,4,0,0,0
"1461",1,7,0,0,0
"1462",2,5,0,0,0
"1463",0,0,2,5,0
"1464",5,2,0,0,0
"1465",0,1,4,1,0
"1466",3,1,0,0,0
"1467",2,0,0,0,0
"1468",2,3,1,0,0
"1469",0,0,7,1,0
"1470",1,0,5,0,0
"1471",0,0,4,2,0
"1472",0,6,1,0,0
"1473",3,6,0,0,0
"1474",2,7,0,0,0
"1475",1,0,6,0,0
"1476",0,3,2,0,0
"1477",3,0,3,0,0
"1478",0,5,0,3,0
"1479",1,5,0,0,0
"1480",0,5,0,0,0
"1481",4,0,0,0,0
"1482",0,0,6,0,0
"1483",2,4,1,0,0
"1484",0,0,7,0,0
"1485",1,4,3,0,0
"1486",0,4,1,0,0
"1487",0,0,8,0,0
"1488",1,1,3,1,0
"1489",0,0,8,1,0
"1490",0,5,4,0,0
"1491",2,2,2,2,0
"1492",1,2,0,2,0
"1493",1,2,1,0,0
"1494",2,5,0,0,0
"1495",8,2,0,0,0
"1496",0,6,0,0,0
"1497",0,0,5,2,0
"1498",6,2,1,0,0
"1499",0,0,4,4,0
"1500",1,6,1,0,0
"1501",7,0,0,1,0
"1502",0,0,3,1,0
"1503",0,0,5,3,0
"1504",0,5,1,0,0
"1505",0,0,9,0,0
"1506",1,2,1,1,0
"1507",0,2,0,0,0
"1508",0,0,4,0,0
"1509",3,4,1,0,0
"1510",0,1,2,0,0
"1511",0,0,6,2,0
"1512",1,5,0,0,0
"1513",1,4,2,0,0
"1514",1,0,0,2,0
"1515",1,2,2,0,0
"1516",2,0,4,0,0
"1517",0,4,1,0,0
"1518",0,0,2,3,0
"1519",0,2,0,1,0
"1520",3,1,0,0,0
"1521",1,0,4,0,0
"1522",1,0,6,2,0
"1523",0,2,2,0,0
"1524",1,3,0,1,0
"1525",1,4,3,0,0
"1526",0,7,2,0,0
"1527",0,2,0,0,0
"1528",0,0,6,2,0
"1529",0,1,3,0,0
"1530",0,0,3,0,0
"1531",1,3,0,1,0
"1532",1,0,1,1,0
"1533",0,5,6,0,0
"1534",1,6,0,0,0
"1535",0,0,0,4,0
"1536",1,2,2,2,0
"1537",0,0,5,0,0
"1538",1,0,7,0,0
"1539",0,4,5,0,0
"1540",0,6,2,0,0
"1541",3,0,0,0,0
"1542",0,1,5,0,0
"1543",2,3,2,0,0
"1544",1,5,0,0,0
"1545",2,4,0,0,0
"1546",0,0,4,0,0
"1547",0,2,1,0,0
"1548",0,4,7,0,0
"1549",0,0,5,0,0
"1550",0,2,6,2,0
"1551",0,0,7,0,0
"1552",0,0,3,0,0
"1553",0,0,0,0,0
"1554",0,2,3,0,0
"1555",0,0,6,1,0
"1556",0,1,5,0,0
"1557",1,1,4,0,0
"1558",1,2,2,0,0
"1559",2,1,0,0,0
"1560",0,2,3,0,0
"1561",1,3,1,2,0
"1562",2,3,0,0,0
"1563",0,0,6,1,0
"1564",0,4,2,2,0
"1565",0,3,6,0,0
"1566",0,2,3,0,0
"1567",1,4,5,0,0
"1568",4,3,0,0,0
"1569",0,0,6,0,0
"1570",2,1,0,0,0
"1571",2,3,2,0,0
"1572",1,1,0,1,0
"1573",1,1,4,0,0
"1574",0,0,7,1,0
"1575",0,8,0,0,0
"1576",0,0,4,0,0
"1577",1,4,3,0,0
"1578",1,0,4,0,0
"1579",6,0,0,0,0
"1580",0,0,4,0,0
"1581",0,0,8,0,0
"1582",1,0,6,0,0
"1583",1,6,0,0,0
"1584",0,1,8,0,0
"1585",2,0,2,0,0
"1586",3,5,2,0,0
"1587",1,7,0,0,0
"1588",1,4,0,1,0
"1589",2,0,0,0,0
"1590",2,3,1,0,0
"1591",0,0,1,0,0
"1592",0,0,7,2,0
"1593",2,1,2,0,0
"1594",3,3,2,0,0
"1595",5,1,0,0,0
"1596",1,1,0,0,0
"1597",0,0,5,1,0
"1598",1,0,6,0,0
"1599",1,3,2,0,0
"1600",0,9,0,0,0
"1601",0,0,5,0,0
"1602",5,0,1,0,0
"1603",0,2,4,0,0
"1604",4,0,2,0,0
"1605",3,1,0,0,0
"1606",0,3,7,0,0
"1607",0,0,6,0,0
"1608",7,0,0,0,0
"1609",0,0,7,1,0
"1610",3,1,2,0,0
"1611",0,0,9,0,0
"1612",1,0,6,0,0
"1613",2,1,0,0,0
"1614",1,5,1,0,0
"1615",3,0,0,1,0
"1616",4,2,0,0,0
"1617",2,1,1,0,0
"1618",0,0,5,0,0
"1619",1,0,7,0,0
"1620",0,0,7,1,0
"1621",0,5,1,0,0
"1622",0,0,0,7,0
"1623",2,7,0,0,0
"1624",2,0,0,0,0
"1625",2,2,0,0,0
"1626",0,0,7,0,0
"1627",0,0,0,9,0
"1628",0,0,8,0,0
"1629",1,0,7,0,0
"1630",0,4,0,0,0
"1631",1,6,0,0,0
"1632",0,1,6,1,0
"1633",0,0,6,1,0
"1634",1,6,0,0,0
"1635",0,4,1,0,0
"1636",0,0,0,8,0
"1637",0,4,2,0,0
"1638",0,5,0,0,0
"1639",4,0,0,0,0
"1640",7,0,0,0,0
"1641",1,0,4,0,2
"1642",1,7,0,0,0
"1643",4,2,0,0,0
"1644",1,7,0,0,0
"1645",0,1,7,0,0
"1646",2,4,0,0,0
"1647",4,2,1,0,0
"1648",3,4,1,0,0
"1649",0,3,2,0,0
"1650",2,3,0,0,0
"1651",1,2,2,0,0
"1652",0,1,4,0,0
"1653",5,0,0,0,0
"1654",0,5,0,0,0
"1655",1,6,0,0,0
"1656",1,4,4,0,0
"1657",0,3,1,0,0
"1658",2,0,0,0,0
"1659",0,0,6,1,0
"1660",1,5,0,0,0
"1661",2,1,1,0,0
"1662",1,4,0,0,0
"1663",0,1,3,0,0
"1664",0,1,0,4,0
"1665",0,0,6,0,0
"1666",1,0,6,0,0
"1667",2,3,2,0,0
"1668",0,2,2,0,0
"1669",0,1,5,0,0
"1670",1,0,1,0,0
"1671",0,0,8,0,0
"1672",0,0,6,1,0
"1673",4,0,0,0,0
"1674",0,0,4,0,0
"1675",0,0,0,6,0
"1676",4,0,0,0,0
"1677",0,2,5,0,0
"1678",1,1,1,0,0
"1679",0,4,5,2,0
"1680",0,3,0,0,0
"1681",0,2,1,0,0
"1682",2,4,0,0,0
"1683",0,2,5,0,0
"1684",1,3,0,0,0
"1685",7,1,2,0,0
"1686",0,0,1,0,0
"1687",0,0,3,0,0
"1688",0,5,0,0,0
"1689",4,3,0,0,0
"1690",4,2,2,0,0
"1691",1,5,1,0,0
"1692",1,7,1,0,0
"1693",1,1,2,0,0
"1694",0,1,5,0,0
"1695",1,4,0,0,0
"1696",1,2,3,0,0
"1697",6,1,0,0,0
"1698",0,0,5,1,0
"1699",0,0,4,5,0
"1700",1,5,4,0,0
"1701",1,2,0,0,0
"1702",0,3,1,0,0
"1703",0,0,0,3,0
"1704",1,5,0,0,0
"1705",4,0,1,0,0
"1706",2,3,0,0,0
"1707",1,6,0,0,0
"1708",0,1,5,0,0
"1709",3,1,0,0,0
"1710",1,4,0,0,0
"1711",0,8,1,0,0
"1712",1,0,3,0,0
"1713",1,3,2,0,0
"1714",1,2,1,0,0
"1715",0,0,6,1,0
"1716",0,4,1,0,0
"1717",0,0,7,0,0
"1718",1,5,2,0,0
"1719",2,3,0,1,0
"1720",1,3,4,0,0
"1721",0,2,5,0,0
"1722",2,5,0,0,0
"1723",0,0,0,4,0
"1724",1,6,1,0,0
"1725",5,1,2,0,0
"1726",2,4,2,0,0
"1727",0,5,3,2,0
"1728",0,2,4,0,0
"1729",0,1,7,0,0
"1730",6,0,2,0,0
"1731",2,4,0,0,0
"1732",0,1,7,0,0
"1733",0,2,4,2,0
"1734",1,4,2,1,0
"1735",1,6,0,0,0
"1736",0,1,3,0,0
"1737",0,1,5,0,0
"1738",3,5,0,0,0
"1739",0,9,0,1,0
"1740",0,1,6,0,0
"1741",3,5,0,0,0
"1742",5,0,1,0,0
"1743",4,1,0,0,0
"1744",0,2,4,0,0
"1745",0,5,1,0,0
"1746",1,4,0,0,0
"1747",1,3,0,0,0
"1748",0,1,5,2,0
"1749",1,2,3,0,0
"1750",0,4,0,0,0
"1751",6,2,1,0,0
"1752",0,1,3,0,0
"1753",1,0,6,0,0
"1754",2,1,0,0,0
"1755",6,1,0,0,0
"1756",2,2,0,0,0
"1757",0,4,2,0,0
"1758",5,2,0,0,0
"1759",1,0,6,0,0
"1760",0,4,2,0,0
"1761",5,0,1,0,0
"1762",4,2,1,0,0
"1763",5,1,0,0,0
"1764",0,0,0,3,2
"1765",1,1,0,0,0
"1766",0,1,5,2,0
"1767",0,1,5,0,0
"1768",0,0,5,0,0
"1769",3,5,0,0,0
"1770",2,1,0,0,0
"1771",1,4,0,0,0
"1772",1,2,2,0,0
"1773",0,2,2,0,0
"1774",0,0,0,8,0
"1775",1,1,4,2,0
"1776",4,3,3,0,0
"1777",0,1,3,0,0
"1778",0,0,9,0,0
"1779",0,1,6,0,0
"1780",0,1,4,0,0
"1781",1,8,0,0,0
"1782",1,5,2,0,0
"1783",4,2,2,0,0
"1784",7,0,3,0,0
"1785",3,1,0,0,0
"1786",1,0,4,0,0
"1787",2,3,2,0,0
"1788",0,6,0,0,0
"1789",0,4,0,0,0
"1790",4,1,1,0,0
"1791",0,0,4,4,0
"1792",0,5,2,0,0
"1793",1,1,2,0,0
"1794",0,0,0,2,0
"1795",1,2,3,0,0
"1796",0,1,3,0,0
"1797",0,0,8,0,0
"1798",0,5,1,0,0
"1799",1,2,0,0,0
"1800",0,4,1,0,0
"1801",0,0,2,7,0
"1802",0,2,4,2,0
"1803",2,4,2,1,0
"1804",0,0,0,7,0
"1805",2,0,2,0,0
"1806",6,0,2,0,0
"1807",0,1,6,0,0
"1808",0,5,2,0,0
"1809",0,1,5,2,0
"1810",1,1,3,0,0
"1811",2,1,0,1,0
"1812",1,0,0,0,0
"1813",0,0,3,0,0
"1814",3,1,2,0,0
"1815",0,0,4,0,0
"1816",0,4,3,0,0
"1817",0,2,1,0,0
"1818",1,0,5,0,0
"1819",0,5,0,0,0
"1820",2,2,0,0,0
"1821",1,3,0,0,0
"1822",0,2,0,1,0
"1823",4,0,1,1,0
"1824",1,5,0,0,0
"1825",0,1,7,0,0
"1826",0,0,5,2,0
"1827",0,1,3,1,0
"1828",0,0,1,3,0
"1829",0,0,0,6,0
"1830",0,3,1,1,0
"1831",1,0,6,0,0
"1832",0,3,4,2,0
"1833",0,1,2,1,0
"1834",3,3,1,0,0
"1835",0,8,0,0,0
"1836",4,2,0,0,0
"1837",0,7,3,0,0
"1838",0,8,0,2,0
"1839",3,1,1,0,0
"1840",0,7,2,0,0
"1841",2,6,0,0,0
"1842",1,4,1,0,0
"1843",0,0,6,0,0
"1844",4,0,0,0,0
"1845",0,2,0,4,0
"1846",1,2,0,0,0
"1847",5,1,0,0,0
"1848",0,2,6,0,0
"1849",0,3,0,0,0
"1850",0,0,6,0,0
"1851",0,6,1,0,0
"1852",0,0,9,0,0
"1853",8,1,0,0,0
"1854",0,5,0,0,0
"1855",1,0,2,2,0
"1856",0,1,4,0,0
"1857",0,1,4,1,0
"1858",0,1,8,0,0
"1859",2,4,0,0,0
"1860",0,0,5,0,0
"1861",0,0,6,0,0
"1862",0,1,6,1,0
"1863",0,5,2,0,0
"1864",3,0,0,0,0
"1865",0,8,0,0,0
"1866",1,2,1,0,0
"1867",0,3,4,2,0
"1868",1,0,4,0,0
"1869",0,0,8,0,0
"1870",1,2,1,0,0
"1871",1,4,0,0,0
"1872",0,0,6,0,0
"1873",0,1,7,0,0
"1874",0,7,0,0,0
"1875",6,2,0,0,0
"1876",4,2,0,0,0
"1877",0,2,3,0,0
"1878",4,7,0,0,0
"1879",1,4,4,0,0
"1880",1,3,1,0,0
"1881",0,0,4,0,0
"1882",0,0,5,0,0
"1883",2,2,0,0,0
"1884",1,3,2,1,0
"1885",0,6,2,0,0
"1886",2,3,0,0,0
"1887",0,6,0,0,0
"1888",0,5,2,0,0
"1889",2,3,1,0,0
"1890",2,0,0,1,0
"1891",3,1,0,0,0
"1892",0,2,4,0,0
"1893",2,2,0,0,0
"1894",3,5,0,0,0
"1895",1,0,1,1,0
"1896",0,2,3,0,0
"1897",0,0,3,0,0
"1898",0,0,5,0,0
"1899",1,4,1,0,0
"1900",0,0,0,4,0
"1901",0,4,0,0,0
"1902",0,2,3,0,0
"1903",0,3,6,0,0
"1904",2,0,0,0,0
"1905",0,0,8,0,0
"1906",4,0,0,0,0
"1907",1,4,1,0,0
"1908",0,0,7,0,0
"1909",0,1,9,0,0
"1910",0,0,7,0,0
"1911",4,1,0,0,0
"1912",1,2,2,0,0
"1913",0,4,1,1,0
"1914",1,2,5,0,0
"1915",0,0,0,7,0
"1916",0,0,3,2,0
"1917",0,0,9,0,0
"1918",1,4,0,0,0
"1919",0,2,6,4,0
"1920",1,3,2,0,0
"1921",0,1,7,0,0
"1922",4,1,2,0,0
"1923",0,6,0,4,0
"1924",0,2,5,1,0
"1925",0,0,6,1,0
"1926",2,4,0,0,0
"1927",2,2,0,0,0
"1928",2,2,1,0,0
"1929",3,0,0,0,0
"1930",0,0,5,2,0
"1931",1,1,3,0,0
"1932",0,4,1,0,0
"1933",1,7,0,0,0
"1934",0,1,2,0,0
"1935",0,0,4,0,0
"1936",6,2,0,0,0
"1937",0,1,5,0,0
"1938",0,1,7,0,0
"1939",0,5,0,0,0
"1940",0,0,3,0,0
"1941",3,0,0,0,0
"1942",0,4,0,1,0
"1943",1,1,2,0,0
"1944",0,3,1,0,0
"1945",4,5,2,0,0
"1946",1,0,3,0,0
"1947",0,1,6,0,0
"1948",0,5,1,0,0
"1949",0,0,3,2,0
"1950",0,0,0,6,0
"1951",0,1,5,1,0
"1952",3,5,1,0,0
"1953",3,3,1,0,0
"1954",0,0,8,0,0
"1955",0,2,4,1,0
"1956",0,0,7,1,0
"1957",0,0,3,0,0
"1958",8,2,0,0,0
"1959",0,0,5,0,0
"1960",0,0,0,5,1
"1961",0,0,8,0,0
"1962",5,0,2,0,0
"1963",0,7,0,0,0
"1964",2,1,1,0,0
"1965",0,2,3,0,0
"1966",0,8,0,0,0
"1967",0,9,1,0,0
"1968",0,5,5,0,0
"1969",0,4,1,0,0
"1970",1,5,0,1,0
"1971",0,0,1,5,0
"1972",5,2,0,0,0
"1973",0,0,6,3,0
"1974",2,0,0,0,0
"1975",0,3,1,0,0
"1976",0,0,9,0,0
"1977",0,10,0,0,0
"1978",2,5,0,0,0
"1979",2,0,2,0,0
"1980",1,7,0,0,0
"1981",0,1,2,2,0
"1982",2,4,0,1,0
"1983",0,2,0,0,0
"1984",3,4,0,0,0
"1985",0,2,4,0,0
"1986",0,0,3,2,0
"1987",0,1,6,0,0
"1988",0,1,3,0,0
"1989",0,0,5,1,0
"1990",0,1,6,0,0
"1991",0,0,4,1,0
"1992",3,1,0,0,0
"1993",6,0,0,0,0
"1994",0,10,0,0,0
"1995",0,2,2,0,0
"1996",0,1,7,1,0
"1997",0,0,0,5,0
"1998",1,0,7,0,0
"1999",0,0,5,2,0
"2000",0,5,1,0,0
"2001",0,6,1,0,0
"2002",4,1,1,0,0
"2003",0,2,3,0,0
"2004",8,0,2,0,0
"2005",0,1,1,1,0
"2006",0,2,0,0,0
"2007",5,0,2,0,0
"2008",3,2,0,0,0
"2009",0,4,0,0,0
"2010",0,0,4,0,0
"2011",0,4,3,1,0
"2012",5,1,0,0,0
"2013",1,0,1,1,0
"2014",2,3,0,0,0
"2015",1,2,2,2,0
"2016",0,0,6,1,0
"2017",0,0,4,0,0
"2018",0,6,0,0,0
"2019",1,6,3,0,0
"2020",0,7,0,0,0
"2021",1,4,2,0,0
"2022",0,3,4,0,0
"2023",1,2,0,1,0
"2024",0,7,0,0,0
"2025",2,5,2,0,0
"2026",0,3,0,3,0
"2027",0,0,4,1,0
"2028",2,0,0,0,0
"2029",7,1,0,0,0
"2030",1,1,3,0,0
"2031",0,5,3,0,0
"2032",0,0,7,1,0
"2033",0,0,5,1,0
"2034",1,7,0,0,0
"2035",0,1,4,2,0
"2036",0,5,0,0,0
"2037",0,0,9,0,0
"2038",3,3,0,0,0
"2039",1,0,6,0,0
"2040",0,0,3,0,0
"2041",0,1,5,0,0
"2042",0,0,0,4,0
"2043",0,2,5,0,0
"2044",1,2,0,0,0
"2045",0,2,2,1,0
"2046",2,2,1,0,0
"2047",1,1,1,0,0
"2048",0,1,5,0,0
"2049",0,2,4,0,0
"2050",4,5,0,0,0
"2051",1,0,6,0,0
"2052",0,0,4,0,0
"2053",0,0,5,0,0
"2054",1,5,2,0,0
"2055",0,8,0,0,0
"2056",2,2,0,0,0
"2057",0,7,1,0,0
"2058",0,0,5,1,0
"2059",0,1,4,2,0
"2060",1,5,1,0,0
"2061",2,0,0,0,0
"2062",0,2,2,1,0
"2063",2,4,1,0,0
"2064",0,4,0,0,0
"2065",3,4,0,0,0
"2066",0,7,1,0,0
"2067",2,3,1,0,0
"2068",0,7,0,1,0
"2069",0,4,2,0,0
"2070",0,0,7,0,0
"2071",2,1,1,0,0
"2072",0,7,0,2,0
"2073",4,3,2,0,0
"2074",4,0,0,0,0
"2075",0,2,1,0,0
"2076",0,0,7,0,0
"2077",0,0,9,0,0
"2078",2,4,0,0,0
"2079",1,1,1,0,0
"2080",0,0,5,0,0
"2081",1,4,1,0,0
"2082",1,5,0,0,0
"2083",0,8,1,0,0
"2084",2,3,1,2,0
"2085",0,5,0,2,0
"2086",0,0,6,0,0
"2087",0,0,5,0,0
"2088",3,3,0,0,0
"2089",0,5,0,0,0
"2090",0,1,5,0,0
"2091",2,5,0,0,0
"2092",0,1,8,0,0
"2093",0,0,4,0,0
"2094",6,1,2,0,0
"2095",1,0,3,0,0
"2096",4,3,2,0,0
"2097",0,3,2,0,0
"2098",0,5,6,0,0
"2099",1,3,1,0,0
"2100",1,5,0,0,0
"2101",1,2,4,0,0
"2102",2,0,2,0,0
"2103",0,2,4,0,0
"2104",0,0,7,2,0
"2105",2,5,0,0,0
"2106",0,0,2,6,0
"2107",0,0,0,8,0
"2108",0,0,6,2,0
"2109",1,0,5,0,0
"2110",0,3,0,4,0
"2111",6,0,0,0,0
"2112",2,1,0,0,0
"2113",2,6,0,0,0
"2114",1,4,0,0,0
"2115",0,2,0,0,0
"2116",2,0,0,0,0
"2117",1,3,0,0,0
"2118",4,0,0,0,0
"2119",1,2,3,0,0
"2120",0,1,4,0,0
"2121",1,3,1,0,0
"2122",3,0,2,0,0
"2123",2,5,1,0,0
"2124",1,3,3,2,0
"2125",0,2,7,0,0
"2126",0,1,7,0,0
"2127",0,5,2,0,0
"2128",1,3,2,0,0
"2129",2,0,3,0,0
"2130",0,3,6,2,0
"2131",0,0,8,0,0
"2132",0,2,3,0,0
"2133",4,1,0,1,0
"2134",0,2,5,2,0
"2135",2,2,0,2,0
"2136",0,0,1,6,0
"2137",1,4,2,0,0
"2138",0,0,5,2,0
"2139",0,0,1,4,0
"2140",0,9,1,2,0
"2141",1,1,0,0,0
"2142",0,1,6,0,0
"2143",4,4,1,0,0
"2144",0,0,8,0,0
"2145",1,0,2,0,0
"2146",0,4,0,0,0
"2147",3,2,0,0,0
"2148",0,5,3,0,0
"2149",1,1,4,0,0
"2150",5,0,0,0,0
"2151",3,2,0,0,0
"2152",0,1,7,0,0
"2153",3,2,2,0,0
"2154",0,1,7,1,0
"2155",1,5,0,0,0
"2156",1,0,3,1,0
"2157",1,3,3,0,0
"2158",1,3,3,2,0
"2159",4,1,0,0,0
"2160",0,1,6,0,0
"2161",0,3,1,0,0
"2162",4,2,0,0,0
"2163",2,3,0,0,0
"2164",0,3,1,0,0
"2165",0,0,8,0,0
"2166",0,0,4,1,0
"2167",0,6,1,0,0
"2168",0,8,2,0,0
"2169",4,1,0,0,0
"2170",0,0,7,0,0
"2171",0,0,6,2,0
"2172",0,0,4,2,0
"2173",0,0,6,0,0
"2174",0,1,0,2,0
"2175",0,0,4,0,0
"2176",0,0,6,0,0
"2177",1,1,2,0,0
"2178",0,0,6,1,0
"2179",0,5,2,0,0
"2180",0,0,7,1,0
"2181",1,3,3,0,0
"2182",6,0,1,0,0
"2183",1,0,3,0,0
"2184",2,5,0,1,0
"2185",0,4,1,0,0
"2186",0,6,1,1,0
"2187",0,1,5,0,0
"2188",0,0,11,0,0
"2189",0,1,5,0,0
"2190",1,5,1,0,0
"2191",3,1,0,0,0
"2192",0,3,0,1,0
"2193",1,2,0,1,0
"2194",0,6,0,0,0
"2195",0,4,0,0,0
"2196",0,4,2,0,0
"2197",3,0,3,0,0
"2198",2,1,0,0,0
"2199",3,1,0,0,0
"2200",0,0,9,0,0
"2201",2,3,0,0,0
"2202",0,0,1,4,1
"2203",6,3,3,0,0
"2204",0,0,6,0,0
"2205",0,2,5,2,0
"2206",0,4,6,0,0
"2207",4,0,1,0,0
"2208",0,3,0,1,0
"2209",0,3,1,0,0
"2210",7,0,0,0,0
"2211",5,2,0,0,0
"2212",5,3,0,0,0
"2213",0,1,7,0,0
"2214",1,5,1,0,0
"2215",0,1,4,0,0
"2216",1,1,3,0,0
"2217",8,0,0,3,0
"2218",1,3,0,0,0
"2219",0,0,4,3,1
"2220",2,6,1,0,0
"2221",2,1,1,0,0
"2222",3,0,2,0,0
"2223",2,6,0,0,0
"2224",1,1,3,0,0
"2225",2,0,0,2,0
"2226",2,2,1,0,0
"2227",0,8,2,1,0
"2228",0,1,3,0,0
"2229",2,3,0,0,0
"2230",5,0,1,0,0
"2231",7,0,0,0,0
"2232",0,0,6,0,0
"2233",0,0,4,2,0
"2234",0,7,4,0,0
"2235",1,3,3,0,0
"2236",0,0,4,1,0
"2237",2,0,2,0,0
"2238",0,1,4,0,0
"2239",0,5,1,0,0
"2240",1,6,2,0,0
"2241",3,0,0,0,0
"2242",1,3,2,0,0
"2243",0,1,0,0,0
"2244",0,0,6,1,0
"2245",1,0,5,0,0
"2246",3,2,0,0,0
"2247",0,0,5,2,0
"2248",3,5,0,0,0
"2249",1,1,2,0,0
"2250",1,0,2,0,0
"2251",4,4,0,0,0
"2252",0,0,6,0,0
"2253",0,0,8,1,0
"2254",2,3,0,0,0
"2255",0,1,3,0,0
"2256",3,4,2,0,0
"2257",0,1,3,0,0
"2258",0,1,6,0,0
"2259",0,0,8,0,0
"2260",0,2,3,0,0
"2261",2,4,0,0,0
"2262",9,1,0,0,0
"2263",0,0,0,1,2
"2264",0,4,2,0,0
"2265",0,0,4,0,0
"2266",1,0,5,0,0
"2267",0,1,1,1,0
"2268",2,4,0,0,0
"2269",1,5,0,0,0
"2270",2,3,0,0,0
"2271",1,0,7,0,0
"2272",2,1,0,0,0
"2273",0,5,5,0,0
"2274",0,4,3,1,0
"2275",3,0,0,1,0
"2276",1,0,4,0,0
"2277",0,5,3,0,0
"2278",1,5,0,0,0
"2279",2,4,0,0,0
"2280",0,4,1,0,0
"2281",1,3,0,0,0
"2282",1,5,1,0,0
"2283",0,0,8,0,0
"2284",0,1,0,0,0
"2285",0,5,0,1,0
"2286",0,1,3,0,0
"2287",1,6,1,0,0
"2288",0,8,1,0,0
"2289",0,0,4,0,0
"2290",0,2,4,0,0
"2291",0,1,6,0,0
"2292",0,0,7,1,0
"2293",2,5,0,0,0
"2294",0,0,10,0,0
"2295",2,4,0,0,0
"2296",0,2,4,0,0
"2297",2,4,1,0,0
"2298",0,2,3,0,0
"2299",0,4,0,0,0
"2300",1,5,2,0,0
"2301",1,7,0,0,0
"2302",1,0,3,1,0
"2303",3,4,1,0,0
"2304",0,0,0,6,0
"2305",0,7,0,0,0
"2306",2,2,0,0,0
"2307",0,3,2,0,0
"2308",2,0,4,0,0
"2309",0,4,1,0,0
"2310",4,3,0,0,0
"2311",1,1,4,0,0
"2312",0,1,2,0,0
"2313",0,0,3,1,0
"2314",0,4,2,0,0
"2315",2,3,0,0,0
"2316",5,3,2,0,0
"2317",1,7,1,0,0
"2318",0,2,9,0,0
"2319",0,0,5,0,0
"2320",0,1,5,0,0
"2321",6,0,0,0,0
"2322",0,4,3,0,0
"2323",2,2,0,0,0
"2324",5,1,1,0,0
"2325",0,2,0,2,0
"2326",0,1,6,0,0
"2327",0,0,0,6,0
"2328",3,3,2,0,0
"2329",0,1,8,1,0
"2330",0,0,3,5,0
"2331",0,5,0,0,0
"2332",4,0,2,0,0
"2333",0,7,1,0,0
"2334",2,3,1,0,0
"2335",2,5,1,0,0
"2336",0,8,3,0,0
"2337",1,5,1,0,0
"2338",1,2,2,0,0
"2339",2,5,0,0,0
"2340",0,2,0,2,0
"2341",2,0,0,0,0
"2342",0,0,8,0,0
"2343",1,6,0,0,0
"2344",0,7,0,0,0
"2345",8,0,2,0,0
"2346",0,0,7,2,0
"2347",5,1,1,0,0
"2348",1,5,0,0,0
"2349",0,0,7,0,0
"2350",3,1,0,0,0
"2351",1,0,2,0,0
"2352",0,0,3,0,0
"2353",0,1,5,0,0
"2354",2,7,0,0,0
"2355",1,0,6,0,0
"2356",0,1,7,0,0
"2357",1,0,5,0,0
"2358",0,4,0,0,0
"2359",0,3,6,0,0
"2360",0,0,8,0,1
"2361",1,3,1,0,0
"2362",0,0,6,0,0
"2363",4,3,0,0,0
"2364",0,0,6,0,0
"2365",1,3,2,0,0
"2366",0,2,7,0,0
"2367",0,0,4,2,0
"2368",4,0,0,0,0
"2369",0,1,7,0,0
"2370",1,2,0,0,0
"2371",1,0,6,0,0
"2372",0,0,9,0,0
"2373",0,0,7,2,0
"2374",0,5,2,0,0
"2375",1,0,2,0,0
"2376",0,0,9,0,0
"2377",0,0,4,0,0
"2378",0,2,2,0,0
"2379",3,3,1,0,0
"2380",8,1,0,0,0
"2381",0,5,2,0,0
"2382",0,2,2,0,0
"2383",0,6,0,0,0
"2384",1,5,0,0,0
"2385",0,0,3,1,0
"2386",3,7,0,0,0
"2387",0,6,0,0,0
"2388",0,0,4,0,0
"2389",1,1,3,1,0
"2390",0,0,7,1,0
"2391",1,0,7,0,0
"2392",0,5,1,0,0
"2393",0,1,2,0,0
"2394",3,3,0,0,0
"2395",1,3,0,0,0
"2396",2,6,0,0,0
"2397",3,0,2,0,0
"2398",0,0,9,0,0
"2399",3,2,0,0,0
"2400",0,5,4,0,0
"2401",1,2,0,0,0
"2402",0,3,5,0,0
"2403",5,0,0,0,0
"2404",5,2,0,0,0
"2405",4,2,0,0,0
"2406",0,0,5,0,0
"2407",1,0,2,0,0
"2408",0,3,0,0,0
"2409",1,2,0,0,0
"2410",0,1,4,0,0
"2411",1,1,5,0,0
"2412",1,0,5,0,0
"2413",8,0,1,0,0
"2414",1,4,2,0,0
"2415",1,3,3,0,0
"2416",0,2,4,0,0
"2417",0,7,2,0,0
"2418",1,4,0,0,0
"2419",2,1,0,0,0
"2420",2,4,0,0,0
"2421",0,0,6,0,0
"2422",0,3,2,0,0
"2423",1,4,0,0,0
"2424",5,0,1,0,0
"2425",0,8,1,0,0
"2426",1,0,5,0,0
"2427",0,4,2,0,0
"2428",7,0,0,0,0
"2429",2,6,0,0,0
"2430",0,0,3,6,0
"2431",6,0,2,0,0
"2432",2,0,2,0,0
"2433",0,1,5,0,0
"2434",0,0,6,0,0
"2435",1,6,1,0,0
"2436",0,1,7,0,0
"2437",0,0,0,4,1
"2438",0,0,7,0,0
"2439",0,4,5,0,0
"2440",3,0,1,0,0
"2441",1,0,3,0,0
"2442",0,0,0,6,0
"2443",0,7,1,0,0
"2444",0,0,8,0,0
"2445",0,1,5,0,0
"2446",2,5,0,0,0
"2447",0,3,6,0,0
"2448",0,2,2,0,0
"2449",0,0,3,6,0
"2450",0,0,8,0,0
"2451",1,5,0,0,0
"2452",2,0,0,0,0
"2453",1,0,6,0,0
"2454",6,2,0,0,0
"2455",2,4,1,0,0
"2456",0,3,1,2,0
"2457",3,2,0,0,0
"2458",2,0,0,0,0
"2459",2,1,1,0,0
"2460",1,6,0,0,0
"2461",0,0,8,0,0
"2462",0,2,4,0,0
"2463",0,3,3,0,0
"2464",1,3,1,0,0
"2465",2,0,0,0,0
"2466",0,0,5,1,0
"2467",1,1,0,1,0
"2468",0,0,0,8,0
"2469",1,6,0,0,0
"2470",2,1,0,0,0
"2471",2,5,0,0,0
"2472",1,1,1,0,0
"2473",1,0,1,0,0
"2474",1,1,3,0,0
"2475",0,0,2,1,0
"2476",3,6,2,0,0
"2477",0,0,3,3,0
"2478",0,1,6,0,0
"2479",2,3,0,0,0
"2480",0,7,0,2,0
"2481",1,4,0,0,0
"2482",6,2,1,0,0
"2483",0,0,5,0,0
"2484",0,4,4,0,0
"2485",1,0,5,0,0
"2486",0,4,3,0,0
"2487",0,4,1,0,0
"2488",2,0,0,0,0
"2489",0,5,2,0,0
"2490",0,0,1,4,0
"2491",2,6,0,0,0
"2492",1,5,1,0,0
"2493",0,0,0,7,0
"2494",0,5,0,0,0
"2495",2,2,0,0,0
"2496",1,5,0,0,0
"2497",0,3,0,0,0
"2498",0,0,1,3,0
"2499",0,7,3,0,0
"2500",3,0,0,0,0
"2501",0,1,4,0,0
"2502",1,6,1,0,0
"2503",2,0,0,0,0
"2504",1,1,3,0,0
"2505",8,1,2,0,0
"2506",0,0,7,0,0
"2507",0,5,2,0,0
"2508",0,0,6,0,0
"2509",5,1,0,0,0
"2510",0,0,5,2,0
"2511",4,0,0,0,0
"2512",0,1,6,0,0
"2513",1,2,1,4,0
"2514",0,1,5,1,0
"2515",0,1,4,0,0
"2516",1,3,0,2,0
"2517",0,1,0,2,0
"2518",0,1,6,1,0
"2519",0,0,5,1,0
"2520",1,3,0,1,0
"2521",2,3,2,0,0
"2522",4,2,1,0,0
"2523",0,6,2,0,0
"2524",0,0,0,6,0
"2525",0,0,7,1,0
"2526",2,0,2,0,0
"2527",4,2,0,0,0
"2528",1,4,1,0,0
"2529",1,0,3,0,0
"2530",1,2,0,1,0
"2531",3,6,0,0,0
"2532",1,0,3,2,0
"2533",0,0,6,0,0
"2534",1,6,2,0,0
"2535",1,0,1,0,0
"2536",0,1,5,0,0
"2537",0,0,0,8,0
"2538",0,0,6,0,0
"2539",0,3,9,0,0
"2540",4,2,0,0,0
"2541",0,0,9,0,0
"2542",0,1,1,0,0
"2543",0,0,4,1,0
"2544",2,0,0,0,0
"2545",0,5,3,0,0
"2546",0,7,3,2,0
"2547",0,1,1,4,0
"2548",1,1,1,0,0
"2549",0,3,1,2,0
"2550",0,0,0,6,0
"2551",3,2,0,0,0
"2552",0,0,5,0,0
"2553",5,0,0,0,0
"2554",0,0,3,0,0
"2555",0,0,5,0,0
"2556",2,2,2,0,0
"2557",0,1,5,0,0
"2558",3,2,1,0,0
"2559",0,5,0,1,0
"2560",0,1,6,0,0
"2561",1,0,6,0,0
"2562",0,1,7,0,0
"2563",0,4,4,0,0
"2564",1,6,0,0,0
"2565",0,1,5,2,0
"2566",0,7,0,0,0
"2567",0,0,6,0,0
"2568",4,2,0,0,0
"2569",1,5,0,0,0
"2570",0,0,1,0,0
"2571",0,5,0,3,0
"2572",0,3,4,0,0
"2573",1,4,0,0,0
"2574",0,0,0,2,0
"2575",0,0,7,0,0
"2576",0,5,0,0,0
"2577",0,6,0,0,0
"2578",0,0,1,1,0
"2579",0,4,1,0,0
"2580",0,1,0,0,0
"2581",0,4,4,0,0
"2582",2,4,0,0,0
"2583",0,1,1,0,0
"2584",2,3,0,0,0
"2585",3,4,0,1,0
"2586",4,1,0,0,0
"2587",0,3,2,2,0
"2588",0,0,5,1,0
"2589",1,4,0,0,0
"2590",3,0,0,0,0
"2591",0,3,0,2,0
"2592",0,0,6,0,0
"2593",0,4,2,0,0
"2594",0,0,6,1,0
"2595",1,5,1,0,0
"2596",4,3,0,0,0
"2597",3,1,1,0,0
"2598",0,0,8,0,0
"2599",3,0,2,0,0
"2600",0,0,5,0,2
"2601",4,1,2,0,0
"2602",0,2,4,1,0
"2603",0,0,7,0,0
"2604",0,0,6,3,0
"2605",2,2,1,0,0
"2606",0,0,9,0,0
"2607",2,2,2,0,0
"2608",0,0,0,7,0
"2609",0,0,0,7,0
"2610",5,4,0,0,0
"2611",0,1,8,2,0
"2612",0,0,7,0,0
"2613",0,2,5,0,0
"2614",0,6,0,0,0
"2615",0,3,6,3,0
"2616",1,5,0,0,0
"2617",2,3,1,0,0
"2618",0,7,0,1,0
"2619",8,0,3,0,0
"2620",1,4,0,0,0
"2621",0,1,3,0,0
"2622",1,3,1,0,0
"2623",0,1,3,0,0
"2624",2,2,0,0,0
"2625",1,2,4,0,0
"2626",1,3,4,0,0
"2627",3,3,2,0,0
"2628",2,1,2,0,0
"2629",0,0,5,0,0
"2630",2,2,2,0,0
"2631",0,5,0,0,0
"2632",0,0,7,0,0
"2633",0,1,3,0,0
"2634",2,3,1,0,0
"2635",2,2,3,0,0
"2636",0,1,3,0,0
"2637",0,3,0,0,0
"2638",0,5,6,0,0
"2639",2,3,0,0,0
"2640",0,0,3,0,0
"2641",0,0,6,0,0
"2642",1,5,0,2,0
"2643",5,0,0,0,0
"2644",0,3,3,0,0
"2645",0,0,3,0,0
"2646",4,2,0,0,0
"2647",7,1,1,0,0
"2648",0,1,5,2,0
"2649",2,2,0,0,0
"2650",0,0,7,0,0
"2651",2,4,0,0,0
"2652",0,0,7,0,0
"2653",0,0,3,1,0
"2654",2,2,0,0,0
"2655",0,2,7,0,0
"2656",0,2,6,0,0
"2657",0,4,2,0,0
"2658",0,3,2,0,0
"2659",1,0,0,0,0
"2660",0,5,1,0,0
"2661",0,6,0,0,0
"2662",5,0,2,0,0
"2663",0,1,5,0,0
"2664",3,6,0,0,0
"2665",0,6,4,0,0
"2666",0,3,2,0,0
"2667",7,1,0,0,0
"2668",0,1,5,0,0
"2669",0,1,5,0,0
"2670",0,0,6,0,0
"2671",1,7,0,0,0
"2672",1,3,3,0,0
"2673",0,8,0,0,0
"2674",0,1,9,0,0
"2675",0,1,5,0,0
"2676",0,1,6,0,0
"2677",0,4,1,1,0
"2678",0,0,5,1,0
"2679",2,0,0,1,0
"2680",1,0,2,0,0
"2681",0,1,6,0,0
"2682",2,3,1,0,0
"2683",0,4,2,0,0
"2684",3,0,2,0,0
"2685",4,1,2,0,0
"2686",0,3,1,0,0
"2687",5,1,0,0,0
"2688",2,1,3,0,0
"2689",1,5,0,0,0
"2690",0,0,3,0,0
"2691",2,0,2,0,0
"2692",6,4,0,0,0
"2693",0,0,2,5,0
"2694",0,3,1,0,0
"2695",1,4,4,0,0
"2696",0,0,5,0,0
"2697",1,5,0,0,0
"2698",6,2,2,0,0
"2699",5,1,0,0,0
"2700",2,0,1,0,0
"2701",0,1,5,0,0
"2702",1,2,2,0,0
"2703",1,0,6,0,0
"2704",2,5,1,0,0
"2705",1,0,5,0,0
"2706",0,0,8,1,0
"2707",1,0,5,0,0
"2708",1,4,1,0,0
"2709",3,0,0,0,0
"2710",2,1,0,0,0
"2711",0,1,5,1,0
"2712",2,4,2,0,0
"2713",0,3,4,1,0
"2714",1,8,0,0,0
"2715",0,1,7,0,0
"2716",0,1,3,3,0
"2717",0,2,2,1,0
"2718",0,2,1,0,0
"2719",0,1,1,2,0
"2720",6,1,0,0,0
"2721",0,0,8,0,0
"2722",0,0,4,0,0
"2723",1,3,4,0,0
"2724",4,3,0,0,0
"2725",0,2,5,0,0
"2726",1,4,0,3,0
"2727",6,3,1,0,0
"2728",0,0,0,3,0
"2729",0,0,6,0,0
"2730",2,4,0,0,0
"2731",1,2,5,0,0
"2732",0,5,0,0,0
"2733",1,6,2,0,0
"2734",1,3,1,0,0
"2735",0,2,2,2,0
"2736",0,5,1,0,0
"2737",0,8,0,0,0
"2738",2,4,2,0,0
"2739",1,4,3,0,0
"2740",0,0,4,0,0
"2741",0,6,0,3,0
"2742",0,1,7,0,0
"2743",1,0,6,0,0
"2744",0,0,6,0,0
"2745",0,2,0,0,0
"2746",0,0,7,2,0
"2747",0,6,0,0,0
"2748",0,0,2,0,0
"2749",5,3,0,0,0
"2750",0,3,0,0,0
"2751",2,3,0,2,0
"2752",0,3,3,0,0
"2753",0,1,1,2,0
"2754",2,4,0,0,0
"2755",0,0,6,0,0
"2756",0,3,2,0,0
"2757",1,7,2,0,0
"2758",1,5,1,0,0
"2759",0,8,1,0,0
"2760",3,2,0,0,0
"2761",6,1,0,0,0
"2762",2,1,0,1,0
"2763",0,3,8,0,0
"2764",0,2,3,1,0
"2765",1,8,0,0,0
"2766",1,0,2,0,0
"2767",1,3,1,0,0
"2768",0,0,3,6,0
"2769",0,5,0,0,0
"2770",1,0,4,0,0
"2771",0,5,2,0,0
"2772",1,4,0,0,0
"2773",0,1,6,0,0
"2774",2,3,0,0,0
"2775",0,3,4,0,0
"2776",0,0,4,4,0
"2777",0,0,1,2,0
"2778",2,2,0,0,0
"2779",0,5,4,0,0
"2780",0,1,5,0,0
"2781",2,2,2,0,0
"2782",0,2,3,0,0
"2783",0,4,0,0,0
"2784",0,6,1,0,0
"2785",0,0,3,0,0
"2786",0,0,4,5,1
"2787",0,0,2,0,0
"2788",0,5,1,0,0
"2789",0,1,7,0,0
"2790",2,2,2,0,0
"2791",0,0,2,5,0
"2792",1,6,0,0,0
"2793",0,8,2,0,0
"2794",1,0,5,0,0
"2795",6,2,0,0,0
"2796",1,2,1,0,0
"2797",1,0,6,0,0
"2798",0,2,0,1,0
"2799",2,1,0,0,0
"2800",0,0,3,0,0
"2801",1,2,0,0,0
"2802",0,4,1,0,0
"2803",1,5,1,0,0
"2804",0,5,2,0,0
"2805",0,5,3,0,0
"2806",2,1,2,0,0
"2807",1,6,0,0,0
"2808",0,4,2,0,0
"2809",0,0,5,2,0
"2810",0,0,5,0,0
"2811",1,6,1,0,0
"2812",0,0,7,0,0
"2813",1,5,0,0,0
"2814",3,1,0,2,0
"2815",0,2,1,2,0
"2816",1,7,0,0,0
"2817",1,7,0,0,0
"2818",6,1,0,0,0
"2819",0,5,5,1,0
"2820",0,6,1,0,0
"2821",2,1,2,0,0
"2822",3,1,2,0,0
"2823",2,4,0,0,0
"2824",0,4,0,0,0
"2825",0,1,5,0,0
"2826",0,1,5,0,0
"2827",3,3,0,0,0
"2828",1,4,1,0,0
"2829",2,5,0,0,0
"2830",0,0,3,0,0
"2831",0,2,1,0,0
"2832",3,2,2,0,0
"2833",0,5,0,1,0
"2834",1,3,3,0,0
"2835",1,0,5,0,0
"2836",0,4,0,1,0
"2837",2,1,1,1,0
"2838",0,0,5,2,0
"2839",2,5,0,0,0
"2840",0,6,1,0,0
"2841",0,0,0,3,0
"2842",0,3,1,0,0
"2843",0,1,1,0,0
"2844",0,4,0,0,0
"2845",3,2,2,0,0
"2846",1,4,0,0,0
"2847",5,1,1,0,0
"2848",0,0,6,0,0
"2849",5,0,0,0,0
"2850",0,2,2,0,0
"2851",1,0,3,2,0
"2852",0,0,5,1,0
"2853",0,1,6,0,0
"2854",2,4,0,0,0
"2855",2,2,0,0,0
"2856",2,1,1,0,0
"2857",6,0,0,0,0
"2858",1,0,6,0,0
"2859",0,0,4,0,0
"2860",2,1,1,0,0
"2861",1,0,3,0,0
"2862",0,0,6,0,0
"2863",2,6,0,0,0
"2864",0,2,4,0,0
"2865",0,0,0,7,1
"2866",5,0,0,0,0
"2867",8,1,0,0,0
"2868",1,0,0,0,0
"2869",1,7,1,0,0
"2870",1,6,0,0,0
"2871",2,5,0,0,0
"2872",0,1,5,0,0
"2873",0,0,3,3,0
"2874",0,4,1,0,0
"2875",7,1,0,0,0
"2876",4,4,0,0,0
"2877",0,3,2,0,0
"2878",0,0,0,3,5
"2879",1,1,2,0,0
"2880",0,2,4,0,0
"2881",1,1,1,0,0
"2882",0,3,5,0,0
"2883",0,1,3,2,0
"2884",1,5,0,0,0
"2885",2,3,0,0,0
"2886",0,4,0,0,0
"2887",1,7,0,0,0
"2888",2,0,0,0,0
"2889",4,0,0,0,0
"2890",0,0,4,2,0
"2891",0,2,1,0,0
"2892",1,0,4,0,0
"2893",4,0,0,0,0
"2894",1,3,0,0,0
"2895",0,0,6,0,0
"2896",0,2,3,0,0
"2897",0,0,3,3,0
"2898",0,0,6,0,0
"2899",8,0,2,0,0
"2900",0,2,1,0,0
"2901",0,8,0,0,0
"2902",3,2,0,1,0
"2903",0,1,6,0,0
"2904",0,2,7,0,0
"2905",0,0,0,8,0
"2906",4,2,0,0,0
"2907",0,6,2,0,0
"2908",3,4,0,0,0
"2909",2,2,0,0,0
"2910",0,4,2,0,0
"2911",0,0,8,0,0
"2912",0,0,0,6,0
"2913",0,0,6,5,0
"2914",0,1,4,1,0
"2915",0,2,1,2,0
"2916",0,0,0,5,0
"2917",5,3,1,0,0
"2918",1,4,1,0,0
"2919",0,1,3,1,0
"2920",2,0,1,0,0
"2921",0,0,5,2,0
"2922",1,1,0,0,0
"2923",2,5,2,0,0
"2924",7,1,0,0,0
"2925",0,0,3,1,0
"2926",1,5,0,0,0
"2927",0,0,0,3,0
"2928",1,0,7,2,0
"2929",1,3,2,0,0
"2930",0,0,7,0,0
"2931",1,1,0,1,0
"2932",0,2,2,1,0
"2933",2,1,2,0,0
"2934",0,0,0,4,3
"2935",0,1,5,0,0
"2936",1,3,0,0,0
"2937",0,1,7,0,0
"2938",2,1,0,1,0
"2939",0,0,6,0,0
"2940",0,1,8,0,0
"2941",4,0,0,0,0
"2942",7,2,0,0,0
"2943",3,0,1,0,0
"2944",5,0,1,0,0
"2945",0,0,6,2,0
"2946",3,1,0,0,0
"2947",1,4,0,0,0
"2948",1,3,1,0,0
"2949",1,3,2,0,0
"2950",0,0,5,0,0
"2951",0,10,1,0,0
"2952",1,4,0,0,0
"2953",4,3,0,0,0
"2954",0,4,1,0,0
"2955",2,6,0,0,0
"2956",1,4,1,1,0
"2957",0,6,5,0,0
"2958",3,2,0,0,0
"2959",0,1,4,0,0
"2960",2,2,0,0,0
"2961",4,5,0,0,0
"2962",1,5,2,0,0
"2963",1,0,2,0,0
"2964",0,5,1,0,0
"2965",1,6,1,0,0
"2966",1,4,2,2,0
"2967",2,5,0,0,0
"2968",1,0,5,0,0
"2969",0,7,1,0,0
"2970",1,4,0,2,0
"2971",0,0,4,0,0
"2972",1,1,1,0,0
"2973",4,4,0,0,0
"2974",0,0,1,7,0
"2975",6,0,0,0,0
"2976",2,4,0,0,0
"2977",4,0,0,0,0
"2978",0,0,5,0,0
"2979",0,7,0,0,0
"2980",5,0,2,0,0
"2981",1,5,0,0,0
"2982",0,5,1,0,0
"2983",3,4,1,0,0
"2984",0,1,6,0,0
"2985",0,1,1,0,0
"2986",0,1,4,0,0
"2987",0,0,5,4,0
"2988",0,0,1,4,0
"2989",0,0,5,0,0
"2990",1,1,3,0,0
"2991",0,5,1,0,0
"2992",0,0,6,0,0
"2993",6,0,1,0,0
"2994",1,3,1,0,0
"2995",0,1,8,0,0
"2996",0,0,7,2,0
"2997",1,3,1,0,0
"2998",2,1,0,2,0
"2999",3,1,0,2,0
"3000",0,5,0,2,0
"3001",1,0,5,0,0
"3002",0,0,0,8,0
"3003",1,6,0,0,0
"3004",0,10,0,0,0
"3005",3,0,0,0,0
"3006",1,0,4,1,0
"3007",2,3,0,0,0
"3008",0,0,5,1,0
"3009",2,0,3,0,0
"3010",2,7,0,0,0
"3011",0,0,1,3,0
"3012",0,0,5,0,0
"3013",5,0,0,0,0
"3014",5,5,1,0,0
"3015",0,0,4,0,0
"3016",1,2,0,0,0
"3017",4,0,2,0,0
"3018",0,0,6,0,0
"3019",3,2,0,0,0
"3020",1,3,2,0,0
"3021",2,3,0,0,0
"3022",1,1,4,0,0
"3023",0,3,2,0,0
"3024",0,2,1,0,0
"3025",0,0,3,0,0
"3026",0,0,0,7,0
"3027",0,1,4,0,0
"3028",1,4,0,0,0
"3029",3,1,1,0,0
"3030",2,6,0,0,0
"3031",0,3,2,0,0
"3032",0,0,5,0,0
"3033",0,0,6,0,0
"3034",1,0,6,0,0
"3035",2,3,3,0,0
"3036",0,2,1,0,0
"3037",1,1,3,0,0
"3038",2,6,0,0,0
"3039",0,0,5,0,0
"3040",0,9,1,0,0
"3041",2,4,0,0,0
"3042",0,0,6,0,0
"3043",0,0,4,0,1
"3044",0,6,1,0,0
"3045",1,0,4,0,0
"3046",4,3,0,0,0
"3047",0,0,5,1,0
"3048",3,0,0,0,0
"3049",0,6,0,0,0
"3050",0,0,0,6,0
"3051",5,1,2,0,0
"3052",4,1,0,0,0
"3053",3,2,0,0,0
"3054",0,0,6,2,0
"3055",1,7,0,0,0
"3056",4,3,1,0,0
"3057",0,1,7,2,0
"3058",0,1,7,0,0
"3059",2,0,0,1,0
"3060",0,5,1,0,0
"3061",0,0,5,0,0
"3062",8,0,0,0,0
"3063",1,2,4,2,0
"3064",1,1,0,0,0
"3065",3,0,0,0,0
"3066",2,1,0,0,0
"3067",1,3,1,0,0
"3068",2,1,0,0,0
"3069",0,3,7,0,0
"3070",2,7,0,0,0
"3071",0,1,4,1,0
"3072",2,1,0,0,0
"3073",0,2,5,0,0
"3074",0,5,1,0,0
"3075",1,0,3,1,0
"3076",0,3,2,0,0
"3077",0,4,2,0,0
"3078",0,2,5,0,0
"3079",2,2,1,0,0
"3080",4,2,0,0,0
"3081",0,1,5,0,0
"3082",1,5,5,0,0
"3083",0,0,4,1,0
"3084",1,7,0,0,0
"3085",1,2,2,0,0
"3086",3,3,0,0,0
"3087",0,6,0,3,0
"3088",0,1,5,0,0
"3089",0,2,3,0,0
"3090",0,4,0,0,0
"3091",0,2,1,1,0
"3092",0,0,0,2,1
"3093",3,0,0,0,0
"3094",1,3,3,0,0
"3095",2,1,3,0,0
"3096",0,0,9,0,0
"3097",2,3,2,0,0
"3098",0,5,2,0,0
"3099",0,3,0,0,0
"3100",4,0,2,0,0
"3101",2,4,1,0,0
"3102",1,4,2,0,0
"3103",0,0,5,0,0
"3104",0,0,3,0,0
"3105",0,0,5,0,0
"3106",4,2,0,0,0
"3107",0,2,2,0,0
"3108",2,2,2,0,0
"3109",0,1,7,1,0
"3110",1,0,1,0,0
"3111",0,7,1,0,0
"3112",0,0,0,8,0
"3113",0,0,5,0,0
"3114",0,0,5,1,0
"3115",1,3,0,0,0
"3116",0,0,8,0,0
"3117",2,4,0,0,0
"3118",0,5,2,2,0
"3119",0,6,0,0,0
"3120",0,7,2,0,0
"3121",5,2,0,0,0
"3122",4,2,0,0,0
"3123",0,0,6,0,0
"3124",0,6,3,0,0
"3125",1,4,0,0,0
"3126",6,4,0,0,0
"3127",2,3,1,0,0
"3128",0,0,1,0,0
"3129",0,1,7,0,0
"3130",0,0,4,0,0
"3131",1,2,0,0,0
"3132",0,6,2,2,0
"3133",4,0,2,0,0
"3134",2,0,2,0,0
"3135",1,4,0,0,0
"3136",0,0,4,0,0
"3137",0,4,5,0,0
"3138",1,3,1,0,0
"3139",0,0,5,1,0
"3140",0,0,2,0,0
"3141",1,4,1,0,0
"3142",2,0,0,0,0
"3143",0,0,5,0,0
"3144",1,1,2,0,0
"3145",1,4,1,0,0
"3146",0,0,3,2,0
"3147",0,3,0,0,0
"3148",0,5,0,0,0
"3149",0,1,7,1,0
"3150",0,3,3,0,0
"3151",1,7,0,0,0
"3152",1,0,3,0,0
"3153",3,1,0,0,0
"3154",0,4,4,0,0
"3155",0,0,8,2,0
"3156",1,3,6,0,0
"3157",0,3,4,0,0
"3158",0,3,0,0,0
"3159",0,2,5,0,0
"3160",0,0,6,0,0
"3161",3,4,1,0,0
"3162",6,1,0,0,0
"3163",0,5,0,0,0
"3164",0,2,4,0,0
"3165",0,4,1,0,0
"3166",1,4,0,1,0
"3167",0,4,3,0,0
"3168",1,2,2,0,0
"3169",3,5,3,0,0
"3170",6,2,0,0,0
"3171",5,2,1,0,0
"3172",0,3,5,0,0
"3173",3,0,0,1,0
"3174",1,1,4,0,0
"3175",7,0,0,0,0
"3176",0,0,3,1,0
"3177",1,1,0,0,0
"3178",3,2,1,0,0
"3179",0,1,1,4,0
"3180",1,4,1,0,0
"3181",1,1,0,1,0
"3182",0,8,0,0,0
"3183",0,0,6,0,0
"3184",2,3,0,0,0
"3185",0,0,1,7,0
"3186",1,6,1,0,0
"3187",4,2,2,0,0
"3188",0,0,7,0,0
"3189",4,2,0,0,0
"3190",1,3,0,2,0
"3191",0,0,0,5,0
"3192",0,1,5,0,0
"3193",0,0,0,7,0
"3194",0,4,2,0,0
"3195",0,0,5,4,0
"3196",0,4,6,0,0
"3197",1,1,4,0,0
"3198",1,6,0,0,0
"3199",6,0,0,0,0
"3200",0,0,5,0,0
"3201",2,4,0,2,0
"3202",1,4,2,0,0
"3203",0,0,8,0,0
"3204",0,4,0,0,0
"3205",1,2,1,0,0
"3206",2,0,0,0,0
"3207",1,1,2,0,0
"3208",1,1,5,0,0
"3209",0,0,7,0,0
"3210",0,5,1,0,0
"3211",1,3,3,0,0
"3212",4,0,0,0,0
"3213",0,0,2,5,0
"3214",1,6,0,0,0
"3215",2,1,0,0,0
"3216",1,3,0,1,0
"3217",0,4,2,0,0
"3218",0,0,6,0,0
"3219",1,0,0,2,0
"3220",0,5,0,0,0
"3221",0,1,5,0,0
"3222",2,7,0,1,0
"3223",0,1,6,0,0
"3224",2,4,0,1,0
"3225",0,1,1,0,0
"3226",0,1,0,5,0
"3227",0,2,3,0,0
"3228",0,4,4,0,0
"3229",0,1,7,0,0
"3230",0,1,6,1,0
"3231",1,5,0,0,0
"3232",0,0,6,1,0
"3233",0,0,7,0,0
"3234",0,0,0,3,0
"3235",0,0,4,0,0
"3236",0,2,0,0,0
"3237",0,0,6,0,0
"3238",2,1,1,0,3
"3239",3,1,0,0,0
"3240",7,0,1,0,0
"3241",0,0,6,0,0
"3242",1,3,2,0,0
"3243",0,0,6,1,0
"3244",0,0,4,1,0
"3245",0,0,3,0,0
"3246",2,0,0,0,0
"3247",0,0,8,4,0
"3248",2,0,2,0,0
"3249",0,6,0,0,0
"3250",0,0,7,0,0
"3251",0,0,0,3,0
"3252",0,2,4,0,0
"3253",2,4,0,0,0
"3254",1,5,0,0,0
"3255",0,4,1,0,0
"3256",1,2,3,0,0
"3257",0,4,2,0,0
"3258",2,0,1,0,0
"3259",1,5,2,0,0
"3260",1,7,0,0,0
"3261",1,1,5,0,0
"3262",2,5,0,0,0
"3263",1,1,0,1,0
"3264",0,1,5,2,0
"3265",0,0,4,4,0
"3266",0,0,9,0,0
"3267",0,0,0,7,0
"3268",0,0,5,1,0
"3269",1,1,4,0,0
"3270",0,7,0,0,0
"3271",5,0,0,0,0
"3272",0,1,2,1,0
"3273",1,1,1,0,0
"3274",2,0,0,0,0
"3275",0,0,2,1,0
"3276",0,0,4,1,0
"3277",5,2,0,0,0
"3278",0,3,3,0,0
"3279",1,6,0,1,0
"3280",5,0,2,0,0
"3281",1,1,2,0,0
"3282",1,5,0,0,0
"3283",1,3,0,0,0
"3284",0,0,4,2,0
"3285",1,1,3,0,0
"3286",2,3,1,0,0
"3287",8,1,0,0,0
"3288",0,3,2,0,0
"3289",2,1,2,0,0
"3290",0,0,4,0,0
"3291",0,1,0,2,1
"3292",0,0,2,3,0
"3293",0,2,0,0,0
"3294",0,2,2,0,0
"3295",0,0,3,0,0
"3296",0,0,6,0,0
"3297",0,2,1,0,0
"3298",3,0,1,0,0
"3299",0,3,4,0,0
"3300",1,2,0,0,0
"3301",0,3,2,0,0
"3302",0,3,0,1,0
"3303",0,1,7,0,0
"3304",7,2,0,0,0
"3305",1,0,5,0,0
"3306",0,0,5,0,0
"3307",0,0,8,0,0
"3308",2,0,0,0,0
"3309",5,1,0,1,0
"3310",0,1,5,0,0
"3311",0,1,5,0,0
"3312",0,0,5,0,0
"3313",3,1,2,0,0
"3314",0,2,2,2,0
"3315",1,3,1,0,0
"3316",1,3,0,0,0
"3317",1,5,5,0,0
"3318",3,0,2,0,0
"3319",0,0,0,6,0
"3320",2,5,0,0,0
"3321",0,0,5,2,0
"3322",1,0,1,1,0
"3323",0,2,3,0,0
"3324",0,9,0,0,0
"3325",6,1,0,0,0
"3326",6,2,0,0,0
"3327",1,4,0,1,0
"3328",1,3,0,0,0
"3329",0,0,6,2,0
"3330",2,6,0,0,0
"3331",3,2,2,0,0
"3332",0,2,3,0,0
"3333",1,6,1,0,0
"3334",1,7,0,0,0
"3335",0,5,4,0,0
"3336",0,2,2,0,0
"3337",2,1,2,0,0
"3338",0,0,4,1,0
"3339",5,2,2,0,0
"3340",1,4,0,0,0
"3341",3,3,0,0,0
"3342",2,0,0,0,0
"3343",3,2,2,0,0
"3344",0,0,8,0,0
"3345",3,2,2,0,0
"3346",1,0,5,1,0
"3347",0,4,2,0,0
"3348",0,0,0,7,0
"3349",7,0,2,0,0
"3350",0,4,1,1,0
"3351",3,3,2,0,0
"3352",1,5,0,0,0
"3353",0,0,8,0,0
"3354",0,1,6,0,0
"3355",9,2,1,0,0
"3356",4,0,0,2,0
"3357",0,0,9,0,0
"3358",0,3,1,0,0
"3359",1,4,1,0,0
"3360",3,0,2,0,0
"3361",0,5,0,0,0
"3362",2,4,1,0,0
"3363",0,3,0,0,0
"3364",1,2,5,0,0
"3365",0,4,1,0,0
"3366",0,0,7,0,0
"3367",0,1,2,0,0
"3368",0,8,0,0,0
"3369",0,0,1,6,0
"3370",0,1,8,0,0
"3371",0,0,3,0,0
"3372",0,1,6,0,0
"3373",1,2,1,0,0
"3374",0,4,0,0,0
"3375",1,0,5,0,0
"3376",0,1,3,0,0
"3377",0,3,2,0,0
"3378",3,1,0,0,0
"3379",0,0,6,0,0
"3380",0,3,3,0,0
"3381",0,3,2,0,0
"3382",0,4,2,2,0
"3383",1,2,0,1,0
"3384",1,5,0,0,0
"3385",1,4,1,0,0
"3386",2,2,0,0,0
"3387",1,2,0,0,0
"3388",1,2,0,0,0
"3389",1,5,1,1,0
"3390",0,3,0,2,0
"3391",1,2,0,0,0
"3392",2,5,0,0,0
"3393",5,0,2,0,0
"3394",0,0,5,1,0
"3395",2,6,1,0,0
"3396",6,0,0,0,0
"3397",0,2,2,0,0
"3398",0,2,4,1,0
"3399",0,5,2,0,0
"3400",0,0,1,5,0
"3401",0,7,0,0,0
"3402",1,1,6,0,0
"3403",1,5,0,0,0
"3404",4,0,2,0,0
"3405",0,2,4,1,0
"3406",0,3,3,1,0
"3407",1,5,2,3,0
"3408",4,2,0,0,0
"3409",0,3,0,1,0
"3410",1,5,1,0,0
"3411",1,1,2,0,0
"3412",3,3,2,0,0
"3413",0,0,5,0,0
"3414",0,6,1,0,0
"3415",0,6,3,0,0
"3416",0,0,1,0,0
"3417",0,0,8,0,0
"3418",0,2,2,4,0
"3419",5,1,0,2,0
"3420",0,0,0,5,0
"3421",4,2,0,0,0
"3422",0,2,2,0,0
"3423",3,3,1,0,0
"3424",2,1,1,0,0
"3425",4,2,1,0,0
"3426",9,0,0,0,0
"3427",3,5,0,0,0
"3428",0,0,3,0,0
"3429",5,0,1,0,0
"3430",3,1,0,0,0
"3431",3,0,0,1,0
"3432",0,0,6,0,0
"3433",4,3,0,0,0
"3434",2,0,4,1,0
"3435",2,1,0,0,0
"3436",0,5,2,0,0
"3437",1,0,3,1,0
"3438",0,3,3,0,0
"3439",0,0,7,0,0
"3440",0,1,3,0,0
"3441",0,7,2,0,0
"3442",0,6,0,0,0
"3443",0,0,4,0,0
"3444",1,3,1,0,0
"3445",0,0,6,2,0
"3446",0,6,1,0,0
"3447",0,3,3,0,0
"3448",4,0,0,0,0
"3449",0,1,8,0,0
"3450",0,1,5,0,0
"3451",0,0,0,7,0
"3452",3,1,0,0,0
"3453",1,2,1,0,0
"3454",0,4,5,0,0
"3455",0,0,7,0,0
"3456",1,6,2,0,0
"3457",3,3,0,1,0
"3458",0,0,4,1,0
"3459",1,0,6,0,0
"3460",1,0,5,1,0
"3461",0,4,2,0,0
"3462",0,3,6,0,0
"3463",0,0,5,2,0
"3464",0,0,2,0,0
"3465",0,0,4,1,0
"3466",4,3,0,0,0
"3467",0,0,8,0,0
"3468",2,5,0,0,0
"3469",0,0,4,0,0
"3470",0,0,6,0,0
"3471",0,0,2,5,1
"3472",1,3,1,0,0
"3473",0,6,0,0,0
"3474",0,6,0,0,0
"3475",2,4,0,0,0
"3476",0,3,4,0,0
"3477",4,1,1,0,0
"3478",0,6,1,0,0
"3479",0,3,4,0,0
"3480",0,7,1,0,0
"3481",0,6,3,0,0
"3482",3,2,0,1,0
"3483",3,2,1,0,0
"3484",0,0,7,0,0
"3485",1,2,2,0,0
"3486",4,0,2,0,0
"3487",0,2,5,0,0
"3488",0,3,0,0,0
"3489",1,0,5,0,0
"3490",2,2,0,0,0
"3491",1,2,0,0,0
"3492",0,0,8,0,0
"3493",0,4,1,2,0
"3494",2,7,0,0,0
"3495",0,1,6,0,0
"3496",5,1,0,0,0
"3497",1,1,1,0,0
"3498",0,0,3,5,0
"3499",0,2,4,0,0
"3500",0,4,2,0,0
"3501",0,2,2,0,0
"3502",0,2,3,0,0
"3503",0,1,7,0,0
"3504",1,3,0,2,0
"3505",1,0,4,0,0
"3506",2,3,1,0,0
"3507",0,1,6,0,0
"3508",0,5,0,0,0
"3509",0,0,4,0,0
"3510",0,7,0,0,0
"3511",0,2,2,0,0
"3512",1,0,3,0,0
"3513",0,6,1,0,0
"3514",2,5,2,0,0
"3515",0,0,3,4,0
"3516",0,3,0,1,0
"3517",0,3,5,0,0
"3518",4,2,2,0,0
"3519",1,1,1,0,0
"3520",0,7,0,0,0
"3521",0,2,1,7,0
"3522",0,0,7,0,0
"3523",1,2,0,0,0
"3524",3,3,1,0,0
"3525",0,6,1,1,0
"3526",3,3,0,0,0
"3527",0,0,8,0,0
"3528",3,6,0,0,0
"3529",1,6,0,0,0
"3530",0,0,6,0,0
"3531",0,4,1,0,0
"3532",0,6,5,0,0
"3533",1,3,2,0,0
"3534",0,0,0,6,0
"3535",0,0,5,1,0
"3536",6,1,0,0,0
"3537",0,1,3,1,0
"3538",0,2,2,1,0
"3539",0,0,5,1,0
"3540",4,1,0,0,0
"3541",3,2,0,1,0
"3542",0,0,1,0,0
"3543",8,0,0,0,0
"3544",5,0,1,0,0
"3545",0,0,9,0,0
"3546",4,2,2,0,0
"3547",3,2,0,0,0
"3548",0,1,5,0,0
"3549",1,6,0,0,0
"3550",2,8,0,0,0
"3551",1,0,1,0,2
"3552",0,0,5,1,0
"3553",1,1,4,0,0
"3554",3,1,0,0,0
"3555",0,1,4,0,0
"3556",5,2,0,0,0
"3557",1,0,5,0,0
"3558",0,0,5,0,0
"3559",2,1,0,0,0
"3560",4,2,0,0,0
"3561",0,0,5,0,0
"3562",0,1,2,3,0
"3563",0,6,0,0,0
"3564",0,0,6,0,0
"3565",0,2,6,0,0
"3566",0,0,9,1,0
"3567",3,0,0,2,0
"3568",0,2,5,0,0
"3569",0,0,2,7,0
"3570",0,3,5,0,0
"3571",1,6,0,0,0
"3572",1,5,0,0,0
"3573",0,5,0,0,0
"3574",0,0,8,0,0
"3575",2,0,2,0,0
"3576",0,5,2,0,0
"3577",0,5,3,0,0
"3578",1,2,2,0,0
"3579",1,1,1,0,0
"3580",1,4,0,0,0
"3581",1,3,3,0,0
"3582",8,1,0,0,0
"3583",5,3,0,0,0
"3584",2,3,0,0,0
"3585",1,3,2,0,0
"3586",0,2,1,1,0
"3587",4,1,0,0,0
"3588",0,3,0,0,0
"3589",1,0,5,1,0
"3590",0,1,5,1,0
"3591",0,0,6,0,0
"3592",0,4,4,0,0
"3593",0,0,3,0,0
"3594",0,0,0,7,0
"3595",1,0,5,1,0
"3596",0,0,3,5,0
"3597",0,7,1,0,0
"3598",6,1,0,0,0
"3599",0,6,0,0,0
"3600",0,1,1,0,0
"3601",1,2,4,0,0
"3602",2,0,3,0,0
"3603",4,1,0,0,0
"3604",1,2,0,0,0
"3605",4,0,0,0,0
"3606",0,0,7,0,0
"3607",3,0,0,0,0
"3608",0,0,4,0,0
"3609",2,6,0,0,0
"3610",0,1,7,0,0
"3611",0,7,1,0,0
"3612",3,2,0,0,0
"3613",0,1,4,0,0
"3614",1,5,2,0,0
"3615",0,4,0,0,0
"3616",6,0,0,2,0
"3617",1,4,1,0,0
"3618",0,0,7,0,0
"3619",0,1,0,0,0
"3620",2,3,1,0,0
"3621",2,3,0,1,0
"3622",1,0,3,0,0
"3623",1,0,5,0,0
"3624",1,5,3,0,0
"3625",5,2,0,0,0
"3626",3,2,2,0,0
"3627",0,1,2,0,0
"3628",0,0,5,0,0
"3629",0,8,1,0,0
"3630",0,0,5,1,0
"3631",5,1,0,0,0
"3632",0,8,0,0,0
"3633",0,0,6,0,0
"3634",0,0,7,0,0
"3635",0,2,5,1,0
"3636",0,4,2,0,0
"3637",0,0,2,3,6
"3638",1,4,3,0,0
"3639",0,4,2,0,0
"3640",2,3,0,0,0
"3641",0,5,3,2,0
"3642",2,4,2,0,0
"3643",2,3,0,0,0
"3644",0,1,4,0,0
"3645",1,7,0,0,0
"3646",1,0,7,0,0
"3647",0,0,1,7,0
"3648",1,0,6,0,0
"3649",5,1,0,0,0
"3650",0,5,0,0,0
"3651",0,2,3,0,0
"3652",0,2,0,2,0
"3653",8,1,0,0,0
"3654",0,2,5,2,0
"3655",4,2,0,0,0
"3656",1,5,1,0,0
"3657",0,0,3,0,0
"3658",0,3,2,0,0
"3659",0,2,3,0,0
"3660",1,5,1,0,0
"3661",0,4,1,0,0
"3662",0,0,6,0,0
"3663",0,0,4,1,0
"3664",0,2,4,0,0
"3665",0,0,6,2,0
"3666",0,0,3,4,0
"3667",0,0,8,0,0
"3668",1,5,1,0,0
"3669",0,0,4,1,0
"3670",3,3,1,0,0
"3671",0,0,0,2,3
"3672",2,6,2,0,0
"3673",1,1,2,0,0
"3674",2,5,1,0,0
"3675",1,5,3,0,0
"3676",0,1,1,0,0
"3677",0,5,0,0,0
"3678",2,6,0,0,0
"3679",0,1,4,0,0
"3680",0,0,6,0,0
"3681",1,2,0,0,0
"3682",1,4,0,2,0
"3683",1,4,0,0,0
"3684",2,2,0,0,0
"3685",0,0,4,0,0
"3686",0,1,3,0,0
"3687",1,0,4,0,0
"3688",0,0,1,7,0
"3689",1,5,1,0,0
"3690",1,1,3,1,0
"3691",0,1,1,0,0
"3692",7,1,0,0,0
"3693",0,1,3,1,0
"3694",0,0,6,0,0
"3695",2,0,3,0,0
"3696",1,7,0,0,0
"3697",3,1,0,0,0
"3698",0,7,0,0,0
"3699",1,1,3,0,0
"3700",1,1,0,1,0
"3701",2,5,1,1,0
"3702",1,6,1,0,0
"3703",0,4,2,1,0
"3704",0,4,2,0,0
"3705",2,1,2,0,0
"3706",0,3,1,0,0
"3707",1,4,2,0,0
"3708",0,1,0,7,0
"3709",0,1,5,0,0
"3710",0,4,1,0,0
"3711",2,2,0,0,0
"3712",0,0,9,0,0
"3713",0,6,1,0,0
"3714",0,2,4,0,0
"3715",0,0,5,1,0
"3716",1,4,1,0,0
"3717",0,0,0,3,0
"3718",0,5,0,0,0
"3719",0,0,4,0,0
"3720",1,1,1,0,0
"3721",0,4,3,0,0
"3722",4,3,2,0,0
"3723",0,0,0,3,4
"3724",1,1,2,0,0
"3725",3,6,0,0,0
"3726",1,3,4,0,0
"3727",0,9,2,0,0
"3728",0,1,6,0,0
"3729",0,3,6,0,0
"3730",0,0,0,6,0
"3731",0,0,1,1,0
"3732",2,2,0,0,0
"3733",6,0,0,0,0
"3734",0,0,1,5,3
"3735",0,0,1,3,0
"3736",0,2,7,0,0
"3737",0,1,3,0,0
"3738",3,2,0,1,0
"3739",0,0,0,6,0
"3740",0,4,2,0,0
"3741",0,5,0,0,0
"3742",0,8,0,0,0
"3743",1,4,0,0,0
"3744",0,7,1,0,0
"3745",0,0,3,3,3
"3746",0,2,2,0,0
"3747",0,1,5,0,0
"3748",0,0,1,2,0
"3749",0,1,6,1,0
"3750",2,2,0,0,0
"3751",0,0,5,2,0
"3752",2,0,0,0,0
"3753",0,2,4,0,0
"3754",2,6,0,0,0
"3755",0,0,0,6,0
"3756",0,3,1,0,0
"3757",7,0,0,0,0
"3758",0,1,0,0,0
"3759",1,4,5,1,0
"3760",1,0,4,0,0
"3761",1,2,2,0,0
"3762",0,1,5,0,0
"3763",0,6,0,0,0
"3764",1,3,2,0,0
"3765",0,4,2,1,0
"3766",0,0,7,0,0
"3767",5,0,2,0,0
"3768",0,4,0,0,0
"3769",4,4,2,0,0
"3770",6,0,0,2,0
"3771",0,4,1,0,0
"3772",1,3,1,0,0
"3773",0,1,3,0,0
"3774",2,4,0,0,0
"3775",1,1,0,0,0
"3776",0,1,6,1,0
"3777",3,3,2,0,0
"3778",0,0,3,0,0
"3779",0,8,0,0,0
"3780",0,0,3,0,0
"3781",0,1,4,0,0
"3782",1,2,0,0,0
"3783",2,2,0,0,0
"3784",2,5,0,0,0
"3785",0,0,4,2,0
"3786",0,6,2,0,0
"3787",3,3,0,0,0
"3788",1,1,1,0,0
"3789",0,0,2,2,0
"3790",0,5,1,0,0
"3791",1,8,0,0,0
"3792",1,0,5,0,0
"3793",3,0,1,0,0
"3794",1,2,0,1,0
"3795",1,4,1,0,0
"3796",2,2,2,0,0
"3797",0,4,0,2,0
"3798",1,6,0,0,0
"3799",0,7,1,0,0
"3800",0,1,6,0,0
"3801",0,0,3,0,0
"3802",4,1,1,0,0
"3803",5,0,0,0,0
"3804",0,2,0,0,0
"3805",0,4,2,0,0
"3806",0,5,0,0,0
"3807",1,4,2,0,0
"3808",0,6,0,0,0
"3809",0,0,5,2,0
"3810",1,4,0,0,0
"3811",0,1,4,1,0
"3812",1,2,2,1,0
"3813",1,0,6,0,0
"3814",2,3,0,0,0
"3815",1,5,0,0,0
"3816",0,0,7,2,0
"3817",1,5,3,0,0
"3818",2,1,0,2,0
"3819",2,5,2,0,0
"3820",1,0,5,1,0
"3821",0,8,0,0,0
"3822",1,6,0,0,0
"3823",0,0,9,0,0
"3824",5,1,0,0,0
"3825",0,2,1,1,0
"3826",0,2,7,0,0
"3827",0,4,0,0,0
"3828",0,6,4,1,0
"3829",1,0,5,0,0
"3830",1,0,2,1,0
"3831",1,2,0,0,0
"3832",0,0,2,4,0
"3833",0,5,2,0,0
"3834",0,0,5,2,0
"3835",0,0,9,0,0
"3836",0,8,1,0,0
"3837",0,0,5,2,0
"3838",1,1,4,0,0
"3839",0,6,0,1,0
"3840",0,7,2,2,0
"3841",0,5,2,0,0
"3842",6,0,0,0,0
"3843",0,1,5,0,0
"3844",1,6,2,0,0
"3845",0,0,1,7,0
"3846",1,6,1,0,0
"3847",0,4,0,1,0
"3848",3,1,0,0,0
"3849",0,1,4,0,0
"3850",3,0,0,0,0
"3851",1,4,3,0,0
"3852",0,3,5,0,0
"3853",0,0,4,1,0
"3854",0,3,4,1,0
"3855",0,4,2,0,0
"3856",6,1,0,0,0
"3857",0,0,6,0,0
"3858",1,0,4,0,0
"3859",1,7,0,0,0
"3860",0,8,0,0,0
"3861",1,4,2,0,0
"3862",0,0,2,0,0
"3863",4,3,0,0,0
"3864",1,4,0,0,0
"3865",5,2,2,0,0
"3866",3,5,0,0,0
"3867",0,1,1,0,0
"3868",2,0,0,0,0
"3869",1,2,1,0,0
"3870",0,1,5,0,0
"3871",1,0,5,0,0
"3872",8,0,1,0,0
"3873",0,0,6,0,0
"3874",0,1,5,1,0
"3875",0,0,2,0,0
"3876",1,6,0,0,0
"3877",0,5,0,0,0
"3878",0,1,6,0,0
"3879",0,1,4,2,0
"3880",2,1,0,0,0
"3881",3,3,0,0,0
"3882",3,0,0,0,0
"3883",3,4,0,0,0
"3884",0,4,2,0,0
"3885",4,2,0,0,0
"3886",2,2,0,0,0
"3887",2,7,0,0,0
"3888",1,3,0,0,1
"3889",0,0,7,0,0
"3890",0,0,9,0,0
"3891",0,2,0,0,0
"3892",0,0,0,8,1
"3893",1,0,4,0,0
"3894",4,1,0,0,0
"3895",1,0,5,0,0
"3896",1,0,2,0,0
"3897",0,5,4,0,0
"3898",0,1,8,1,0
"3899",0,3,1,0,0
"3900",0,3,2,0,0
"3901",0,4,0,0,0
"3902",1,1,4,0,0
"3903",0,1,5,2,0
"3904",1,1,3,0,0
"3905",0,4,4,2,0
"3906",2,3,1,0,0
"3907",0,5,0,0,0
"3908",1,2,1,0,0
"3909",0,0,6,0,2
"3910",0,0,6,0,0
"3911",1,5,0,0,0
"3912",0,2,3,0,0
"3913",3,3,0,0,0
"3914",1,4,1,1,0
"3915",5,1,1,0,0
"3916",2,3,1,1,0
"3917",1,0,5,1,0
"3918",0,0,5,1,0
"3919",0,0,7,0,0
"3920",1,4,1,0,0
"3921",1,0,3,0,0
"3922",1,0,4,1,0
"3923",0,0,5,0,0
"3924",1,1,3,0,0
"3925",0,0,2,0,0
"3926",0,0,3,0,0
"3927",0,0,0,7,0
"3928",0,3,2,0,0
"3929",3,3,2,0,0
"3930",0,0,3,0,0
"3931",0,1,3,0,0
"3932",0,0,5,0,0
"3933",7,1,0,0,0
"3934",0,5,0,0,0
"3935",0,0,6,0,0
"3936",8,0,1,0,0
"3937",0,1,4,0,0
"3938",0,0,4,0,0
"3939",0,2,5,0,0
"3940",5,0,0,2,0
"3941",1,5,2,0,0
"3942",1,2,4,0,0
"3943",3,0,0,0,0
"3944",0,0,5,3,0
"3945",0,0,7,1,0
"3946",0,0,3,2,0
"3947",0,3,0,0,0
"3948",0,3,3,0,0
"3949",1,7,2,0,0
"3950",1,0,3,0,0
"3951",2,0,0,0,0
"3952",0,0,5,0,0
"3953",4,4,1,1,0
"3954",0,1,2,0,0
"3955",0,0,6,0,0
"3956",4,3,0,0,0
"3957",1,6,0,0,0
"3958",0,1,5,0,0
"3959",3,3,0,0,0
"3960",0,7,0,0,0
"3961",0,4,3,0,0
"3962",1,0,5,0,0
"3963",1,2,2,0,0
"3964",1,3,3,0,0
"3965",0,1,6,0,0
"3966",0,0,4,1,0
"3967",0,1,5,0,0
"3968",0,0,5,0,0
"3969",0,4,2,0,0
"3970",1,3,2,0,0
"3971",0,0,5,1,0
"3972",0,3,1,0,0
"3973",4,1,0,0,0
"3974",1,6,2,0,0
"3975",0,3,0,2,0
"3976",1,2,0,0,0
"3977",2,3,0,0,0
"3978",0,0,8,1,0
"3979",2,0,3,0,0
"3980",0,2,2,1,0
"3981",0,4,4,0,0
"3982",2,2,2,0,0
"3983",0,1,5,0,0
"3984",0,7,1,0,0
"3985",1,2,2,0,0
"3986",2,0,2,0,0
"3987",5,1,1,0,0
"3988",1,4,0,0,0
"3989",0,0,6,1,0
"3990",0,1,0,0,0
"3991",0,4,2,0,0
"3992",0,0,0,5,0
"3993",4,0,0,1,0
"3994",1,3,2,0,0
"3995",2,1,0,0,0
"3996",1,2,0,0,0
"3997",0,0,4,3,0
"3998",0,0,4,4,2
"3999",2,3,1,0,0
"4000",2,0,2,2,0
"4001",0,0,3,1,0
"4002",4,4,1,0,0
"4003",1,0,8,0,0
"4004",2,0,4,0,0
"4005",3,3,0,0,0
"4006",2,3,0,0,0
"4007",3,4,0,0,0
"4008",5,0,0,0,0
"4009",1,1,3,0,0
"4010",0,4,0,1,0
"4011",2,4,0,0,0
"4012",2,0,1,0,0
"4013",0,0,0,4,2
"4014",3,1,0,2,0
"4015",0,3,1,1,0
"4016",1,2,0,0,0
"4017",1,3,1,0,0
"4018",0,5,3,0,0
"4019",0,0,4,0,0
"4020",3,4,0,0,0
"4021",3,2,0,2,0
"4022",1,2,2,2,0
"4023",1,0,5,0,0
"4024",0,0,7,1,0
"4025",0,0,9,0,0
"4026",0,6,0,0,0
"4027",0,0,7,0,0
"4028",2,3,0,0,0
"4029",1,4,0,0,0
"4030",0,2,1,0,0
"4031",6,5,1,0,0
"4032",1,2,2,0,0
"4033",0,5,3,0,0
"4034",5,1,1,0,0
"4035",2,2,0,0,0
"4036",1,0,5,0,0
"4037",2,4,0,0,0
"4038",0,8,0,0,0
"4039",1,0,5,0,0
"4040",1,2,5,0,0
"4041",0,3,0,0,0
"4042",0,4,3,0,0
"4043",1,0,3,0,0
"4044",0,0,5,0,0
"4045",2,0,0,0,0
"4046",3,1,3,0,0
"4047",0,3,0,1,0
"4048",0,1,5,0,0
"4049",2,1,0,1,0
"4050",0,0,7,0,0
"4051",0,1,1,0,0
"4052",5,1,2,0,0
"4053",0,2,7,0,0
"4054",0,6,1,1,0
"4055",2,6,0,0,0
"4056",0,6,0,0,0
"4057",1,3,1,0,0
"4058",0,2,3,2,0
"4059",0,1,1,0,0
"4060",1,0,6,0,0
"4061",0,1,6,0,0
"4062",2,0,0,0,0
"4063",3,4,0,0,0
"4064",1,6,0,2,0
"4065",2,3,3,0,0
"4066",0,5,1,0,0
"4067",1,3,0,1,0
"4068",0,1,3,0,0
"4069",1,1,4,0,0
"4070",2,2,3,0,0
"4071",4,0,1,0,0
"4072",0,5,2,0,0
"4073",0,0,6,0,0
"4074",3,3,0,0,0
"4075",0,1,4,0,0
"4076",1,0,3,1,0
"4077",5,2,2,0,0
"4078",0,2,1,2,0
"4079",1,3,2,0,0
"4080",1,0,2,0,0
"4081",1,0,4,0,0
"4082",0,1,5,0,0
"4083",0,0,0,9,0
"4084",0,8,0,0,0
"4085",0,5,2,0,0
"4086",0,0,8,0,0
"4087",0,1,4,0,0
"4088",2,3,1,0,0
"4089",3,1,1,0,0
"4090",0,5,1,0,0
"4091",2,3,0,0,0
"4092",0,0,1,4,1
"4093",2,1,0,0,0
"4094",0,7,0,0,0
"4095",0,0,10,0,0
"4096",0,0,7,0,0
"4097",1,1,2,0,0
"4098",4,0,2,0,0
"4099",0,0,4,0,0
"4100",4,3,0,0,0
"4101",0,0,3,0,0
"4102",1,3,1,0,0
"4103",1,7,2,0,0
"4104",2,6,0,0,0
"4105",0,3,0,0,0
"4106",3,3,3,0,0
"4107",0,0,4,1,0
"4108",1,5,0,0,0
"4109",2,4,0,0,0
"4110",0,3,2,0,0
"4111",0,1,3,0,0
"4112",0,0,6,0,0
"4113",3,0,0,0,0
"4114",0,8,1,0,0
"4115",0,0,6,1,0
"4116",0,5,0,0,0
"4117",2,2,0,0,0
"4118",0,0,8,0,0
"4119",0,5,1,0,0
"4120",3,2,1,0,0
"4121",4,5,0,0,0
"4122",0,3,1,0,0
"4123",0,0,6,0,0
"4124",1,5,3,0,0
"4125",1,0,5,0,0
"4126",4,3,1,0,0
"4127",1,0,5,0,0
"4128",1,2,1,0,0
"4129",0,1,1,1,0
"4130",4,3,0,0,0
"4131",3,3,1,0,0
"4132",8,0,0,1,0
"4133",3,2,0,0,0
"4134",1,3,1,0,0
"4135",0,7,1,0,0
"4136",0,3,5,0,0
"4137",0,0,0,8,0
"4138",3,3,0,0,0
"4139",1,3,1,0,0
"4140",1,2,0,0,0
"4141",6,1,0,0,0
"4142",0,4,1,0,0
"4143",2,1,1,0,0
"4144",0,0,9,0,0
"4145",0,3,3,0,0
"4146",0,9,0,0,0
"4147",0,0,4,6,0
"4148",0,0,7,2,0
"4149",8,0,0,0,0
"4150",0,5,1,0,0
"4151",0,5,3,0,0
"4152",0,0,3,0,0
"4153",2,4,0,0,0
"4154",2,1,2,0,0
"4155",0,5,3,2,0
"4156",0,0,5,1,0
"4157",7,0,0,0,0
"4158",0,0,5,0,0
"4159",0,4,4,0,0
"4160",0,2,3,0,0
"4161",5,1,0,1,0
"4162",0,0,7,0,0
"4163",0,5,1,0,0
"4164",1,6,1,0,0
"4165",0,0,4,2,0
"4166",0,0,0,3,0
"4167",0,0,3,0,0
"4168",1,4,2,0,0
"4169",0,0,8,0,0
"4170",0,2,1,0,0
"4171",0,0,4,0,0
"4172",2,4,0,0,0
"4173",0,3,0,0,0
"4174",0,2,4,0,0
"4175",0,0,5,0,0
"4176",0,0,7,1,0
"4177",0,1,2,0,0
"4178",0,0,3,0,0
"4179",4,2,0,0,0
"4180",0,0,5,1,0
"4181",1,7,0,2,0
"4182",0,0,5,0,0
"4183",0,6,0,0,0
"4184",2,0,3,0,0
"4185",0,3,6,0,0
"4186",0,1,2,0,0
"4187",0,0,6,0,0
"4188",1,4,2,0,0
"4189",0,0,6,0,0
"4190",1,0,6,0,0
"4191",3,2,3,0,0
"4192",2,1,0,0,0
"4193",3,6,1,0,0
"4194",2,0,6,0,0
"4195",0,0,4,0,0
"4196",1,0,4,2,0
"4197",1,4,0,0,0
"4198",0,0,4,0,0
"4199",2,2,0,0,0
"4200",0,0,1,5,0
"4201",1,0,0,0,0
"4202",0,2,8,0,0
"4203",0,0,1,6,0
"4204",1,0,7,0,0
"4205",2,0,0,0,0
"4206",0,0,7,1,0
"4207",2,1,2,0,0
"4208",2,5,1,0,0
"4209",3,1,1,0,0
"4210",2,1,2,0,0
"4211",3,4,0,0,0
"4212",0,0,6,1,0
"4213",2,3,0,0,0
"4214",1,2,0,0,0
"4215",0,1,0,1,0
"4216",0,8,0,0,0
"4217",0,5,1,0,0
"4218",3,2,2,0,0
"4219",4,1,0,0,0
"4220",3,0,0,0,0
"4221",6,0,0,0,0
"4222",0,0,6,0,0
"4223",0,5,2,2,0
"4224",1,5,0,0,0
"4225",0,6,1,0,0
"4226",1,5,2,0,0
"4227",0,4,2,0,0
"4228",1,4,0,0,0
"4229",0,1,2,0,0
"4230",0,6,0,0,0
"4231",3,4,1,0,0
"4232",0,1,6,0,0
"4233",0,0,0,0,0
"4234",0,0,7,0,0
"4235",1,4,0,0,0
"4236",1,0,7,0,0
"4237",2,5,0,0,0
"4238",1,4,0,1,0
"4239",2,3,0,0,0
"4240",0,1,6,2,0
"4241",1,2,4,0,0
"4242",0,2,2,1,0
"4243",0,0,5,0,0
"4244",0,1,4,0,0
"4245",0,0,3,0,0
"4246",1,0,4,0,0
"4247",3,2,1,0,0
"4248",0,0,3,0,0
"4249",0,5,1,0,0
"4250",0,0,7,0,0
"4251",0,5,0,1,0
"4252",0,5,0,0,0
"4253",4,0,2,0,0
"4254",3,0,4,0,0
"4255",1,1,3,0,0
"4256",0,1,6,1,0
"4257",2,4,1,0,0
"4258",0,1,4,0,0
"4259",0,1,6,1,0
"4260",0,2,1,0,0
"4261",3,6,0,0,0
"4262",1,2,2,0,0
"4263",2,3,1,0,0
"4264",0,1,5,0,0
"4265",7,0,0,0,0
"4266",0,3,0,0,0
"4267",1,3,0,0,0
"4268",5,1,0,0,0
"4269",1,1,2,0,0
"4270",0,0,0,6,1
"4271",5,1,0,0,0
"4272",0,7,0,0,0
"4273",0,0,5,0,0
"4274",2,0,1,0,0
"4275",6,0,0,0,0
"4276",2,4,2,0,0
"4277",0,4,1,0,0
"4278",0,5,0,0,0
"4279",0,1,0,0,0
"4280",0,0,4,0,0
"4281",0,1,6,0,0
"4282",0,0,0,6,0
"4283",1,2,4,0,0
"4284",0,0,5,0,0
"4285",0,0,6,0,0
"4286",0,0,2,3,0
"4287",0,0,5,2,0
"4288",2,5,1,0,0
"4289",0,5,0,1,0
"4290",0,5,0,0,0
"4291",1,2,1,0,0
"4292",0,1,4,0,0
"4293",0,0,4,2,0
"4294",0,2,5,2,0
"4295",0,6,0,0,0
"4296",0,4,1,1,0
"4297",2,1,0,0,0
"4298",2,10,0,0,0
"4299",4,0,0,0,0
"4300",0,0,5,2,0
"4301",1,0,5,0,0
"4302",5,2,0,0,0
"4303",0,4,3,0,0
"4304",3,6,0,0,0
"4305",0,1,4,0,0
"4306",1,3,0,0,0
"4307",0,4,1,0,0
"4308",2,2,1,0,0
"4309",0,1,6,0,0
"4310",0,0,5,0,0
"4311",5,4,0,0,0
"4312",0,0,1,4,0
"4313",0,0,7,0,0
"4314",2,3,1,0,0
"4315",1,1,4,0,0
"4316",1,4,1,0,0
"4317",3,1,0,0,0
"4318",0,2,4,1,0
"4319",1,6,0,1,0
"4320",0,2,8,0,0
"4321",3,2,0,0,0
"4322",1,3,2,0,0
"4323",0,0,2,0,0
"4324",2,2,2,0,0
"4325",2,0,6,0,0
"4326",3,0,2,0,0
"4327",0,0,5,3,0
"4328",1,3,0,0,0
"4329",0,0,1,7,0
"4330",0,0,6,1,0
"4331",0,6,0,0,0
"4332",2,1,1,0,0
"4333",1,5,2,0,0
"4334",0,3,2,0,0
"4335",1,3,0,1,0
"4336",1,1,3,0,0
"4337",0,4,5,3,0
"4338",0,4,4,0,0
"4339",2,0,0,0,0
"4340",0,7,3,0,0
"4341",0,0,4,0,0
"4342",0,5,0,0,0
"4343",1,2,0,0,0
"4344",4,0,0,0,0
"4345",1,2,0,0,0
"4346",1,5,0,0,0
"4347",0,0,6,0,0
"4348",1,1,0,0,0
"4349",0,1,2,0,0
"4350",6,0,0,1,0
"4351",1,2,0,0,0
"4352",0,0,0,9,0
"4353",0,0,3,2,0
"4354",0,0,5,3,0
"4355",3,0,2,0,0
"4356",1,6,0,0,0
"4357",1,3,4,0,0
"4358",3,3,2,0,0
"4359",0,3,6,1,0
"4360",0,0,8,0,0
"4361",4,2,0,0,0
"4362",0,3,2,0,0
"4363",0,0,3,0,0
"4364",0,1,7,0,0
"4365",0,0,8,0,0
"4366",0,3,3,0,0
"4367",1,2,2,0,0
"4368",0,4,1,0,0
"4369",4,0,0,0,0
"4370",0,0,1,0,0
"4371",0,3,2,0,0
"4372",0,3,4,0,0
"4373",0,1,4,0,0
"4374",0,3,3,0,0
"4375",0,0,0,7,0
"4376",1,6,1,0,0
"4377",7,0,2,0,0
"4378",1,4,0,0,0
"4379",0,0,6,0,0
"4380",3,0,0,0,0
"4381",2,9,0,0,0
"4382",2,4,0,0,0
"4383",7,1,0,0,0
"4384",0,0,3,0,0
"4385",0,1,3,0,0
"4386",0,0,4,0,0
"4387",2,4,0,0,0
"4388",1,6,1,0,0
"4389",0,1,3,0,0
"4390",3,2,0,0,0
"4391",0,6,0,0,0
"4392",0,9,0,0,0
"4393",2,7,0,0,0
"4394",0,2,0,0,0
"4395",2,5,1,0,0
"4396",0,8,0,0,0
"4397",6,0,1,0,0
"4398",1,2,1,0,0
"4399",0,3,0,0,0
"4400",1,4,3,0,0
"4401",1,3,2,0,0
"4402",0,0,6,0,0
"4403",0,7,0,0,0
"4404",0,5,4,0,0
"4405",2,2,2,0,0
"4406",6,0,0,1,0
"4407",0,1,0,0,0
"4408",0,0,2,5,0
"4409",0,3,1,0,0
"4410",1,0,7,0,0
"4411",1,3,3,0,0
"4412",0,8,0,1,0
"4413",0,1,3,0,0
"4414",2,3,0,0,0
"4415",4,0,0,0,0
"4416",1,7,0,0,0
"4417",1,0,3,0,0
"4418",0,8,0,0,0
"4419",1,1,1,3,0
"4420",1,0,4,0,0
"4421",1,4,4,0,0
"4422",0,3,2,0,0
"4423",0,0,5,2,0
"4424",3,0,1,0,0
"4425",0,0,5,1,0
"4426",1,0,5,0,0
"4427",0,4,3,0,0
"4428",0,7,0,0,0
"4429",2,3,1,0,0
"4430",2,6,0,0,0
"4431",2,5,0,0,0
"4432",1,3,0,0,0
"4433",0,7,1,0,0
"4434",0,5,6,0,0
"4435",1,3,1,2,0
"4436",2,1,2,0,0
"4437",0,1,6,0,0
"4438",1,3,1,2,0
"4439",0,0,6,0,0
"4440",0,3,0,2,0
"4441",0,1,1,0,0
"4442",0,0,0,0,7
"4443",0,2,6,0,0
"4444",1,0,4,0,0
"4445",0,6,0,0,0
"4446",4,2,0,0,0
"4447",0,1,6,0,0
"4448",1,4,3,0,0
"4449",1,4,2,0,0
"4450",0,0,1,2,0
"4451",1,0,2,1,0
"4452",1,5,0,0,0
"4453",3,0,0,0,0
"4454",2,5,0,0,0
"4455",0,0,1,7,0
"4456",1,0,4,0,0
"4457",3,4,0,0,0
"4458",2,4,0,0,0
"4459",0,0,3,0,0
"4460",7,0,2,0,0
"4461",0,0,0,6,0
"4462",0,6,1,0,0
"4463",0,0,1,3,0
"4464",8,0,0,0,0
"4465",1,0,0,0,0
"4466",2,5,0,0,0
"4467",1,0,6,2,0
"4468",2,3,2,0,0
"4469",0,2,8,1,0
"4470",4,0,0,0,0
"4471",1,5,0,0,0
"4472",0,2,1,0,0
"4473",1,0,5,0,0
"4474",1,1,0,0,0
"4475",0,0,0,3,0
"4476",0,0,2,3,0
"4477",0,0,8,3,0
"4478",0,3,3,0,0
"4479",2,3,1,0,0
"4480",1,2,0,0,0
"4481",1,0,1,0,0
"4482",0,3,1,0,0
"4483",2,6,0,0,0
"4484",1,4,0,0,0
"4485",0,4,2,0,0
"4486",1,5,2,0,0
"4487",0,5,0,0,0
"4488",0,0,4,0,0
"4489",1,8,1,0,0
"4490",0,6,2,0,0
"4491",2,1,0,0,0
"4492",0,0,5,0,0
"4493",5,2,0,0,0
"4494",0,0,0,5,0
"4495",2,7,0,0,0
"4496",1,1,5,0,0
"4497",1,1,4,0,0
"4498",0,4,1,0,0
"4499",0,4,2,0,0
"4500",0,3,4,0,0
"4501",0,3,4,0,0
"4502",1,2,0,2,0
"4503",0,5,1,0,0
"4504",0,8,2,0,0
"4505",1,5,2,0,0
"4506",1,2,0,0,0
"4507",5,0,1,1,0
"4508",0,2,8,0,0
"4509",9,0,0,0,0
"4510",0,1,6,1,0
"4511",0,2,0,0,0
"4512",0,0,1,5,0
"4513",0,0,3,2,0
"4514",3,1,0,0,0
"4515",6,1,0,0,0
"4516",2,2,0,0,0
"4517",0,1,8,0,0
"4518",0,1,7,0,0
"4519",0,7,0,2,0
"4520",1,4,0,0,0
"4521",1,3,0,0,0
"4522",1,1,5,0,0
"4523",2,3,1,0,0
"4524",1,4,0,0,0
"4525",0,0,0,7,0
"4526",0,1,5,2,0
"4527",0,0,5,1,0
"4528",0,0,3,0,0
"4529",0,0,8,1,0
"4530",0,7,1,0,0
"4531",3,0,0,1,0
"4532",4,0,2,0,0
"4533",1,3,0,0,0
"4534",2,4,0,0,0
"4535",1,1,1,0,0
"4536",0,8,0,1,0
"4537",0,0,0,7,0
"4538",0,0,1,3,0
"4539",2,1,0,0,0
"4540",0,2,6,0,0
"4541",0,0,7,2,0
"4542",3,5,0,0,0
"4543",0,1,2,3,0
"4544",3,2,0,0,0
"4545",7,0,2,0,0
"4546",3,3,0,0,0
"4547",0,1,5,0,0
"4548",0,0,6,2,0
"4549",4,2,0,0,0
"4550",0,0,4,4,0
"4551",2,4,0,0,0
"4552",0,5,3,0,0
"4553",1,5,0,0,0
"4554",3,0,2,0,0
"4555",0,2,4,0,0
"4556",0,5,1,0,0
"4557",0,6,0,0,0
"4558",2,5,1,0,0
"4559",1,5,0,0,0
"4560",0,0,1,5,0
"4561",1,2,2,1,0
"4562",1,6,0,0,0
"4563",2,5,0,0,0
"4564",0,1,4,0,0
"4565",2,2,1,0,0
"4566",1,0,6,0,0
"4567",7,0,0,0,0
"4568",0,0,7,0,0
"4569",1,4,1,0,0
"4570",3,3,0,0,0
"4571",1,9,0,0,0
"4572",3,0,0,0,0
"4573",0,6,0,0,0
"4574",3,1,1,0,0
"4575",2,2,2,0,0
"4576",1,5,0,0,0
"4577",1,4,0,0,0
"4578",0,0,5,2,0
"4579",0,4,1,0,0
"4580",0,0,3,0,0
"4581",0,1,7,1,0
"4582",0,0,3,3,0
"4583",1,3,5,0,0
"4584",0,0,4,1,0
"4585",0,0,6,2,0
"4586",1,1,4,0,0
"4587",1,5,0,1,0
"4588",1,0,1,0,0
"4589",0,7,1,1,0
"4590",3,2,1,0,0
"4591",0,0,6,0,0
"4592",0,0,1,4,0
"4593",0,4,1,0,0
"4594",1,0,5,0,0
"4595",3,3,0,0,0
"4596",0,0,5,1,0
"4597",2,6,1,0,0
"4598",2,3,0,0,0
"4599",1,3,0,0,0
"4600",1,2,1,0,0
"4601",4,1,1,0,0
"4602",2,0,2,1,0
"4603",4,4,2,0,0
"4604",1,5,2,0,0
"4605",0,1,1,3,0
"4606",0,6,1,0,0
"4607",3,0,2,0,0
"4608",0,1,6,0,0
"4609",2,0,1,2,0
"4610",0,0,3,3,0
"4611",1,2,0,0,3
"4612",2,4,2,0,0
"4613",0,2,6,0,0
"4614",6,0,0,0,0
"4615",0,1,5,0,0
"4616",1,5,0,0,0
"4617",0,2,5,0,0
"4618",0,6,2,0,0
"4619",4,1,3,0,0
"4620",2,2,1,0,0
"4621",3,0,0,0,0
"4622",0,2,6,0,0
"4623",1,3,2,0,0
"4624",1,2,1,0,0
"4625",3,0,1,0,0
"4626",1,6,0,0,0
"4627",0,5,0,1,0
"4628",0,0,6,4,0
"4629",1,4,2,0,0
"4630",1,6,1,0,0
"4631",1,4,1,0,0
"4632",0,0,3,2,0
"4633",3,2,0,0,0
"4634",1,0,6,0,0
"4635",0,0,7,0,0
"4636",3,3,0,0,0
"4637",1,2,0,0,0
"4638",0,4,3,0,0
"4639",2,2,1,0,0
"4640",0,5,3,0,0
"4641",0,4,3,0,0
"4642",1,0,6,0,0
"4643",0,0,1,4,0
"4644",1,4,2,0,0
"4645",1,3,0,0,0
"4646",0,4,2,0,0
"4647",0,0,0,6,0
"4648",0,2,3,1,0
"4649",0,4,2,0,0
"4650",2,0,0,0,0
"4651",0,0,6,0,0
"4652",1,0,1,3,0
"4653",0,0,4,2,0
"4654",0,6,2,0,0
"4655",0,3,2,0,0
"4656",1,0,2,0,0
"4657",1,0,6,0,0
"4658",1,5,2,0,0
"4659",1,1,3,0,0
"4660",0,3,1,0,0
"4661",0,0,4,2,0
"4662",1,2,0,0,0
"4663",0,6,2,0,0
"4664",3,5,0,0,0
"4665",1,0,4,1,0
"4666",0,1,0,1,0
"4667",2,0,0,0,0
"4668",0,5,4,1,0
"4669",2,5,0,0,0
"4670",0,0,4,1,0
"4671",1,6,0,0,0
"4672",0,0,7,0,0
"4673",6,0,3,0,0
"4674",0,0,2,8,0
"4675",3,4,0,0,0
"4676",3,0,2,0,0
"4677",1,2,0,0,0
"4678",0,0,6,0,0
"4679",1,2,1,0,0
"4680",1,0,6,1,0
"4681",5,2,0,0,0
"4682",0,0,4,1,0
"4683",0,1,5,4,0
"4684",0,6,2,0,0
"4685",1,0,5,0,0
"4686",0,1,8,0,0
"4687",4,0,0,0,0
"4688",6,0,2,0,0
"4689",7,0,0,0,0
"4690",3,6,0,0,0
"4691",2,0,0,1,0
"4692",0,1,8,0,0
"4693",1,7,0,0,0
"4694",0,0,6,1,0
"4695",2,2,2,0,0
"4696",0,2,3,1,0
"4697",0,5,3,0,0
"4698",0,4,6,0,0
"4699",0,0,1,3,0
"4700",0,2,3,2,0
"4701",0,9,0,0,0
"4702",1,5,2,0,0
"4703",0,0,3,1,0
"4704",2,0,2,0,0
"4705",0,0,2,1,0
"4706",0,0,5,3,0
"4707",0,3,2,0,0
"4708",0,2,4,0,0
"4709",0,0,4,0,0
"4710",0,1,4,1,0
"4711",1,3,0,0,0
"4712",0,0,6,3,0
"4713",0,2,3,0,0
"4714",2,2,0,0,0
"4715",0,2,5,0,0
"4716",0,0,8,0,0
"4717",0,0,7,2,0
"4718",0,1,7,0,0
"4719",1,1,6,0,0
"4720",0,1,5,0,0
"4721",0,6,1,0,0
"4722",2,5,0,0,0
"4723",0,1,6,0,0
"4724",4,5,1,0,0
"4725",1,5,0,0,0
"4726",3,0,2,0,0
"4727",0,4,0,0,0
"4728",1,2,0,0,0
"4729",0,1,3,0,0
"4730",0,0,5,2,0
"4731",0,0,8,0,2
"4732",0,1,4,0,0
"4733",3,0,1,0,0
"4734",4,0,2,0,0
"4735",3,4,1,0,0
"4736",2,3,0,0,0
"4737",0,2,3,0,0
"4738",7,0,0,0,0
"4739",1,3,2,0,0
"4740",0,3,4,0,0
"4741",0,4,1,0,0
"4742",0,4,1,0,0
"4743",0,4,5,0,0
"4744",2,4,2,0,0
"4745",0,2,4,1,0
"4746",0,7,2,0,0
"4747",0,6,3,0,0
"4748",0,1,3,0,0
"4749",0,4,4,0,0
"4750",0,2,5,0,0
"4751",1,0,4,0,0
"4752",7,0,2,0,0
"4753",0,1,5,0,0
"4754",1,7,1,0,0
"4755",2,0,0,0,0
"4756",1,5,2,0,0
"4757",2,5,0,0,0
"4758",3,4,0,0,0
"4759",0,4,0,0,0
"4760",2,2,0,0,0
"4761",0,5,2,0,0
"4762",0,0,3,0,0
"4763",0,0,2,2,0
"4764",0,0,6,2,0
"4765",3,3,1,0,0
"4766",0,3,8,0,0
"4767",1,0,3,2,0
"4768",1,2,3,0,0
"4769",1,3,0,0,0
"4770",0,0,4,3,0
"4771",0,1,5,0,0
"4772",0,6,2,0,0
"4773",0,0,2,5,0
"4774",1,4,0,1,0
"4775",3,2,1,0,0
"4776",0,1,8,0,0
"4777",1,5,3,2,0
"4778",0,2,6,0,0
"4779",0,0,5,0,0
"4780",6,0,0,0,0
"4781",0,0,0,4,0
"4782",0,5,0,0,0
"4783",0,0,3,5,0
"4784",0,10,0,1,0
"4785",0,3,4,1,0
"4786",0,4,0,0,0
"4787",0,3,3,0,0
"4788",6,0,0,0,0
"4789",0,0,6,0,0
"4790",2,5,1,0,0
"4791",0,1,2,1,0
"4792",0,9,1,0,0
"4793",0,8,0,0,0
"4794",0,0,1,0,0
"4795",0,7,0,0,0
"4796",0,1,4,0,0
"4797",0,1,1,0,0
"4798",0,0,6,0,0
"4799",3,2,1,0,0
"4800",1,0,1,0,0
"4801",0,0,5,2,0
"4802",8,0,0,0,0
"4803",5,0,0,0,0
"4804",1,0,3,0,0
"4805",0,6,1,0,0
"4806",0,2,0,0,0
"4807",0,1,4,0,0
"4808",0,4,2,0,0
"4809",2,3,2,0,0
"4810",3,0,0,3,0
"4811",0,3,1,0,0
"4812",0,0,2,0,0
"4813",0,6,0,0,0
"4814",2,0,0,0,0
"4815",0,5,2,0,0
"4816",0,2,2,0,0
"4817",1,2,2,0,0
"4818",2,1,3,0,0
"4819",4,6,0,0,0
"4820",0,1,1,0,0
"4821",1,3,1,0,0
"4822",4,1,1,0,0
"4823",0,0,2,0,0
"4824",0,3,1,0,0
"4825",0,3,1,0,0
"4826",3,1,1,0,0
"4827",1,3,0,0,0
"4828",0,2,1,0,0
"4829",1,6,0,0,0
"4830",0,3,0,0,0
"4831",1,6,3,0,0
"4832",1,0,1,0,0
"4833",5,0,2,0,0
"4834",0,0,6,0,0
"4835",0,2,2,0,0
"4836",0,2,0,1,0
"4837",3,1,1,0,0
"4838",0,0,8,0,0
"4839",0,0,5,0,0
"4840",0,6,1,0,0
"4841",0,0,0,7,0
"4842",0,0,1,3,0
"4843",1,0,4,0,0
"4844",6,5,1,0,0
"4845",6,0,1,0,0
"4846",0,9,0,0,0
"4847",0,8,2,0,0
"4848",0,0,2,0,0
"4849",2,3,1,0,0
"4850",0,2,6,0,0
"4851",6,0,0,0,0
"4852",2,6,0,0,0
"4853",1,0,0,0,0
"4854",1,0,3,0,0
"4855",0,0,5,1,0
"4856",1,2,5,0,0
"4857",0,3,6,0,0
"4858",2,6,1,0,0
"4859",3,2,0,0,0
"4860",1,2,4,0,0
"4861",3,2,0,0,0
"4862",1,7,1,0,0
"4863",4,3,0,0,0
"4864",0,0,6,2,0
"4865",1,0,4,0,0
"4866",0,0,2,0,0
"4867",0,1,6,0,0
"4868",0,1,5,0,0
"4869",2,2,0,0,0
"4870",0,5,0,0,0
"4871",1,0,4,0,0
"4872",1,2,0,0,0
"4873",0,2,0,0,0
"4874",3,5,0,0,0
"4875",1,0,5,0,0
"4876",0,1,3,1,0
"4877",0,0,5,0,0
"4878",0,2,0,0,0
"4879",2,1,0,0,0
"4880",0,3,1,1,0
"4881",2,6,0,0,0
"4882",1,4,2,0,0
"4883",1,1,6,1,0
"4884",1,2,3,0,0
"4885",0,0,4,2,0
"4886",1,0,3,0,0
"4887",2,7,0,0,0
"4888",0,1,5,0,0
"4889",1,6,0,0,0
"4890",0,10,0,0,0
"4891",4,4,1,0,0
"4892",0,7,0,3,0
"4893",4,4,2,2,0
"4894",0,5,0,0,0
"4895",0,4,5,0,0
"4896",1,4,1,0,0
"4897",0,2,1,2,0
"4898",6,1,0,0,0
"4899",0,6,1,0,0
"4900",0,0,4,0,0
"4901",1,1,2,0,0
"4902",2,6,0,0,0
"4903",2,1,0,0,0
"4904",1,0,3,0,0
"4905",2,0,0,0,0
"4906",1,5,3,0,0
"4907",0,0,4,5,1
"4908",2,3,0,0,0
"4909",1,2,0,0,0
"4910",1,1,1,0,0
"4911",0,0,1,6,0
"4912",0,0,3,4,0
"4913",1,4,0,0,0
"4914",0,4,1,0,0
"4915",0,7,0,0,0
"4916",0,1,7,0,0
"4917",5,0,1,0,0
"4918",1,5,2,0,0
"4919",0,2,6,0,0
"4920",0,0,2,0,0
"4921",4,0,0,0,0
"4922",1,6,0,0,0
"4923",0,0,2,5,0
"4924",0,5,3,2,0
"4925",2,3,0,0,0
"4926",1,5,1,0,0
"4927",3,0,1,0,0
"4928",0,1,0,0,0
"4929",1,2,0,0,0
"4930",3,2,0,2,0
"4931",0,4,4,0,0
"4932",0,1,7,0,0
"4933",2,0,2,0,0
"4934",0,4,1,0,0
"4935",0,0,0,6,0
"4936",3,0,2,0,0
"4937",0,0,5,0,0
"4938",0,1,8,0,0
"4939",0,4,3,0,0
"4940",2,4,1,0,0
"4941",1,0,3,0,0
"4942",2,1,2,0,0
"4943",0,7,4,0,0
"4944",0,3,2,0,0
"4945",0,0,5,1,0
"4946",0,0,3,0,0
"4947",2,3,0,0,0
"4948",6,1,0,0,0
"4949",7,1,1,0,0
"4950",0,1,2,0,0
"4951",0,1,4,0,0
"4952",0,1,5,0,0
"4953",2,0,2,0,0
"4954",2,7,0,1,0
"4955",1,5,3,0,0
"4956",0,0,6,1,0
"4957",5,0,2,0,0
"4958",0,2,2,0,0
"4959",0,0,2,3,0
"4960",0,0,5,0,0
"4961",2,0,0,0,0
"4962",4,0,0,0,0
"4963",4,4,0,0,0
"4964",1,0,4,1,0
"4965",0,2,4,0,0
"4966",2,1,2,0,0
"4967",4,0,0,0,0
"4968",0,0,5,0,0
"4969",0,7,0,0,0
"4970",0,3,0,0,0
"4971",0,4,0,0,0
"4972",0,6,2,0,0
"4973",1,5,4,0,0
"4974",0,3,1,0,0
"4975",2,3,0,0,0
"4976",0,9,1,0,0
"4977",3,2,0,0,0
"4978",1,2,2,0,0
"4979",1,4,2,2,0
"4980",4,2,0,0,0
"4981",3,3,0,0,0
"4982",0,7,0,0,0
"4983",0,6,0,0,0
"4984",0,5,2,0,0
"4985",0,1,4,0,0
"4986",0,1,4,0,0
"4987",0,6,1,0,0
"4988",1,5,0,2,0
"4989",1,3,2,0,0
"4990",3,2,0,0,0
"4991",0,0,5,1,0
"4992",2,3,0,0,0
"4993",1,3,1,0,0
"4994",2,0,0,0,0
"4995",1,6,2,1,0
"4996",0,0,4,0,0
"4997",0,0,3,1,0
"4998",1,3,2,0,0
"4999",0,1,0,1,0
"5000",0,2,1,0,0
