"","V1","V2","V3","V4","V5"
"1",0,1,1,0,0
"2",0,1,5,2,0
"3",1,5,0,0,0
"4",1,3,3,0,0
"5",1,0,4,1,0
"6",0,0,4,0,0
"7",0,0,7,1,0
"8",4,0,1,0,0
"9",0,5,1,0,0
"10",0,1,4,0,0
"11",2,6,0,0,0
"12",3,2,0,0,0
"13",0,6,0,0,0
"14",2,3,0,0,0
"15",4,1,0,2,0
"16",0,0,4,0,0
"17",0,4,0,0,0
"18",3,1,0,0,0
"19",5,0,0,0,1
"20",2,0,1,0,0
"21",1,1,0,2,0
"22",0,3,1,0,0
"23",1,4,0,0,0
"24",1,6,0,0,0
"25",1,5,2,0,0
"26",3,0,0,0,0
"27",0,1,4,0,0
"28",2,0,0,2,0
"29",0,1,2,0,0
"30",1,3,1,0,0
"31",0,0,7,0,0
"32",0,2,0,1,0
"33",2,3,1,0,0
"34",0,5,2,0,0
"35",0,1,2,0,0
"36",4,1,0,0,0
"37",4,1,0,0,0
"38",2,0,0,0,0
"39",3,1,1,0,0
"40",0,5,0,0,0
"41",3,0,2,0,0
"42",0,4,2,0,0
"43",0,1,5,0,0
"44",1,5,1,0,0
"45",1,2,4,0,0
"46",1,2,0,1,0
"47",0,1,0,1,0
"48",1,2,2,0,0
"49",4,0,0,0,0
"50",0,3,1,0,0
"51",1,0,0,0,0
"52",3,1,1,0,0
"53",7,2,1,0,0
"54",7,0,1,0,0
"55",0,0,6,0,0
"56",0,1,6,0,0
"57",0,4,2,0,0
"58",0,5,1,0,0
"59",6,0,0,0,0
"60",3,2,1,0,0
"61",0,1,1,0,0
"62",0,4,0,0,0
"63",0,7,1,0,0
"64",1,2,0,0,0
"65",0,1,7,0,0
"66",0,3,0,0,0
"67",1,6,1,0,0
"68",0,0,8,1,0
"69",1,2,0,0,0
"70",1,2,1,0,0
"71",0,5,2,0,0
"72",2,0,0,1,0
"73",0,0,3,0,0
"74",0,0,4,1,0
"75",3,1,0,0,0
"76",0,5,0,0,0
"77",4,2,1,0,0
"78",0,1,0,8,0
"79",0,6,0,0,0
"80",2,0,0,0,0
"81",1,1,1,0,0
"82",0,3,2,0,0
"83",0,0,2,1,0
"84",2,4,0,0,0
"85",0,1,2,0,0
"86",0,0,3,0,0
"87",0,5,2,0,0
"88",0,0,1,3,0
"89",0,0,7,1,0
"90",1,2,3,0,0
"91",0,3,1,0,0
"92",3,1,1,0,0
"93",1,4,1,0,0
"94",0,1,6,1,0
"95",0,0,7,0,0
"96",5,0,1,0,0
"97",5,0,0,0,0
"98",2,3,0,0,0
"99",0,10,1,0,0
"100",0,0,3,0,0
"101",1,8,0,0,0
"102",2,4,1,0,0
"103",0,0,4,0,0
"104",0,2,1,0,0
"105",1,6,2,0,0
"106",0,7,0,0,0
"107",0,3,0,0,0
"108",1,0,3,0,0
"109",2,5,0,0,0
"110",4,0,2,0,0
"111",2,0,0,1,0
"112",3,0,1,0,0
"113",4,1,0,1,0
"114",0,1,2,0,0
"115",1,6,0,0,0
"116",0,4,1,0,0
"117",3,0,0,2,0
"118",0,1,0,0,0
"119",3,0,1,0,0
"120",0,0,4,0,0
"121",0,5,0,0,0
"122",1,3,0,0,0
"123",2,2,0,0,0
"124",0,2,4,0,0
"125",1,2,3,0,0
"126",0,1,0,0,0
"127",1,4,0,0,0
"128",1,3,1,0,0
"129",0,1,0,0,0
"130",0,5,0,0,0
"131",0,5,0,0,0
"132",0,0,3,0,0
"133",3,0,0,0,0
"134",0,0,0,1,0
"135",0,4,1,0,0
"136",0,4,1,0,0
"137",0,2,0,0,0
"138",2,1,0,0,0
"139",1,5,1,0,0
"140",2,2,0,0,0
"141",0,0,7,0,0
"142",0,0,0,5,0
"143",4,0,2,0,0
"144",0,0,2,2,0
"145",3,1,0,0,0
"146",0,0,4,0,0
"147",1,2,0,0,0
"148",0,0,0,8,0
"149",5,0,1,0,0
"150",3,1,0,0,0
"151",4,0,3,0,0
"152",0,3,1,0,0
"153",0,6,0,0,0
"154",0,1,4,0,0
"155",6,0,0,0,0
"156",5,0,1,0,0
"157",0,4,0,0,0
"158",1,0,4,0,0
"159",1,6,1,0,0
"160",0,0,0,8,0
"161",1,0,4,0,0
"162",0,0,1,0,0
"163",0,0,4,0,0
"164",2,0,0,0,0
"165",3,2,0,0,0
"166",5,0,0,1,0
"167",0,4,0,0,0
"168",0,2,0,0,0
"169",0,5,0,0,0
"170",2,0,0,0,0
"171",0,1,0,1,0
"172",3,1,0,3,0
"173",0,8,1,0,0
"174",0,2,0,0,0
"175",6,1,0,0,0
"176",0,5,1,0,0
"177",0,5,0,2,0
"178",0,5,0,0,0
"179",0,4,2,0,0
"180",1,0,6,0,0
"181",7,4,1,0,0
"182",1,1,0,0,0
"183",1,0,4,0,0
"184",1,4,3,0,0
"185",2,2,0,0,0
"186",2,2,0,0,0
"187",0,0,5,2,0
"188",0,0,4,1,0
"189",1,2,0,0,0
"190",0,2,1,0,0
"191",3,0,1,0,0
"192",1,5,1,0,0
"193",0,0,0,5,0
"194",2,2,0,0,0
"195",3,0,0,0,0
"196",7,1,1,0,0
"197",0,1,3,0,0
"198",0,1,2,0,0
"199",0,4,0,2,0
"200",2,1,0,0,0
"201",0,0,6,1,0
"202",3,1,0,1,0
"203",0,3,1,0,0
"204",5,1,0,0,0
"205",6,0,0,1,0
"206",0,0,3,0,0
"207",0,1,0,0,0
"208",1,7,0,0,0
"209",6,3,0,0,0
"210",0,0,0,0,0
"211",0,2,0,0,0
"212",0,0,6,1,0
"213",0,5,0,0,0
"214",3,5,0,0,0
"215",3,3,1,0,0
"216",0,2,2,0,0
"217",0,3,0,0,0
"218",0,3,0,0,0
"219",0,2,1,0,0
"220",0,1,5,0,0
"221",6,0,1,0,0
"222",3,1,2,0,0
"223",3,5,0,0,0
"224",2,3,0,0,0
"225",0,9,0,0,0
"226",1,5,2,0,0
"227",0,5,1,0,0
"228",0,5,0,0,0
"229",0,3,0,0,0
"230",0,5,1,0,0
"231",0,0,0,6,0
"232",0,3,2,0,0
"233",1,0,1,0,0
"234",2,0,4,0,0
"235",1,3,0,0,0
"236",4,1,1,0,0
"237",2,0,2,0,0
"238",5,4,0,0,0
"239",5,3,1,0,0
"240",0,3,0,0,0
"241",0,2,0,0,0
"242",1,0,2,0,0
"243",0,3,0,0,0
"244",2,0,0,0,0
"245",2,0,1,0,0
"246",0,4,0,0,0
"247",2,2,0,0,0
"248",3,2,1,0,0
"249",1,3,0,0,0
"250",0,6,0,0,0
"251",0,0,2,1,0
"252",1,0,0,0,0
"253",0,1,1,1,0
"254",0,2,0,0,0
"255",1,4,0,0,0
"256",0,5,0,1,0
"257",3,1,1,0,0
"258",4,0,0,0,0
"259",2,5,0,0,0
"260",3,1,1,0,0
"261",3,1,0,1,0
"262",0,0,1,1,0
"263",0,6,1,0,0
"264",0,0,3,0,0
"265",0,0,4,2,0
"266",2,2,2,0,0
"267",3,0,0,1,0
"268",1,6,1,0,0
"269",1,4,2,0,0
"270",0,3,0,1,0
"271",0,0,7,1,0
"272",0,0,0,6,0
"273",1,1,0,0,0
"274",1,0,3,1,0
"275",1,6,0,0,0
"276",0,2,1,0,0
"277",5,2,0,0,0
"278",3,1,0,0,0
"279",0,0,3,0,0
"280",3,0,0,0,0
"281",4,0,0,0,0
"282",5,0,0,0,0
"283",3,1,0,0,0
"284",0,3,1,0,0
"285",0,0,4,0,0
"286",0,5,2,0,0
"287",0,3,1,0,0
"288",1,2,0,1,0
"289",0,0,3,2,0
"290",1,0,1,0,0
"291",1,2,2,0,0
"292",5,0,0,0,0
"293",3,0,0,0,0
"294",0,0,1,1,3
"295",2,0,0,0,0
"296",3,0,0,0,0
"297",7,2,1,0,0
"298",1,1,1,1,0
"299",3,1,1,0,0
"300",2,0,2,0,0
"301",3,0,2,0,0
"302",2,1,0,0,0
"303",0,5,0,0,0
"304",0,3,0,1,0
"305",4,2,0,0,0
"306",0,3,0,0,0
"307",2,3,0,0,0
"308",6,2,0,0,0
"309",0,0,5,0,0
"310",5,1,0,0,0
"311",3,0,0,3,0
"312",1,1,0,1,0
"313",1,6,0,0,0
"314",2,0,1,0,0
"315",0,6,0,1,0
"316",0,4,0,0,0
"317",3,1,1,0,0
"318",0,1,1,0,0
"319",0,3,1,0,0
"320",0,1,6,0,0
"321",0,2,2,0,0
"322",3,2,0,0,0
"323",2,1,2,0,0
"324",2,2,0,0,0
"325",0,1,1,0,0
"326",1,0,0,0,0
"327",0,2,1,0,0
"328",0,0,4,1,0
"329",0,2,2,0,0
"330",2,0,0,0,0
"331",0,0,4,1,0
"332",0,1,5,0,0
"333",1,5,0,0,0
"334",0,5,1,0,0
"335",3,4,3,0,0
"336",0,0,0,6,0
"337",1,0,4,0,0
"338",2,0,0,0,0
"339",0,1,0,5,0
"340",1,3,0,0,0
"341",5,0,0,0,0
"342",0,2,0,1,0
"343",4,1,0,0,0
"344",1,1,1,0,0
"345",0,1,1,0,0
"346",1,0,4,0,0
"347",0,2,4,0,0
"348",4,0,0,0,0
"349",0,1,2,5,0
"350",8,0,0,0,0
"351",0,2,2,0,0
"352",0,2,0,1,0
"353",2,0,0,0,0
"354",4,0,0,0,0
"355",0,0,4,1,0
"356",0,1,2,3,0
"357",0,1,5,0,0
"358",5,0,0,0,0
"359",0,5,0,0,0
"360",1,7,1,0,0
"361",1,2,0,0,0
"362",0,1,3,3,0
"363",0,7,0,2,0
"364",3,3,0,0,0
"365",0,3,0,2,0
"366",0,1,2,0,0
"367",1,4,0,0,0
"368",5,0,0,0,0
"369",3,1,0,0,0
"370",3,5,0,0,0
"371",0,3,1,0,0
"372",4,1,2,0,0
"373",3,0,0,0,0
"374",3,2,0,0,0
"375",3,1,0,0,0
"376",5,1,0,0,0
"377",0,0,1,0,0
"378",1,2,0,0,0
"379",0,4,0,2,0
"380",4,2,0,0,0
"381",0,4,2,0,0
"382",2,2,2,0,0
"383",0,7,0,0,0
"384",0,2,2,0,0
"385",1,2,1,0,0
"386",1,5,0,0,0
"387",0,2,0,0,0
"388",1,3,0,0,0
"389",0,4,1,0,0
"390",0,1,6,0,0
"391",3,1,0,0,0
"392",0,3,0,0,0
"393",2,1,1,0,0
"394",0,4,1,0,0
"395",0,0,7,1,0
"396",1,0,1,0,0
"397",3,3,1,0,0
"398",2,1,2,0,0
"399",2,2,1,0,0
"400",0,0,0,8,0
"401",1,1,5,1,0
"402",3,1,1,0,0
"403",0,0,6,0,0
"404",0,0,4,0,0
"405",0,0,5,0,0
"406",0,0,0,1,0
"407",1,5,0,0,0
"408",2,4,1,0,0
"409",2,1,0,0,0
"410",1,1,1,0,0
"411",4,1,2,0,0
"412",0,5,1,0,0
"413",0,4,0,0,0
"414",1,1,1,0,0
"415",0,0,4,0,0
"416",0,4,1,0,0
"417",0,2,0,0,0
"418",1,0,2,0,1
"419",0,0,3,1,0
"420",2,1,0,0,0
"421",0,4,0,0,0
"422",2,1,3,0,0
"423",4,0,1,0,0
"424",0,4,1,0,0
"425",3,5,0,0,0
"426",1,5,0,0,0
"427",1,0,4,0,0
"428",0,0,8,0,0
"429",2,0,0,0,0
"430",0,6,0,0,0
"431",0,1,1,0,0
"432",0,2,0,0,0
"433",0,4,0,0,0
"434",3,0,0,1,0
"435",0,2,0,0,0
"436",0,0,7,2,0
"437",5,0,0,0,0
"438",1,0,0,0,0
"439",0,3,0,0,0
"440",0,3,0,0,0
"441",1,0,1,0,0
"442",5,2,1,0,0
"443",1,4,0,0,0
"444",0,1,1,0,0
"445",0,6,0,0,0
"446",1,5,0,0,0
"447",0,5,1,0,0
"448",0,6,1,0,0
"449",0,3,0,0,0
"450",1,3,0,3,0
"451",3,1,2,0,0
"452",1,4,0,0,0
"453",0,0,5,0,0
"454",0,0,4,2,0
"455",0,4,5,0,0
"456",2,2,0,0,0
"457",4,0,0,0,0
"458",0,0,0,6,0
"459",0,0,5,0,0
"460",4,0,0,0,0
"461",0,3,1,0,0
"462",1,5,2,0,0
"463",4,0,1,0,0
"464",2,1,0,0,0
"465",1,0,0,0,0
"466",1,2,1,1,0
"467",1,1,0,0,0
"468",0,0,5,1,0
"469",1,4,0,0,0
"470",3,2,0,0,0
"471",2,0,0,0,0
"472",4,2,0,0,0
"473",3,1,0,0,0
"474",0,1,1,0,0
"475",3,0,0,0,0
"476",1,1,1,1,0
"477",0,1,2,0,0
"478",0,2,2,0,0
"479",0,2,1,0,0
"480",0,0,4,2,0
"481",1,3,0,0,0
"482",6,0,0,0,0
"483",1,3,1,0,0
"484",1,5,0,0,0
"485",1,0,2,0,0
"486",3,0,0,0,0
"487",0,1,4,0,0
"488",0,1,3,0,0
"489",0,0,5,1,0
"490",4,0,0,0,0
"491",4,0,0,0,0
"492",2,1,0,0,0
"493",2,5,0,0,0
"494",1,3,0,0,0
"495",0,2,0,1,0
"496",2,0,2,0,0
"497",2,0,0,0,0
"498",4,0,0,1,0
"499",1,0,0,0,0
"500",0,2,4,1,0
"501",2,0,2,0,0
"502",4,0,2,0,0
"503",1,3,0,0,0
"504",1,3,0,0,0
"505",0,0,0,3,0
"506",1,1,0,0,0
"507",0,1,2,0,0
"508",4,0,0,0,0
"509",0,5,0,0,0
"510",0,0,4,0,0
"511",1,5,0,1,0
"512",0,5,0,0,0
"513",1,0,1,0,0
"514",0,0,4,0,0
"515",0,2,2,0,0
"516",2,0,0,0,0
"517",3,2,1,0,0
"518",0,3,0,0,0
"519",5,0,1,0,0
"520",3,1,1,0,0
"521",2,4,0,0,0
"522",5,1,0,0,0
"523",1,2,0,0,0
"524",2,3,0,0,0
"525",2,2,1,0,0
"526",1,0,7,0,0
"527",5,1,0,0,0
"528",1,0,0,2,0
"529",0,4,0,0,0
"530",2,2,0,0,0
"531",0,1,1,0,0
"532",0,3,0,1,0
"533",4,1,0,0,0
"534",3,0,0,0,0
"535",2,2,2,0,0
"536",2,1,1,0,0
"537",1,4,1,0,0
"538",4,0,0,0,0
"539",0,1,2,0,0
"540",0,5,1,0,0
"541",0,3,1,0,0
"542",1,1,2,0,0
"543",0,1,2,0,0
"544",4,2,0,0,0
"545",0,0,1,2,0
"546",0,0,3,0,0
"547",2,3,0,0,0
"548",1,3,2,0,0
"549",1,2,0,2,0
"550",3,1,2,0,0
"551",1,3,1,0,0
"552",2,0,0,0,0
"553",1,4,1,0,0
"554",0,0,2,0,0
"555",0,7,0,0,0
"556",1,0,2,0,0
"557",7,0,0,2,0
"558",3,1,0,0,0
"559",1,6,0,0,0
"560",0,0,0,0,0
"561",3,3,0,0,0
"562",0,0,0,2,0
"563",0,4,0,0,0
"564",1,5,3,0,0
"565",0,2,2,1,0
"566",3,0,1,0,0
"567",1,5,0,0,0
"568",1,0,1,0,0
"569",0,3,1,0,0
"570",0,3,0,0,0
"571",3,0,1,0,0
"572",5,0,1,0,0
"573",3,1,0,0,0
"574",4,2,0,0,0
"575",0,3,0,1,0
"576",0,0,5,0,0
"577",0,0,0,6,0
"578",0,0,4,1,0
"579",1,0,0,0,0
"580",0,1,0,1,0
"581",5,1,1,0,0
"582",0,1,0,0,0
"583",2,5,0,0,0
"584",0,2,2,0,0
"585",0,0,5,0,0
"586",0,2,1,0,0
"587",4,1,2,0,0
"588",4,5,0,0,0
"589",0,0,1,0,0
"590",0,3,1,0,0
"591",0,1,1,0,0
"592",0,9,0,0,0
"593",3,0,0,1,0
"594",0,3,1,0,0
"595",0,1,1,1,0
"596",1,3,0,1,0
"597",0,7,1,0,0
"598",1,0,6,1,0
"599",0,4,2,0,0
"600",3,0,2,0,0
"601",3,2,1,0,0
"602",1,2,1,0,0
"603",2,0,0,0,0
"604",2,0,0,0,0
"605",0,2,0,0,0
"606",0,2,0,1,0
"607",2,4,2,0,0
"608",2,1,3,2,0
"609",0,2,0,0,0
"610",1,1,1,0,0
"611",1,3,0,0,0
"612",0,3,5,0,0
"613",0,1,2,0,0
"614",0,3,0,0,0
"615",0,1,0,1,0
"616",0,2,4,1,0
"617",2,1,0,0,0
"618",3,0,0,0,0
"619",1,0,6,0,0
"620",0,1,2,0,0
"621",0,0,3,1,0
"622",1,3,0,0,0
"623",0,5,1,1,0
"624",1,0,5,0,0
"625",0,2,0,0,0
"626",1,4,0,0,0
"627",1,2,7,0,0
"628",0,0,1,0,0
"629",1,6,0,0,0
"630",1,2,1,0,0
"631",0,0,5,0,0
"632",0,0,0,4,2
"633",0,6,0,0,0
"634",2,0,2,1,0
"635",1,0,5,0,0
"636",0,0,5,0,0
"637",0,0,3,2,0
"638",2,0,1,0,0
"639",0,0,0,5,0
"640",1,4,2,0,0
"641",0,1,2,0,0
"642",3,3,0,1,0
"643",0,3,0,0,0
"644",2,4,0,0,0
"645",1,1,2,0,0
"646",3,2,1,0,0
"647",1,3,0,0,0
"648",0,2,2,0,0
"649",1,5,0,0,0
"650",3,0,0,0,0
"651",0,4,2,0,0
"652",3,0,0,0,0
"653",0,6,0,0,0
"654",3,2,0,0,0
"655",0,3,1,0,0
"656",2,2,0,0,0
"657",0,3,0,0,0
"658",0,0,0,4,2
"659",0,0,1,0,0
"660",0,3,0,0,0
"661",2,3,0,0,0
"662",3,1,0,0,0
"663",0,4,1,3,0
"664",0,3,0,1,0
"665",0,1,4,1,0
"666",5,0,0,0,0
"667",6,1,0,0,0
"668",2,1,0,0,0
"669",1,4,0,0,0
"670",4,0,0,0,0
"671",1,5,0,0,0
"672",1,0,1,0,0
"673",0,1,6,0,0
"674",1,4,0,0,0
"675",0,0,5,1,0
"676",2,0,0,0,0
"677",0,3,0,0,0
"678",3,2,1,0,0
"679",0,5,0,0,0
"680",4,0,0,0,0
"681",4,0,0,1,0
"682",6,0,1,0,0
"683",0,1,2,0,0
"684",0,2,0,1,0
"685",0,0,0,4,0
"686",0,2,2,0,0
"687",1,4,0,0,0
"688",0,3,1,0,0
"689",5,0,0,0,0
"690",0,0,3,0,0
"691",1,1,1,0,0
"692",0,4,2,0,0
"693",3,0,1,0,0
"694",5,3,0,0,0
"695",6,0,1,0,0
"696",0,5,1,0,0
"697",1,10,0,0,0
"698",2,2,1,0,0
"699",0,0,6,0,0
"700",5,1,1,0,0
"701",2,0,0,0,0
"702",5,0,1,0,0
"703",3,1,0,0,0
"704",4,0,0,1,0
"705",1,4,2,1,0
"706",0,1,7,0,0
"707",0,1,5,0,0
"708",1,4,2,0,0
"709",0,3,2,0,0
"710",1,0,1,0,0
"711",4,0,0,0,0
"712",4,3,0,0,0
"713",0,4,1,0,0
"714",4,1,0,0,0
"715",0,1,3,0,0
"716",1,1,3,0,0
"717",1,3,0,1,0
"718",3,1,0,0,0
"719",3,0,1,0,0
"720",2,6,0,0,0
"721",0,8,0,0,0
"722",0,2,5,0,0
"723",0,4,0,1,0
"724",0,3,1,0,0
"725",2,4,0,0,0
"726",1,3,0,0,0
"727",0,3,0,0,0
"728",0,4,0,1,0
"729",0,0,4,2,0
"730",1,0,5,0,0
"731",1,5,1,0,0
"732",1,6,0,0,0
"733",0,0,6,0,0
"734",0,5,0,0,0
"735",0,9,0,0,0
"736",1,2,1,0,0
"737",1,2,2,0,0
"738",2,1,1,0,0
"739",0,0,3,0,0
"740",1,3,3,0,0
"741",0,3,0,1,0
"742",2,1,0,0,0
"743",0,1,4,0,0
"744",0,2,1,0,0
"745",1,0,0,0,0
"746",0,0,4,0,0
"747",0,6,0,0,0
"748",1,4,3,0,0
"749",2,1,2,0,0
"750",1,4,2,0,0
"751",2,6,0,0,0
"752",3,1,1,0,0
"753",5,2,0,0,0
"754",0,6,1,0,0
"755",1,1,4,0,0
"756",0,0,3,0,0
"757",0,1,2,0,0
"758",0,2,0,1,0
"759",1,0,4,0,0
"760",3,0,1,0,0
"761",3,0,0,0,0
"762",2,2,0,0,0
"763",0,0,1,5,0
"764",5,0,0,0,0
"765",0,1,3,0,0
"766",2,2,1,0,0
"767",0,3,0,0,0
"768",1,0,4,0,0
"769",2,0,2,0,0
"770",0,0,4,1,0
"771",0,3,1,0,0
"772",0,0,3,4,0
"773",6,0,2,0,0
"774",0,3,0,0,0
"775",0,0,0,5,0
"776",1,4,0,0,0
"777",0,1,1,0,0
"778",0,0,2,0,0
"779",4,0,0,2,0
"780",1,3,0,0,0
"781",1,4,0,0,0
"782",2,0,1,0,0
"783",3,0,1,0,0
"784",0,0,4,0,0
"785",0,0,1,5,0
"786",0,0,4,0,0
"787",5,0,1,0,0
"788",0,0,0,3,0
"789",0,6,0,0,0
"790",3,1,0,0,0
"791",6,0,0,0,0
"792",0,7,1,0,0
"793",0,8,0,0,0
"794",0,2,0,0,0
"795",0,0,5,0,0
"796",0,4,0,0,0
"797",1,1,2,0,0
"798",0,6,0,0,0
"799",2,1,1,0,0
"800",0,5,1,0,0
"801",0,0,2,0,0
"802",1,4,0,0,0
"803",0,4,0,3,0
"804",2,4,2,0,0
"805",5,1,0,0,0
"806",4,1,0,0,0
"807",0,4,0,0,0
"808",1,4,0,0,0
"809",1,0,2,0,0
"810",1,2,1,0,0
"811",3,1,0,0,0
"812",0,0,3,1,0
"813",0,4,1,0,0
"814",0,5,0,0,0
"815",0,3,1,0,0
"816",1,3,2,0,0
"817",1,8,0,0,0
"818",1,2,2,0,0
"819",1,3,0,0,0
"820",4,1,0,0,0
"821",0,1,0,0,0
"822",2,2,0,0,0
"823",0,5,3,1,0
"824",0,1,1,0,0
"825",3,1,0,0,0
"826",4,1,1,0,0
"827",0,0,5,0,0
"828",1,3,0,0,0
"829",1,0,0,0,0
"830",0,3,0,0,0
"831",5,0,1,0,0
"832",0,4,0,0,0
"833",1,3,2,0,0
"834",0,3,0,0,0
"835",0,1,1,0,0
"836",4,0,2,0,0
"837",0,0,3,0,0
"838",1,3,0,0,0
"839",3,0,2,0,0
"840",4,1,0,0,0
"841",3,0,2,0,0
"842",1,5,2,0,0
"843",0,0,2,0,0
"844",6,0,0,0,0
"845",4,3,0,0,0
"846",0,3,0,0,0
"847",0,0,6,0,0
"848",0,6,0,0,0
"849",2,3,0,0,0
"850",5,0,0,0,0
"851",7,1,0,0,0
"852",3,0,0,2,0
"853",0,0,4,1,0
"854",0,3,0,0,0
"855",3,7,1,0,0
"856",4,0,0,0,0
"857",2,0,0,0,0
"858",3,2,0,0,0
"859",2,1,0,0,0
"860",0,6,2,0,0
"861",0,6,0,0,0
"862",0,0,5,6,0
"863",0,0,1,0,0
"864",1,0,0,0,0
"865",4,0,0,0,0
"866",2,0,1,0,0
"867",1,3,1,0,0
"868",0,2,1,0,0
"869",0,4,3,0,0
"870",2,2,0,0,0
"871",3,2,0,0,0
"872",1,0,5,0,0
"873",0,1,0,0,0
"874",2,0,1,0,0
"875",0,2,0,0,0
"876",0,1,2,0,0
"877",0,0,6,0,0
"878",1,5,0,0,0
"879",1,4,1,0,0
"880",0,0,3,0,0
"881",0,0,4,0,0
"882",0,1,2,0,0
"883",0,2,1,0,0
"884",0,0,0,7,0
"885",1,0,0,0,0
"886",0,0,6,1,0
"887",0,0,2,1,0
"888",2,2,0,2,0
"889",0,5,1,0,0
"890",0,2,0,2,0
"891",1,2,5,0,0
"892",0,0,8,0,0
"893",2,1,0,0,0
"894",0,4,0,0,0
"895",3,1,0,0,0
"896",1,0,4,0,0
"897",0,1,2,0,0
"898",0,6,0,0,0
"899",0,5,0,1,0
"900",0,4,1,0,0
"901",0,3,3,0,0
"902",2,1,0,0,0
"903",4,2,0,0,0
"904",0,0,4,0,0
"905",0,3,0,0,0
"906",1,1,2,0,0
"907",0,1,2,2,0
"908",0,0,0,4,0
"909",1,6,0,0,0
"910",2,4,0,0,0
"911",0,0,2,0,0
"912",1,0,0,1,0
"913",0,7,0,0,0
"914",3,1,0,0,0
"915",0,6,1,0,0
"916",3,2,0,0,0
"917",0,0,1,6,0
"918",0,4,0,1,0
"919",2,1,0,0,0
"920",0,0,9,0,0
"921",0,4,1,0,0
"922",1,3,2,0,0
"923",2,0,1,0,0
"924",0,1,3,1,0
"925",3,0,2,0,0
"926",0,3,1,0,0
"927",0,0,4,0,0
"928",0,0,1,5,0
"929",0,0,0,5,0
"930",4,1,1,0,0
"931",2,3,0,0,0
"932",0,2,1,0,0
"933",0,6,0,3,0
"934",1,4,0,0,0
"935",2,0,1,0,0
"936",1,2,1,0,0
"937",4,0,1,0,0
"938",0,2,2,0,0
"939",0,0,6,0,0
"940",4,0,1,0,0
"941",0,3,0,1,0
"942",0,2,1,2,0
"943",1,1,0,0,0
"944",2,2,3,0,0
"945",0,1,3,0,0
"946",0,2,0,1,0
"947",1,3,1,0,0
"948",0,3,0,2,0
"949",1,0,1,0,0
"950",0,2,0,1,0
"951",1,1,1,0,0
"952",4,4,0,0,0
"953",1,5,0,0,0
"954",5,0,2,0,0
"955",2,0,2,0,0
"956",2,0,0,0,0
"957",4,0,2,0,0
"958",5,0,0,0,0
"959",1,0,0,0,0
"960",3,1,0,0,0
"961",0,5,2,0,0
"962",1,2,1,0,0
"963",2,2,0,2,0
"964",0,3,0,0,0
"965",0,0,5,0,0
"966",0,1,5,0,0
"967",11,0,0,0,0
"968",3,2,0,0,0
"969",1,1,0,0,0
"970",3,1,0,0,0
"971",2,0,0,2,0
"972",1,2,0,0,0
"973",2,6,1,0,0
"974",2,1,1,0,0
"975",0,6,0,0,0
"976",3,2,0,0,0
"977",0,1,0,1,0
"978",0,1,2,0,0
"979",6,1,1,0,0
"980",1,5,0,0,0
"981",1,5,1,0,0
"982",0,0,1,0,0
"983",0,1,5,0,0
"984",1,5,0,0,0
"985",0,3,0,0,0
"986",3,3,0,0,0
"987",1,0,4,1,0
"988",2,2,0,0,0
"989",3,0,1,1,0
"990",0,3,0,0,0
"991",1,1,1,0,0
"992",3,0,1,0,0
"993",3,2,1,0,0
"994",3,2,1,0,0
"995",0,0,4,0,0
"996",6,0,0,0,0
"997",3,2,0,0,0
"998",0,0,4,0,0
"999",0,0,6,0,0
"1000",1,4,0,0,0
"1001",0,7,1,0,0
"1002",1,0,1,1,0
"1003",3,1,1,0,0
"1004",0,0,7,1,0
"1005",2,3,0,0,0
"1006",2,6,0,0,0
"1007",1,0,5,0,0
"1008",1,3,0,0,0
"1009",0,8,1,1,0
"1010",1,1,0,0,0
"1011",0,5,1,0,0
"1012",2,2,1,0,0
"1013",0,5,0,1,0
"1014",0,0,2,0,0
"1015",1,1,0,0,0
"1016",0,4,1,0,0
"1017",2,2,0,0,0
"1018",4,0,2,0,0
"1019",3,0,0,0,0
"1020",2,0,0,0,0
"1021",0,0,4,0,0
"1022",3,1,1,0,0
"1023",0,5,0,0,0
"1024",0,0,0,2,0
"1025",4,1,0,0,0
"1026",0,0,5,0,0
"1027",0,0,5,0,0
"1028",0,4,0,1,0
"1029",0,2,2,0,0
"1030",0,4,0,0,0
"1031",2,6,0,0,0
"1032",0,3,0,1,0
"1033",2,0,3,0,0
"1034",0,3,1,0,0
"1035",0,1,4,0,0
"1036",5,0,0,0,0
"1037",0,0,6,1,0
"1038",0,2,2,0,0
"1039",0,0,5,0,0
"1040",2,0,3,0,0
"1041",0,1,6,0,0
"1042",2,0,0,0,0
"1043",0,0,0,0,0
"1044",3,0,1,2,0
"1045",4,0,0,0,0
"1046",2,0,1,0,0
"1047",0,0,1,5,0
"1048",0,3,0,1,0
"1049",3,3,0,0,0
"1050",0,0,3,0,0
"1051",0,0,1,0,0
"1052",0,0,1,0,0
"1053",0,0,5,1,0
"1054",0,0,0,1,0
"1055",0,3,0,1,0
"1056",1,3,0,0,0
"1057",0,5,0,0,0
"1058",0,2,3,0,0
"1059",1,4,1,1,0
"1060",0,0,0,7,0
"1061",0,0,0,9,0
"1062",0,0,2,0,0
"1063",1,4,3,0,0
"1064",0,1,3,0,0
"1065",4,0,1,0,0
"1066",0,3,1,0,0
"1067",0,0,2,0,0
"1068",1,0,2,3,0
"1069",5,0,0,0,0
"1070",1,2,0,0,0
"1071",4,0,1,0,0
"1072",0,3,2,0,0
"1073",0,4,1,0,0
"1074",0,0,3,0,0
"1075",0,0,5,0,0
"1076",1,2,0,0,0
"1077",2,0,0,0,0
"1078",0,1,0,0,0
"1079",0,0,4,0,0
"1080",0,4,0,0,0
"1081",3,0,1,0,0
"1082",0,1,2,0,0
"1083",0,2,1,0,0
"1084",1,1,0,0,0
"1085",0,5,0,0,0
"1086",0,4,0,0,0
"1087",0,4,1,0,0
"1088",0,4,0,0,0
"1089",0,7,0,0,0
"1090",0,0,0,4,0
"1091",1,4,1,0,0
"1092",0,0,0,4,2
"1093",0,5,1,0,0
"1094",0,1,6,0,0
"1095",1,1,0,0,0
"1096",1,0,7,0,0
"1097",2,1,0,0,0
"1098",1,0,1,0,0
"1099",0,2,1,0,0
"1100",0,2,0,1,0
"1101",0,0,4,1,0
"1102",3,0,0,0,0
"1103",0,0,0,5,0
"1104",1,0,2,0,0
"1105",0,2,0,0,0
"1106",0,2,3,0,0
"1107",2,1,2,0,0
"1108",2,5,1,0,0
"1109",1,1,6,0,0
"1110",0,0,3,0,0
"1111",2,1,0,0,0
"1112",0,0,7,0,0
"1113",0,5,0,0,0
"1114",0,4,0,0,0
"1115",0,0,0,2,0
"1116",4,0,0,0,0
"1117",0,0,3,0,0
"1118",0,5,0,0,0
"1119",1,5,0,0,0
"1120",0,6,0,0,0
"1121",0,6,0,1,0
"1122",2,0,0,0,0
"1123",0,0,0,7,0
"1124",0,1,1,0,0
"1125",0,1,2,0,0
"1126",4,2,0,0,0
"1127",0,7,1,0,0
"1128",2,1,1,0,0
"1129",0,5,0,0,0
"1130",0,0,3,1,0
"1131",0,4,2,0,0
"1132",0,4,1,0,0
"1133",0,0,5,0,0
"1134",0,0,6,0,0
"1135",5,0,2,0,0
"1136",0,2,3,0,0
"1137",0,0,3,2,0
"1138",2,5,0,0,0
"1139",1,2,1,0,0
"1140",0,1,2,1,0
"1141",1,4,1,0,0
"1142",0,1,0,6,0
"1143",0,3,2,0,0
"1144",5,4,0,0,0
"1145",1,4,0,0,0
"1146",5,0,1,0,0
"1147",1,0,1,0,0
"1148",3,0,0,1,0
"1149",0,6,1,0,0
"1150",1,5,0,0,0
"1151",1,4,0,0,0
"1152",1,0,0,0,0
"1153",3,0,0,0,0
"1154",1,5,1,0,0
"1155",3,5,0,0,0
"1156",0,0,4,0,0
"1157",0,9,1,0,0
"1158",4,0,0,0,0
"1159",3,2,0,0,0
"1160",1,2,0,0,0
"1161",5,0,0,0,0
"1162",3,3,1,0,0
"1163",0,5,0,0,0
"1164",0,0,5,1,0
"1165",1,4,1,0,0
"1166",0,1,1,0,0
"1167",2,0,3,0,0
"1168",0,0,6,0,0
"1169",0,1,5,0,0
"1170",0,5,2,0,0
"1171",2,5,1,0,0
"1172",1,2,2,0,0
"1173",0,4,1,0,0
"1174",0,4,0,0,0
"1175",3,0,0,0,0
"1176",1,4,0,0,0
"1177",0,7,0,0,0
"1178",0,0,0,4,0
"1179",0,0,5,1,0
"1180",6,0,0,0,0
"1181",3,1,0,0,0
"1182",0,3,0,0,0
"1183",0,1,2,3,0
"1184",3,3,0,0,0
"1185",2,1,0,0,0
"1186",3,0,0,0,0
"1187",0,2,0,0,0
"1188",0,4,1,0,0
"1189",0,0,4,1,0
"1190",0,0,0,4,0
"1191",2,0,2,0,0
"1192",0,2,1,0,0
"1193",3,0,0,0,0
"1194",1,2,0,0,0
"1195",0,0,6,0,0
"1196",3,2,0,0,0
"1197",0,2,1,0,0
"1198",6,0,0,0,0
"1199",2,1,0,0,0
"1200",0,1,1,0,0
"1201",0,0,5,0,0
"1202",5,0,1,0,0
"1203",1,0,1,0,0
"1204",3,0,0,2,0
"1205",1,6,1,0,0
"1206",2,4,2,1,0
"1207",1,3,0,0,0
"1208",0,0,9,0,0
"1209",0,4,0,1,0
"1210",2,0,0,0,0
"1211",0,3,1,0,0
"1212",2,0,1,0,0
"1213",2,0,0,0,0
"1214",1,1,0,1,0
"1215",0,1,0,0,0
"1216",4,1,0,0,0
"1217",0,0,2,5,0
"1218",1,1,0,0,0
"1219",3,0,0,0,0
"1220",1,0,5,1,0
"1221",4,0,0,1,0
"1222",0,0,6,1,0
"1223",4,1,0,0,0
"1224",0,3,0,0,0
"1225",2,2,1,0,0
"1226",1,2,0,0,0
"1227",4,1,1,0,0
"1228",3,0,0,0,0
"1229",0,2,0,0,0
"1230",1,5,0,0,0
"1231",0,3,1,0,0
"1232",4,0,1,0,0
"1233",6,0,0,0,0
"1234",0,3,2,0,0
"1235",0,2,5,0,0
"1236",0,1,0,0,0
"1237",0,2,1,0,0
"1238",0,2,3,0,0
"1239",1,0,5,0,0
"1240",1,5,0,0,0
"1241",1,0,0,0,0
"1242",0,0,0,5,0
"1243",0,0,5,0,0
"1244",2,2,0,2,0
"1245",0,1,0,0,0
"1246",7,1,0,0,0
"1247",0,0,6,2,0
"1248",2,0,0,0,0
"1249",0,1,6,0,0
"1250",2,1,0,0,0
