"","V1","V2","V3","V4","V5"
"1",3,27,6,3,0
"2",9,0,3,0,0
"3",6,3,3,0,0
"4",15,6,0,0,0
"5",12,0,0,0,0
"6",30,0,0,0,0
"7",0,0,3,0,0
"8",15,18,6,0,0
"9",30,9,0,0,0
"10",27,9,3,0,0
"11",15,3,3,0,0
"12",27,6,3,3,0
"13",0,0,3,0,0
"14",27,9,3,0,0
"15",3,3,0,0,0
"16",12,9,0,0,0
"17",9,30,0,0,0
"18",3,3,0,0,0
"19",36,3,0,0,0
"20",12,0,6,0,0
"21",30,9,0,0,0
"22",30,3,6,0,0
"23",9,0,3,0,0
"24",18,0,0,0,0
"25",36,0,3,0,0
"26",30,6,0,3,0
"27",24,0,0,0,0
"28",33,3,3,0,0
"29",27,9,3,0,0
"30",6,0,3,0,0
"31",24,12,3,0,0
"32",18,0,3,0,0
"33",6,0,3,0,0
"34",3,0,0,0,0
"35",0,3,0,0,0
"36",18,18,3,0,0
"37",15,3,0,0,0
"38",9,0,3,0,0
"39",27,12,0,0,0
"40",21,3,3,0,0
"41",0,0,3,0,0
"42",0,0,3,0,0
"43",3,3,0,0,0
"44",21,9,3,0,0
"45",9,0,3,0,0
"46",15,3,0,0,0
"47",21,12,6,0,0
"48",30,6,3,0,0
"49",33,3,3,0,0
"50",24,12,0,3,0
"51",15,15,6,0,0
"52",3,0,0,0,0
"53",0,0,3,0,0
"54",21,18,0,0,0
"55",6,24,9,0,0
"56",15,3,0,0,0
"57",3,0,6,0,0
"58",15,3,0,0,0
"59",15,12,9,3,0
"60",9,3,0,0,0
"61",15,15,6,3,0
"62",6,3,0,0,0
"63",9,3,3,0,0
"64",27,9,3,0,0
"65",24,12,3,0,0
"66",0,3,0,0,0
"67",21,12,6,0,0
"68",0,0,3,0,0
"69",3,0,3,0,0
"70",12,9,3,0,0
"71",21,15,3,0,0
"72",9,0,3,0,0
"73",33,6,0,0,0
"74",36,0,3,0,0
"75",0,9,0,0,0
"76",24,12,3,0,0
"77",3,0,0,0,0
"78",12,18,3,3,0
"79",36,3,0,0,0
"80",12,0,3,0,0
"81",12,15,3,0,0
"82",6,30,3,0,0
"83",21,12,6,0,0
"84",3,3,3,0,0
"85",0,3,3,0,0
"86",6,0,0,0,0
"87",18,12,0,0,0
"88",3,3,0,0,0
"89",3,0,6,0,0
"90",0,0,3,0,0
"91",12,9,0,0,0
"92",3,3,0,0,0
"93",30,9,0,0,0
"94",12,0,0,0,0
"95",12,0,3,0,0
"96",27,9,3,0,0
"97",6,12,21,0,0
"98",6,24,9,0,0
"99",0,0,3,0,0
"100",9,3,0,0,0
"101",24,12,3,0,0
"102",30,6,3,0,0
"103",0,0,3,0,0
"104",30,9,0,0,0
"105",15,3,0,0,0
"106",6,27,6,0,0
"107",9,6,0,0,0
"108",3,3,0,0,0
"109",21,6,0,0,0
"110",3,3,0,0,0
"111",30,9,0,0,0
"112",12,27,0,0,0
"113",24,12,3,0,0
"114",6,0,3,0,0
"115",24,12,3,0,0
"116",18,9,6,0,0
"117",21,6,0,0,0
"118",3,6,0,0,0
"119",6,3,3,0,0
"120",15,15,9,0,0
"121",21,6,3,0,0
"122",24,6,3,0,0
"123",3,0,3,0,0
"124",3,3,0,0,0
"125",15,3,0,0,0
"126",27,12,0,0,0
"127",36,0,3,0,0
"128",15,24,0,0,0
"129",0,0,3,0,0
"130",3,0,0,0,0
"131",36,3,0,0,0
"132",27,3,3,0,0
"133",24,12,3,0,0
"134",12,0,3,0,0
"135",6,3,0,0,0
"136",0,6,0,0,0
"137",6,3,3,0,0
"138",30,9,0,0,0
"139",33,0,6,0,0
"140",6,0,3,0,0
"141",12,24,3,0,0
"142",21,18,0,0,0
"143",0,3,3,0,0
"144",6,33,0,0,0
"145",18,18,3,0,0
"146",30,6,3,0,0
"147",18,21,0,0,0
"148",12,0,0,0,0
"149",30,6,3,0,0
"150",30,6,3,0,0
"151",21,3,0,0,0
"152",3,3,0,0,0
"153",3,3,0,0,0
"154",12,24,3,0,0
"155",15,6,0,0,0
"156",0,3,0,0,0
"157",9,0,0,0,0
"158",6,9,0,0,0
"159",3,3,0,0,0
"160",6,6,0,0,0
"161",33,6,0,0,0
"162",3,0,0,0,0
"163",3,3,0,0,0
"164",6,21,12,0,0
"165",21,0,3,0,0
"166",0,3,0,0,0
"167",12,0,0,0,0
"168",3,3,0,0,0
"169",3,0,0,0,0
"170",21,18,0,0,0
"171",30,9,0,0,0
"172",24,9,3,0,0
"173",0,0,3,0,0
"174",3,3,0,0,0
"175",27,6,6,0,0
"176",21,0,3,0,0
"177",0,0,3,0,0
"178",3,0,0,0,0
"179",30,9,0,0,0
"180",6,3,0,0,0
"181",33,3,3,0,0
"182",6,3,0,0,0
"183",24,15,0,0,0
"184",21,0,3,0,0
"185",3,0,3,0,0
"186",15,0,3,0,0
"187",36,3,0,0,0
"188",30,6,3,0,0
"189",18,15,6,0,0
"190",36,3,0,0,0
"191",0,3,0,0,0
"192",12,0,3,0,0
"193",6,6,0,0,0
"194",3,3,0,0,0
"195",18,21,0,0,0
"196",36,3,0,0,0
"197",24,12,3,0,0
"198",0,0,3,0,0
"199",30,3,3,3,0
"200",3,33,3,0,0
"201",15,3,0,0,0
"202",6,27,3,3,0
"203",12,24,3,0,0
"204",30,6,3,0,0
"205",12,0,3,0,0
"206",3,3,0,0,0
"207",30,6,3,0,0
"208",15,3,3,0,0
"209",0,0,3,0,0
"210",9,0,3,0,0
"211",27,3,0,0,0
"212",0,0,3,0,0
"213",24,0,0,0,0
"214",0,0,3,0,0
"215",18,21,0,0,0
"216",21,0,3,0,0
"217",33,0,3,0,0
"218",18,21,0,0,0
"219",0,0,3,0,0
"220",12,24,3,0,0
"221",3,0,3,0,0
"222",30,9,0,0,0
"223",15,24,0,0,0
"224",12,6,0,0,0
"225",6,27,6,0,0
"226",6,0,0,0,0
"227",33,6,0,0,0
"228",12,0,0,0,0
"229",36,3,0,0,0
"230",24,9,6,0,0
"231",33,3,3,0,0
"232",15,9,0,0,0
"233",3,3,0,0,0
"234",3,3,0,0,0
"235",24,12,3,0,0
"236",21,0,6,0,0
"237",21,6,9,3,0
"238",6,3,3,0,0
"239",30,0,9,0,0
"240",12,21,6,0,0
"241",6,0,3,0,0
"242",21,12,3,3,0
"243",12,15,3,3,0
"244",0,0,3,0,0
"245",3,0,3,0,0
"246",6,0,3,0,0
"247",3,0,0,0,0
"248",30,9,0,0,0
"249",21,6,3,0,0
"250",15,0,0,0,0
"251",3,3,0,0,0
"252",0,6,0,0,0
"253",36,3,0,0,0
"254",33,0,6,0,0
"255",0,0,3,0,0
"256",18,6,3,0,0
"257",27,12,0,0,0
"258",0,3,0,0,0
"259",3,0,6,0,0
"260",12,18,9,0,0
"261",24,12,3,0,0
"262",27,0,0,0,0
"263",3,3,0,0,0
"264",9,0,3,0,0
"265",33,3,3,0,0
"266",24,0,3,0,0
"267",3,3,0,0,0
"268",6,3,9,0,0
"269",9,0,3,0,0
"270",33,6,0,0,0
"271",12,0,0,0,0
"272",24,15,0,0,0
"273",24,12,3,0,0
"274",3,0,0,0,0
"275",12,0,0,0,0
"276",30,9,0,0,0
"277",0,3,0,0,0
"278",0,6,0,0,0
"279",21,9,6,3,0
"280",3,0,0,0,0
"281",3,0,0,0,0
"282",15,3,3,0,0
"283",24,9,6,0,0
"284",9,0,3,0,0
"285",0,0,3,0,0
"286",33,6,0,0,0
"287",12,0,0,0,0
"288",0,3,0,0,0
"289",33,3,3,0,0
"290",21,12,6,0,0
"291",30,6,3,0,0
"292",30,9,0,0,0
"293",15,18,6,0,0
"294",3,3,0,0,0
"295",33,3,0,3,0
"296",36,0,3,0,0
"297",3,0,3,0,0
"298",6,9,3,3,0
"299",9,24,6,0,0
"300",12,0,3,0,0
"301",36,3,0,0,0
"302",12,9,6,3,0
"303",21,0,3,0,0
"304",21,12,6,0,0
"305",18,9,12,0,0
"306",33,6,0,0,0
"307",21,9,0,0,0
"308",33,3,3,0,0
"309",21,6,0,0,0
"310",18,3,3,0,0
"311",0,6,0,0,0
"312",24,9,3,3,0
"313",0,0,3,0,0
"314",33,0,6,0,0
"315",0,3,0,0,0
"316",39,0,0,0,0
"317",6,0,6,0,0
"318",21,12,3,3,0
"319",12,27,0,0,0
"320",0,3,0,0,0
"321",30,6,3,0,0
"322",6,0,0,0,0
"323",6,0,3,0,0
"324",0,0,3,0,0
"325",12,3,3,0,0
"326",21,0,3,0,0
"327",30,6,3,0,0
"328",6,9,0,0,0
"329",0,0,3,0,0
"330",12,6,3,0,0
"331",12,24,3,0,0
"332",18,6,0,0,0
"333",36,0,3,0,0
"334",3,0,0,0,0
"335",12,0,3,0,0
"336",27,9,3,0,0
"337",0,6,0,0,0
"338",36,3,0,0,0
"339",3,3,0,0,0
"340",15,3,0,0,0
"341",6,0,0,0,0
"342",3,0,0,0,0
"343",18,6,0,0,0
"344",33,6,0,0,0
"345",3,3,0,0,0
"346",24,0,3,0,0
"347",21,12,6,0,0
"348",36,3,0,0,0
"349",30,9,0,0,0
"350",36,3,0,0,0
"351",15,3,0,0,0
"352",0,0,3,0,0
"353",30,9,0,0,0
"354",12,0,0,0,0
"355",24,3,3,0,0
"356",0,0,3,0,0
"357",24,12,3,0,0
"358",12,0,0,0,0
"359",15,0,3,0,0
"360",33,6,0,0,0
"361",39,0,0,0,0
"362",15,21,3,0,0
"363",3,30,6,0,0
"364",12,3,3,0,0
"365",6,3,0,0,0
"366",6,24,6,3,0
"367",27,6,0,0,0
"368",6,0,3,0,0
"369",9,3,3,0,0
"370",18,3,3,0,0
"371",3,0,6,0,0
"372",21,9,0,0,0
"373",33,6,0,0,0
"374",18,3,3,0,0
"375",33,3,3,0,0
"376",15,12,6,0,0
"377",21,3,3,0,0
"378",18,6,6,0,0
"379",30,3,3,3,0
"380",0,0,3,0,0
"381",36,3,0,0,0
"382",9,6,3,0,0
"383",3,0,6,0,0
"384",15,6,6,0,0
"385",27,6,6,0,0
"386",27,12,0,0,0
"387",15,3,3,0,0
"388",27,9,3,0,0
"389",6,3,0,0,0
"390",33,6,0,0,0
"391",33,3,3,0,0
"392",9,0,0,0,0
"393",33,6,0,0,0
"394",3,0,0,0,0
"395",0,0,3,0,0
"396",21,3,0,0,0
"397",3,3,0,0,0
"398",12,3,0,0,0
"399",3,0,3,0,0
"400",12,3,0,0,0
"401",30,9,0,0,0
"402",3,3,0,0,0
"403",30,9,0,0,0
"404",33,6,0,0,0
"405",9,0,3,0,0
"406",3,3,0,0,0
"407",12,24,3,0,0
"408",18,21,0,0,0
"409",12,9,6,0,0
"410",6,3,0,0,0
"411",33,3,3,0,0
"412",6,0,0,0,0
"413",3,3,0,0,0
"414",21,6,3,3,0
"415",36,3,0,0,0
"416",9,30,0,0,0
"417",3,3,0,0,0
"418",9,24,6,0,0
"419",12,6,3,0,0
"420",0,0,3,0,0
"421",6,9,3,0,0
"422",3,6,3,0,0
"423",3,0,6,0,0
"424",9,6,3,0,0
"425",6,9,0,0,0
"426",3,21,15,0,0
"427",3,3,0,0,0
"428",36,3,0,0,0
"429",15,3,0,0,0
"430",39,0,0,0,0
"431",3,3,3,0,0
"432",15,18,6,0,0
"433",21,15,3,0,0
"434",0,0,3,0,0
"435",36,0,3,0,0
"436",18,21,0,0,0
"437",36,3,0,0,0
"438",0,0,3,0,0
"439",33,0,3,0,0
"440",3,0,0,0,0
"441",27,12,0,0,0
"442",30,6,3,0,0
"443",33,6,0,0,0
"444",0,0,3,0,0
"445",6,9,3,0,0
"446",9,0,3,0,0
"447",12,0,0,0,0
"448",36,0,3,0,0
"449",18,9,0,0,0
"450",27,6,6,0,0
"451",33,3,3,0,0
"452",0,0,3,0,0
"453",21,15,3,0,0
"454",18,3,3,3,0
"455",3,27,9,0,0
"456",18,12,6,3,0
"457",9,27,3,0,0
"458",15,0,3,0,0
"459",18,0,3,0,0
"460",9,0,3,0,0
"461",15,21,3,0,0
"462",12,9,3,0,0
"463",3,3,0,0,0
"464",3,3,0,0,0
"465",6,3,0,0,0
"466",33,6,0,0,0
"467",21,15,3,0,0
"468",3,0,3,0,0
"469",0,3,0,0,0
"470",12,3,0,0,0
"471",3,6,0,0,0
"472",18,18,3,0,0
"473",27,9,0,0,0
"474",27,9,3,0,0
"475",9,3,0,0,0
"476",9,0,3,0,0
"477",27,6,6,0,0
"478",36,0,3,0,0
"479",3,3,3,0,0
"480",12,27,0,0,0
"481",12,0,0,0,0
"482",0,0,3,0,0
"483",6,6,0,0,0
"484",3,12,21,3,0
"485",36,3,0,0,0
"486",18,18,3,0,0
"487",18,18,3,0,0
"488",9,3,3,0,0
"489",12,9,0,0,0
"490",33,3,3,0,0
"491",12,3,0,0,0
"492",33,6,0,0,0
"493",0,0,3,0,0
"494",3,0,0,0,0
"495",3,0,0,0,0
"496",12,21,6,0,0
"497",0,0,3,0,0
"498",0,0,3,0,0
"499",6,6,3,0,0
"500",33,3,3,0,0
"501",15,3,0,0,0
"502",12,9,3,0,0
"503",24,9,6,0,0
"504",3,3,0,0,0
"505",15,6,0,0,0
"506",9,0,3,0,0
"507",3,3,0,0,0
"508",9,3,3,0,0
"509",18,21,0,0,0
"510",27,9,3,0,0
"511",9,0,3,0,0
"512",9,6,0,0,0
"513",3,3,0,0,0
"514",33,6,0,0,0
"515",0,0,3,0,0
"516",15,0,0,0,0
"517",9,0,3,0,0
"518",3,3,0,0,0
"519",21,18,0,0,0
"520",3,0,3,0,0
"521",18,3,3,0,0
"522",9,6,3,0,0
"523",33,6,0,0,0
"524",0,0,3,0,0
"525",12,27,0,0,0
"526",6,9,0,0,0
"527",6,33,0,0,0
"528",30,9,0,0,0
"529",18,18,3,0,0
"530",30,6,3,0,0
"531",24,15,0,0,0
"532",33,6,0,0,0
"533",3,0,0,0,0
"534",6,0,3,0,0
"535",15,21,0,3,0
"536",0,6,0,0,0
"537",27,9,3,0,0
"538",36,3,0,0,0
"539",21,3,0,0,0
"540",3,9,0,0,0
"541",15,9,0,0,0
"542",6,0,3,0,0
"543",33,6,0,0,0
"544",9,3,0,0,0
"545",21,9,6,3,0
"546",36,3,0,0,0
"547",27,12,0,0,0
"548",6,0,0,0,0
"549",3,3,0,0,0
"550",27,3,9,0,0
"551",6,0,0,0,0
"552",21,9,9,0,0
"553",9,0,3,0,0
"554",15,3,3,0,0
"555",27,12,0,0,0
"556",3,3,0,0,0
"557",18,9,0,0,0
"558",3,0,3,0,0
"559",33,6,0,0,0
"560",21,18,0,0,0
"561",3,0,3,0,0
"562",27,12,0,0,0
"563",30,6,3,0,0
"564",0,0,3,0,0
"565",6,6,0,0,0
"566",12,3,3,0,0
"567",27,6,0,0,0
"568",33,6,0,0,0
"569",33,6,0,0,0
"570",12,0,0,0,0
"571",3,3,0,0,0
"572",12,3,3,0,0
"573",24,3,0,0,0
"574",27,12,0,0,0
"575",0,0,3,0,0
"576",36,0,3,0,0
"577",9,27,3,0,0
"578",3,27,9,0,0
"579",3,0,3,0,0
"580",3,3,0,0,0
"581",3,3,0,0,0
"582",12,27,0,0,0
"583",3,0,0,0,0
"584",9,3,3,0,0
"585",9,0,3,0,0
"586",0,3,3,0,0
"587",6,3,0,0,0
"588",9,3,3,0,0
"589",3,6,0,0,0
"590",6,3,0,0,0
"591",3,33,3,0,0
"592",0,0,3,0,0
"593",15,0,0,0,0
"594",6,3,3,0,0
"595",24,0,6,0,0
"596",3,3,0,0,0
"597",12,0,0,0,0
"598",36,3,0,0,0
"599",0,33,3,3,0
"600",21,15,3,0,0
"601",0,0,3,0,0
"602",27,3,0,0,0
"603",15,3,0,0,0
"604",0,3,0,0,0
"605",27,12,0,0,0
"606",3,12,3,0,0
"607",24,12,0,3,0
"608",18,18,3,0,0
"609",33,0,3,0,0
"610",30,6,3,0,0
"611",3,3,0,0,0
"612",0,0,3,0,0
"613",33,3,3,0,0
"614",21,15,3,0,0
"615",12,24,3,0,0
"616",24,12,3,0,0
"617",3,0,0,0,0
"618",24,15,0,0,0
"619",6,3,3,0,0
"620",9,0,3,0,0
"621",6,0,3,0,0
"622",21,9,9,0,0
"623",9,0,3,0,0
"624",3,3,0,0,0
"625",30,6,3,0,0
"626",3,3,0,0,0
"627",3,0,0,0,0
"628",18,15,6,0,0
"629",33,6,0,0,0
"630",30,3,6,0,0
"631",0,30,9,0,0
"632",9,0,3,0,0
"633",9,3,3,0,0
"634",6,6,0,0,0
"635",27,6,6,0,0
"636",9,0,3,0,0
"637",33,0,6,0,0
"638",9,30,0,0,0
"639",33,3,3,0,0
"640",15,3,0,0,0
"641",12,18,9,0,0
"642",3,3,0,0,0
"643",9,3,0,0,0
"644",30,6,0,0,0
"645",9,3,3,0,0
"646",6,0,0,0,0
"647",3,0,6,0,0
"648",27,9,3,0,0
"649",3,3,0,0,0
"650",12,6,3,0,0
"651",21,15,0,3,0
"652",3,3,0,0,0
"653",18,3,0,0,0
"654",3,3,0,0,0
"655",21,15,0,3,0
"656",12,0,3,0,0
"657",3,3,0,0,0
"658",15,3,0,0,0
"659",0,0,3,0,0
"660",3,0,3,0,0
"661",21,15,3,0,0
"662",0,3,0,0,0
"663",33,6,0,0,0
"664",27,12,0,0,0
"665",15,21,3,0,0
"666",18,3,3,0,0
"667",0,0,3,0,0
"668",30,9,0,0,0
"669",3,3,0,0,0
"670",3,18,12,6,0
"671",6,0,6,0,0
"672",15,21,0,0,0
"673",9,0,3,0,0
"674",30,6,3,0,0
"675",6,3,3,0,0
"676",39,0,0,0,0
"677",9,18,0,0,0
"678",27,12,0,0,0
"679",21,0,3,0,0
"680",12,9,3,0,0
"681",3,0,3,0,0
"682",3,0,3,0,0
"683",9,0,3,0,0
"684",18,15,6,0,0
"685",33,6,0,0,0
"686",9,0,0,0,0
"687",18,18,3,0,0
"688",33,3,3,0,0
"689",9,21,6,3,0
"690",3,3,0,0,0
"691",21,15,3,0,0
"692",3,18,9,9,0
"693",12,0,0,0,0
"694",12,15,3,0,0
"695",18,21,0,0,0
"696",3,0,3,0,0
"697",21,6,3,0,0
"698",27,9,3,0,0
"699",12,0,0,0,0
"700",6,0,3,0,0
"701",6,3,3,0,0
"702",9,3,3,0,0
"703",9,6,0,0,0
"704",3,0,3,0,0
"705",36,3,0,0,0
"706",18,3,0,0,0
"707",3,0,6,0,0
"708",21,12,6,0,0
"709",6,3,0,0,0
"710",9,0,3,0,0
"711",6,3,0,0,0
"712",18,12,0,0,0
"713",21,15,3,0,0
"714",33,3,3,0,0
"715",3,3,0,0,0
"716",0,0,3,0,0
"717",0,0,3,0,0
"718",3,0,0,0,0
"719",24,12,3,0,0
"720",9,0,0,0,0
"721",21,9,3,0,0
"722",0,0,3,0,0
"723",12,27,0,0,0
"724",9,3,3,0,0
"725",3,0,0,0,0
"726",30,3,6,0,0
"727",6,3,0,0,0
"728",6,27,6,0,0
"729",18,0,6,0,0
"730",21,6,3,3,0
"731",6,3,0,0,0
"732",18,15,6,0,0
"733",24,3,0,0,0
"734",18,21,0,0,0
"735",30,6,3,0,0
"736",3,3,0,0,0
"737",0,0,3,0,0
"738",0,0,3,0,0
"739",12,3,0,0,0
"740",30,9,0,0,0
"741",27,3,0,0,0
"742",18,3,3,0,0
"743",27,9,3,0,0
"744",12,6,0,0,0
"745",36,0,3,0,0
"746",21,12,6,0,0
"747",0,0,3,0,0
"748",3,3,0,0,0
"749",15,3,3,0,0
"750",3,33,3,0,0
"751",12,0,0,0,0
"752",30,9,0,0,0
"753",15,3,0,0,0
"754",0,0,3,0,0
"755",6,3,6,0,0
"756",18,21,0,0,0
"757",36,0,0,0,0
"758",30,6,3,0,0
"759",33,3,3,0,0
"760",18,3,3,3,0
"761",6,0,3,0,0
"762",30,3,3,3,0
"763",27,9,3,0,0
"764",3,0,0,0,0
"765",30,6,0,3,0
"766",6,0,0,0,0
"767",3,0,0,0,0
"768",9,15,12,3,0
"769",9,3,3,0,0
"770",36,3,0,0,0
"771",6,9,0,0,0
"772",9,0,3,0,0
"773",18,21,0,0,0
"774",33,3,3,0,0
"775",3,0,3,0,0
"776",3,0,0,0,0
"777",3,0,3,0,0
"778",3,0,6,0,0
"779",30,3,6,0,0
"780",9,27,3,0,0
"781",30,3,0,0,0
"782",3,0,3,0,0
"783",33,6,0,0,0
"784",24,0,3,0,0
"785",36,0,3,0,0
"786",3,36,0,0,0
"787",12,0,0,0,0
"788",30,9,0,0,0
"789",3,3,0,0,0
"790",30,6,3,0,0
"791",3,30,3,3,0
"792",24,9,3,3,0
"793",0,0,3,0,0
"794",6,27,6,0,0
"795",3,3,0,0,0
"796",15,21,3,0,0
"797",30,6,3,0,0
"798",15,12,3,0,0
"799",0,0,3,0,0
"800",24,15,0,0,0
"801",6,0,6,0,0
"802",36,3,0,0,0
"803",24,9,6,0,0
"804",3,3,0,0,0
"805",27,0,0,0,0
"806",0,3,0,0,0
"807",6,30,3,0,0
"808",0,0,3,0,0
"809",18,3,3,0,0
"810",0,0,3,0,0
"811",21,0,0,0,0
"812",30,6,3,0,0
"813",0,3,0,0,0
"814",12,0,0,0,0
"815",3,6,3,0,0
"816",3,3,0,0,0
"817",12,6,3,0,0
"818",3,3,0,0,0
"819",33,3,3,0,0
"820",3,3,0,0,0
"821",36,3,0,0,0
"822",3,3,0,0,0
"823",33,6,0,0,0
"824",3,6,0,0,0
"825",27,0,3,0,0
"826",27,9,3,0,0
"827",15,6,0,0,0
"828",12,0,3,0,0
"829",30,6,3,0,0
"830",12,3,3,0,0
"831",0,3,0,0,0
"832",6,0,0,0,0
"833",6,6,0,0,0
"834",33,3,3,0,0
"835",21,15,3,0,0
"836",12,3,3,0,0
"837",9,3,3,0,0
"838",33,6,0,0,0
"839",27,9,3,0,0
"840",24,12,3,0,0
"841",9,0,3,0,0
"842",3,27,6,3,0
"843",33,3,3,0,0
"844",21,15,3,0,0
"845",6,6,0,0,0
"846",6,3,0,0,0
"847",3,0,6,0,0
"848",3,6,0,0,0
"849",39,0,0,0,0
"850",33,3,3,0,0
"851",24,9,6,0,0
"852",27,9,3,0,0
"853",24,12,3,0,0
"854",15,21,3,0,0
"855",9,6,3,0,0
"856",36,3,0,0,0
"857",36,3,0,0,0
"858",3,3,0,0,0
"859",12,3,12,0,0
"860",27,6,0,0,0
"861",3,0,3,0,0
"862",33,6,0,0,0
"863",24,3,0,0,0
"864",9,6,3,0,0
"865",27,3,0,0,0
"866",36,3,0,0,0
"867",3,0,0,0,0
"868",30,6,3,0,0
"869",9,9,0,0,0
"870",27,9,0,0,0
"871",9,21,6,3,0
"872",12,12,3,0,0
"873",0,0,3,0,0
"874",3,3,0,0,0
"875",6,0,0,0,0
"876",9,24,6,0,0
"877",24,12,3,0,0
"878",3,3,0,0,0
"879",30,9,0,0,0
"880",0,3,0,0,0
"881",3,3,0,0,0
"882",0,0,3,0,0
"883",15,3,3,0,0
"884",3,0,3,0,0
"885",33,6,0,0,0
"886",15,3,3,0,0
"887",0,0,3,0,0
"888",9,27,3,0,0
"889",36,0,3,0,0
"890",9,0,3,0,0
"891",9,6,0,0,0
"892",30,9,0,0,0
"893",30,6,3,0,0
"894",33,3,0,0,0
"895",30,6,3,0,0
"896",9,0,3,0,0
"897",18,6,0,0,0
"898",3,3,0,0,0
"899",30,3,6,0,0
"900",0,0,3,0,0
"901",15,6,0,0,0
"902",6,3,0,0,0
"903",3,9,3,0,0
"904",9,0,0,0,0
"905",30,3,6,0,0
"906",12,9,0,0,0
"907",0,0,3,0,0
"908",33,3,3,0,0
"909",3,0,3,0,0
"910",33,3,3,0,0
"911",3,3,0,0,0
"912",9,3,0,0,0
"913",36,3,0,0,0
"914",27,12,0,0,0
"915",9,0,3,0,0
"916",24,15,0,0,0
"917",15,24,0,0,0
"918",3,0,0,0,0
"919",33,6,0,0,0
"920",3,6,6,0,0
"921",36,0,0,3,0
"922",15,12,3,0,0
"923",27,9,3,0,0
"924",6,0,0,0,0
"925",9,3,0,0,0
"926",3,0,0,0,0
"927",6,3,0,0,0
"928",3,0,0,0,0
"929",27,6,3,0,0
"930",0,0,3,0,0
"931",36,3,0,0,0
"932",0,3,0,0,0
"933",30,6,3,0,0
"934",12,0,0,0,0
"935",9,27,3,0,0
"936",36,3,0,0,0
"937",27,12,0,0,0
"938",9,0,3,0,0
"939",33,6,0,0,0
"940",0,3,0,0,0
"941",9,0,3,0,0
"942",6,30,3,0,0
"943",12,18,9,0,0
"944",9,3,0,0,0
"945",3,3,0,0,0
"946",33,3,3,0,0
"947",12,9,3,0,0
"948",39,0,0,0,0
"949",12,6,0,0,0
"950",36,0,3,0,0
"951",33,6,0,0,0
"952",18,6,3,0,0
"953",9,24,6,0,0
"954",6,3,0,0,0
"955",27,12,0,0,0
"956",15,0,0,0,0
"957",24,15,0,0,0
"958",12,0,0,0,0
"959",6,30,0,3,0
"960",6,24,9,0,0
"961",3,6,0,0,0
"962",9,3,3,0,0
"963",12,0,3,0,0
"964",6,3,3,0,0
"965",9,3,3,0,0
"966",18,6,0,0,0
"967",9,3,6,0,0
"968",36,3,0,0,0
"969",27,12,0,0,0
"970",9,3,0,0,0
"971",21,3,3,0,0
"972",24,6,3,0,0
"973",15,3,0,0,0
"974",12,24,3,0,0
"975",9,0,3,0,0
"976",3,0,0,0,0
"977",18,18,0,3,0
"978",0,0,3,0,0
"979",0,0,3,0,0
"980",30,0,3,0,0
"981",15,3,0,0,0
"982",21,9,6,3,0
"983",9,15,0,0,0
"984",27,9,3,0,0
"985",24,6,0,3,0
"986",6,0,3,0,0
"987",18,15,3,0,0
"988",6,21,12,0,0
"989",30,9,0,0,0
"990",3,3,0,0,0
"991",6,6,0,0,0
"992",24,12,3,0,0
"993",0,0,3,0,0
"994",6,0,6,0,0
"995",3,3,0,0,0
"996",0,0,3,0,0
"997",3,0,3,0,0
"998",24,12,3,0,0
"999",9,0,6,0,0
"1000",3,3,0,0,0
"1001",0,0,3,0,0
"1002",12,24,3,0,0
"1003",6,3,0,0,0
"1004",3,3,6,0,0
"1005",27,6,3,0,0
"1006",30,6,3,0,0
"1007",6,6,0,0,0
"1008",6,9,0,3,0
"1009",27,9,3,0,0
"1010",30,6,3,0,0
"1011",21,9,0,0,0
"1012",12,3,0,0,0
"1013",9,3,3,0,0
"1014",0,0,3,0,0
"1015",6,0,0,0,0
"1016",6,9,0,0,0
"1017",0,0,3,0,0
"1018",0,0,3,0,0
"1019",15,21,3,0,0
"1020",6,0,0,0,0
"1021",3,3,0,0,0
"1022",21,15,3,0,0
"1023",3,3,3,0,0
"1024",36,3,0,0,0
"1025",3,0,0,0,0
"1026",3,0,3,0,0
"1027",9,0,3,0,0
"1028",24,15,0,0,0
"1029",6,6,0,0,0
"1030",3,3,0,0,0
"1031",30,6,0,0,0
"1032",0,0,3,0,0
"1033",27,9,3,0,0
"1034",6,3,0,0,0
"1035",18,21,0,0,0
"1036",0,0,3,0,0
"1037",33,6,0,0,0
"1038",3,0,0,0,0
"1039",3,3,0,0,0
"1040",6,3,0,0,0
"1041",36,3,0,0,0
"1042",12,0,0,0,0
"1043",27,9,3,0,0
"1044",30,6,0,0,0
"1045",3,3,0,0,0
"1046",33,6,0,0,0
"1047",15,6,0,0,0
"1048",3,0,3,0,0
"1049",21,12,6,0,0
"1050",12,3,0,0,0
"1051",24,12,3,0,0
"1052",27,12,0,0,0
"1053",30,6,3,0,0
"1054",0,0,3,0,0
"1055",18,3,6,0,0
"1056",36,3,0,0,0
"1057",9,0,3,0,0
"1058",27,6,3,3,0
"1059",27,6,6,0,0
"1060",3,3,3,0,0
"1061",6,3,0,0,0
"1062",12,3,3,0,0
"1063",33,6,0,0,0
"1064",24,6,3,0,0
"1065",21,9,0,0,0
"1066",9,0,0,0,0
"1067",15,3,0,0,0
"1068",21,18,0,0,0
"1069",0,0,3,0,0
"1070",30,9,0,0,0
"1071",24,9,3,3,0
"1072",3,3,3,0,0
"1073",9,3,0,0,0
"1074",15,6,0,0,0
"1075",30,9,0,0,0
"1076",3,0,0,0,0
"1077",30,9,0,0,0
"1078",9,0,0,0,0
"1079",9,0,3,0,0
"1080",27,9,3,0,0
"1081",12,12,3,0,0
"1082",0,0,3,0,0
"1083",3,6,0,0,0
"1084",18,18,3,0,0
"1085",27,3,9,0,0
"1086",6,0,3,0,0
"1087",15,3,6,0,0
"1088",3,6,0,0,0
"1089",0,0,3,0,0
"1090",24,15,0,0,0
"1091",15,0,3,0,0
"1092",3,6,9,0,0
"1093",30,6,3,0,0
"1094",6,0,6,0,0
"1095",0,0,3,0,0
"1096",3,0,3,0,0
"1097",0,0,3,0,0
"1098",27,9,3,0,0
"1099",27,12,0,0,0
"1100",30,6,0,3,0
"1101",3,0,0,0,0
"1102",30,9,0,0,0
"1103",36,0,3,0,0
"1104",33,3,3,0,0
"1105",33,6,0,0,0
"1106",9,27,3,0,0
"1107",6,6,0,0,0
"1108",3,3,0,0,0
"1109",3,3,0,0,0
"1110",0,0,3,0,0
"1111",18,21,0,0,0
"1112",12,0,0,0,0
"1113",3,33,3,0,0
"1114",3,3,0,0,0
"1115",9,6,3,0,0
"1116",33,6,0,0,0
"1117",6,0,3,0,0
"1118",15,3,6,0,0
"1119",3,0,0,0,0
"1120",9,30,0,0,0
"1121",0,3,0,0,0
"1122",24,0,3,0,0
"1123",12,0,3,0,0
"1124",30,6,3,0,0
"1125",9,0,3,0,0
"1126",30,3,6,0,0
"1127",0,0,3,0,0
"1128",0,0,3,0,0
"1129",39,0,0,0,0
"1130",33,3,3,0,0
"1131",12,3,3,0,0
"1132",6,9,0,0,0
"1133",6,0,3,0,0
"1134",6,9,6,3,0
"1135",6,0,3,0,0
"1136",3,0,3,0,0
"1137",15,12,3,0,0
"1138",3,15,21,0,0
"1139",33,6,0,0,0
"1140",3,3,0,0,0
"1141",3,30,3,3,0
"1142",9,0,3,0,0
"1143",18,3,0,0,0
"1144",21,12,6,0,0
"1145",12,0,0,0,0
"1146",6,3,3,0,0
"1147",36,0,3,0,0
"1148",6,0,3,0,0
"1149",9,0,3,0,0
"1150",24,15,0,0,0
"1151",12,6,0,0,0
"1152",0,3,0,0,0
"1153",3,30,6,0,0
"1154",3,3,3,0,0
"1155",12,6,6,0,0
"1156",6,3,6,0,0
"1157",30,9,0,0,0
"1158",30,3,6,0,0
"1159",21,15,3,0,0
"1160",3,3,0,0,0
"1161",0,30,6,3,0
"1162",36,0,3,0,0
"1163",3,6,0,0,0
"1164",9,0,3,0,0
"1165",18,18,3,0,0
"1166",21,3,0,0,0
"1167",12,0,0,0,0
"1168",27,9,3,0,0
"1169",3,0,0,0,0
"1170",9,0,3,0,0
"1171",24,6,3,6,0
"1172",3,0,0,0,0
"1173",36,3,0,0,0
"1174",36,3,0,0,0
"1175",0,6,0,0,0
"1176",15,6,0,0,0
"1177",36,3,0,0,0
"1178",6,6,0,0,0
"1179",3,6,0,0,0
"1180",24,15,0,0,0
"1181",0,0,3,0,0
"1182",12,0,0,0,0
"1183",36,0,3,0,0
"1184",3,0,0,0,0
"1185",3,0,6,0,0
"1186",9,0,3,0,0
"1187",18,3,3,0,0
"1188",24,9,3,3,0
"1189",9,27,3,0,0
"1190",39,0,0,0,0
"1191",9,30,0,0,0
"1192",12,3,3,0,0
"1193",33,3,3,0,0
"1194",3,3,0,0,0
"1195",33,6,0,0,0
"1196",3,3,0,0,0
"1197",24,15,0,0,0
"1198",0,0,3,0,0
"1199",27,9,3,0,0
"1200",36,0,3,0,0
"1201",27,3,3,0,0
"1202",24,6,3,0,0
"1203",9,0,3,0,0
"1204",0,6,0,0,0
"1205",15,6,0,0,0
"1206",12,21,6,0,0
"1207",3,0,3,0,0
"1208",27,12,0,0,0
"1209",27,12,0,0,0
"1210",3,0,3,0,0
"1211",9,0,3,0,0
"1212",18,18,3,0,0
"1213",18,18,3,0,0
"1214",3,3,0,0,0
"1215",24,6,9,0,0
"1216",3,3,0,0,0
"1217",12,21,6,0,0
"1218",6,3,3,0,0
"1219",3,3,0,0,0
"1220",3,3,0,0,0
"1221",6,0,3,0,0
"1222",9,27,3,0,0
"1223",12,0,0,0,0
"1224",21,0,3,0,0
"1225",6,0,0,0,0
"1226",0,0,3,0,0
"1227",30,0,0,0,0
"1228",3,0,0,0,0
"1229",12,0,3,0,0
"1230",30,9,0,0,0
"1231",3,0,3,0,0
"1232",27,12,0,0,0
"1233",3,0,3,0,0
"1234",3,6,0,0,0
"1235",30,6,3,0,0
"1236",9,9,0,0,0
"1237",12,27,0,0,0
"1238",24,6,0,0,0
"1239",30,9,0,0,0
"1240",30,6,3,0,0
"1241",12,9,0,3,0
"1242",33,3,3,0,0
"1243",0,0,3,0,0
"1244",0,3,0,0,0
"1245",3,3,3,0,0
"1246",9,9,3,0,0
"1247",24,15,0,0,0
"1248",33,0,6,0,0
"1249",15,6,3,0,0
"1250",24,15,0,0,0
"1251",36,0,3,0,0
"1252",3,3,0,0,0
"1253",21,0,3,0,0
"1254",18,18,3,0,0
"1255",15,24,0,0,0
"1256",33,3,3,0,0
"1257",3,0,3,0,0
"1258",0,9,0,0,0
"1259",9,0,3,0,0
"1260",3,0,3,0,0
"1261",15,6,3,0,0
"1262",0,3,0,0,0
"1263",3,6,0,0,0
"1264",36,3,0,0,0
"1265",0,0,3,0,0
"1266",27,12,0,0,0
"1267",30,3,3,3,0
"1268",12,3,3,0,0
"1269",0,0,3,0,0
"1270",0,3,0,0,0
"1271",0,0,3,0,0
"1272",3,0,0,0,0
"1273",6,3,0,0,0
"1274",0,0,3,0,0
"1275",3,6,0,0,0
"1276",18,18,3,0,0
"1277",30,6,3,0,0
"1278",30,3,3,3,0
"1279",9,0,3,0,0
"1280",3,0,0,0,0
"1281",9,0,3,0,0
"1282",30,9,0,0,0
"1283",0,0,3,0,0
"1284",24,15,0,0,0
"1285",6,27,6,0,0
"1286",15,6,3,0,0
"1287",3,0,3,0,0
"1288",33,3,3,0,0
"1289",6,3,0,0,0
"1290",24,12,3,0,0
"1291",15,3,0,0,0
"1292",33,3,3,0,0
"1293",18,18,3,0,0
"1294",0,0,3,0,0
"1295",3,3,0,0,0
"1296",36,0,3,0,0
"1297",3,0,0,0,0
"1298",6,6,0,0,0
"1299",0,0,3,0,0
"1300",6,30,3,0,0
"1301",33,6,0,0,0
"1302",24,12,3,0,0
"1303",24,3,3,0,0
"1304",9,3,0,0,0
"1305",9,3,9,0,0
"1306",0,0,3,0,0
"1307",36,3,0,0,0
"1308",12,0,0,0,0
"1309",15,6,0,0,0
"1310",18,0,6,0,0
"1311",3,0,3,0,0
"1312",12,6,0,0,0
"1313",33,6,0,0,0
"1314",36,0,3,0,0
"1315",24,6,3,0,0
"1316",33,3,3,0,0
"1317",36,0,3,0,0
"1318",3,3,0,0,0
"1319",30,6,3,0,0
"1320",30,6,3,0,0
"1321",21,12,6,0,0
"1322",6,0,3,0,0
"1323",0,3,3,0,0
"1324",30,9,0,0,0
"1325",33,3,3,0,0
"1326",3,3,0,0,0
"1327",12,6,0,3,0
"1328",12,24,3,0,0
"1329",27,9,3,0,0
"1330",27,3,0,0,0
"1331",9,24,6,0,0
"1332",15,24,0,0,0
"1333",3,0,0,0,0
"1334",30,6,3,0,0
"1335",3,3,3,0,0
"1336",33,6,0,0,0
"1337",6,3,3,0,0
"1338",30,6,0,0,0
"1339",3,0,0,0,0
"1340",24,12,0,3,0
"1341",33,0,6,0,0
"1342",0,0,3,0,0
"1343",9,18,12,0,0
"1344",21,6,3,0,0
"1345",24,6,0,0,0
"1346",33,6,0,0,0
"1347",24,9,6,0,0
"1348",24,6,3,0,0
"1349",33,6,0,0,0
"1350",6,27,6,0,0
"1351",18,15,6,0,0
"1352",15,3,0,0,0
"1353",3,3,0,0,0
"1354",18,18,3,0,0
"1355",27,6,6,0,0
"1356",3,0,0,0,0
"1357",3,3,0,0,0
"1358",15,6,6,3,0
"1359",0,0,3,0,0
"1360",6,0,3,0,0
"1361",3,0,3,0,0
"1362",24,15,0,0,0
"1363",21,18,0,0,0
"1364",3,0,0,0,0
"1365",3,0,0,0,0
"1366",3,3,0,0,0
"1367",6,0,3,0,0
"1368",30,6,3,0,0
"1369",6,6,3,0,0
"1370",27,3,6,0,0
"1371",36,0,3,0,0
"1372",15,15,6,3,0
"1373",9,0,3,0,0
"1374",18,18,3,0,0
"1375",21,18,0,0,0
"1376",15,15,9,0,0
"1377",3,0,0,0,0
"1378",12,0,0,0,0
"1379",30,6,0,0,0
"1380",27,6,6,0,0
"1381",36,3,0,0,0
"1382",21,12,6,0,0
"1383",33,3,3,0,0
"1384",3,3,0,0,0
"1385",33,3,3,0,0
"1386",12,0,3,0,0
"1387",12,0,3,0,0
"1388",6,3,3,0,0
"1389",30,9,0,0,0
"1390",15,3,3,0,0
"1391",9,9,0,0,0
"1392",15,6,0,0,0
"1393",12,0,0,0,0
"1394",21,18,0,0,0
"1395",27,9,3,0,0
"1396",30,9,0,0,0
"1397",0,3,0,0,0
"1398",3,3,6,0,0
"1399",33,6,0,0,0
"1400",21,9,0,0,0
"1401",30,3,3,0,0
"1402",15,9,3,0,0
"1403",6,3,3,0,0
"1404",6,3,0,0,0
"1405",27,3,9,0,0
"1406",30,9,0,0,0
"1407",12,3,0,0,0
"1408",3,0,0,0,0
"1409",3,3,0,0,0
"1410",3,3,0,0,0
"1411",18,21,0,0,0
"1412",12,0,0,0,0
"1413",18,15,6,0,0
"1414",15,18,6,0,0
"1415",33,3,3,0,0
"1416",3,6,0,0,0
"1417",0,3,0,0,0
"1418",12,3,3,0,0
"1419",21,18,0,0,0
"1420",0,0,3,0,0
"1421",3,3,0,0,0
"1422",6,3,0,0,0
"1423",30,3,3,3,0
"1424",21,12,6,0,0
"1425",9,0,3,0,0
"1426",24,12,3,0,0
"1427",21,18,0,0,0
"1428",15,15,9,0,0
"1429",0,0,3,0,0
"1430",21,15,3,0,0
"1431",3,3,0,0,0
"1432",33,6,0,0,0
"1433",21,12,6,0,0
"1434",3,3,0,0,0
"1435",30,9,0,0,0
"1436",3,6,3,3,0
"1437",3,3,0,0,0
"1438",0,3,0,0,0
"1439",0,0,3,0,0
"1440",6,0,0,0,0
"1441",0,3,0,0,0
"1442",3,0,3,0,0
"1443",21,15,3,0,0
"1444",0,0,3,0,0
"1445",6,0,3,0,0
"1446",3,0,3,0,0
"1447",21,9,6,3,0
"1448",9,0,0,0,0
"1449",9,6,0,0,0
"1450",9,3,3,0,0
"1451",0,0,3,0,0
"1452",27,9,3,0,0
"1453",15,0,0,0,0
"1454",6,0,0,0,0
"1455",24,15,0,0,0
"1456",3,3,0,0,0
"1457",27,6,0,0,0
"1458",21,6,3,0,0
"1459",3,3,0,0,0
"1460",6,0,0,0,0
"1461",15,21,3,0,0
"1462",21,3,6,0,0
"1463",9,6,6,0,0
"1464",24,12,3,0,0
"1465",15,21,3,0,0
"1466",15,6,0,0,0
"1467",3,3,0,0,0
"1468",9,6,3,0,0
"1469",33,3,3,0,0
"1470",3,0,0,0,0
"1471",12,6,0,0,0
"1472",3,3,0,0,0
"1473",0,0,3,0,0
"1474",6,27,6,0,0
"1475",3,27,9,0,0
"1476",39,0,0,0,0
"1477",27,3,9,0,0
"1478",21,9,3,0,0
"1479",9,12,3,0,0
"1480",0,0,3,0,0
"1481",9,0,3,0,0
"1482",12,6,0,0,0
"1483",0,0,3,0,0
"1484",18,3,0,0,0
"1485",6,6,0,0,0
"1486",3,0,6,0,0
"1487",36,3,0,0,0
"1488",15,6,3,0,0
"1489",12,24,3,0,0
"1490",24,15,0,0,0
"1491",9,3,3,3,0
"1492",15,21,0,3,0
"1493",0,0,3,0,0
"1494",3,0,3,0,0
"1495",6,0,6,0,0
"1496",0,0,3,0,0
"1497",30,3,6,0,0
"1498",3,9,3,0,0
"1499",9,27,3,0,0
"1500",3,3,0,0,0
"1501",21,18,0,0,0
"1502",21,9,0,0,0
"1503",0,6,0,0,0
"1504",9,3,0,0,0
"1505",9,0,3,0,0
"1506",30,6,3,0,0
"1507",9,0,0,0,0
"1508",27,9,3,0,0
"1509",21,0,3,0,0
"1510",9,6,0,0,0
"1511",3,3,0,0,0
"1512",3,0,0,0,0
"1513",0,3,0,0,0
"1514",3,0,3,0,0
"1515",9,0,3,0,0
"1516",12,3,3,0,0
"1517",3,0,0,0,0
"1518",0,0,3,0,0
"1519",30,6,0,0,0
"1520",9,0,3,0,0
"1521",12,3,0,0,0
"1522",33,0,6,0,0
"1523",0,0,3,0,0
"1524",6,3,3,0,0
"1525",0,0,3,0,0
"1526",3,0,3,0,0
"1527",15,0,0,0,0
"1528",12,3,6,0,0
"1529",18,3,0,0,0
"1530",27,9,3,0,0
"1531",15,12,12,0,0
"1532",21,3,3,0,0
"1533",12,12,0,0,0
"1534",9,0,3,0,0
"1535",24,0,0,0,0
"1536",9,3,3,0,0
"1537",12,0,3,0,0
"1538",24,15,0,0,0
"1539",3,3,0,3,0
"1540",24,12,3,0,0
"1541",3,0,3,0,0
"1542",12,3,3,0,0
"1543",6,6,0,0,0
"1544",39,0,0,0,0
"1545",3,0,3,0,0
"1546",30,6,3,0,0
"1547",15,3,6,0,0
"1548",15,9,3,0,0
"1549",9,3,0,0,0
"1550",18,0,0,0,0
"1551",15,0,3,0,0
"1552",0,6,0,0,0
"1553",36,0,3,0,0
"1554",24,15,0,0,0
"1555",21,12,0,0,0
"1556",3,6,0,0,0
"1557",33,3,3,0,0
"1558",30,6,3,0,0
"1559",3,0,0,0,0
"1560",33,6,0,0,0
"1561",36,0,3,0,0
"1562",0,0,3,0,0
"1563",33,3,3,0,0
"1564",9,27,3,0,0
"1565",3,0,6,0,0
"1566",0,3,0,0,0
"1567",9,3,0,0,0
"1568",6,9,0,0,0
"1569",6,3,0,0,0
"1570",3,3,0,0,0
"1571",0,0,3,0,0
"1572",15,3,0,0,0
"1573",33,3,3,0,0
"1574",9,30,0,0,0
"1575",15,9,0,0,0
"1576",33,6,0,0,0
"1577",0,3,0,0,0
"1578",3,3,0,0,0
"1579",27,12,0,0,0
"1580",21,12,3,3,0
"1581",21,12,0,0,0
"1582",33,0,6,0,0
"1583",36,0,3,0,0
"1584",9,0,3,0,0
"1585",3,6,3,0,0
"1586",30,0,0,0,0
"1587",15,0,3,0,0
"1588",36,3,0,0,0
"1589",15,21,0,3,0
"1590",0,0,3,0,0
"1591",0,0,3,0,0
"1592",33,6,0,0,0
"1593",0,0,3,0,0
"1594",30,9,0,0,0
"1595",9,6,3,0,0
"1596",9,0,0,0,0
"1597",0,3,3,0,0
"1598",0,0,3,0,0
"1599",27,9,3,0,0
"1600",9,0,6,0,0
"1601",3,0,6,0,0
"1602",3,3,0,0,0
"1603",3,3,0,0,0
"1604",18,15,6,0,0
"1605",21,0,3,0,0
"1606",9,0,3,0,0
"1607",0,0,3,0,0
"1608",0,0,3,0,0
"1609",12,0,3,0,0
"1610",0,0,3,0,0
"1611",30,6,3,0,0
"1612",30,9,0,0,0
"1613",9,21,9,0,0
"1614",12,0,3,0,0
"1615",30,0,0,0,0
"1616",30,6,3,0,0
"1617",3,0,0,0,0
"1618",0,0,3,0,0
"1619",12,6,0,3,0
"1620",0,0,3,0,0
"1621",12,3,0,0,0
"1622",0,0,3,0,0
"1623",24,3,3,0,0
"1624",21,12,6,0,0
"1625",3,0,3,0,0
"1626",6,12,6,3,0
"1627",24,9,3,0,0
"1628",0,0,3,0,0
"1629",0,0,3,0,0
"1630",33,6,0,0,0
"1631",3,0,3,0,0
"1632",3,30,6,0,0
"1633",27,9,3,0,0
"1634",36,3,0,0,0
"1635",15,3,3,0,0
"1636",18,18,3,0,0
"1637",6,30,0,3,0
"1638",21,12,0,0,0
"1639",6,3,0,0,0
"1640",12,27,0,0,0
"1641",3,0,0,0,0
"1642",12,0,0,0,0
"1643",9,0,3,0,0
"1644",6,0,3,0,0
"1645",0,0,3,0,0
"1646",27,3,0,0,0
"1647",15,3,0,0,0
"1648",3,3,0,0,0
"1649",12,0,0,0,0
"1650",15,21,3,0,0
"1651",18,6,0,0,0
"1652",33,6,0,0,0
"1653",33,6,0,0,0
"1654",21,12,3,3,0
"1655",18,18,3,0,0
"1656",0,0,3,0,0
"1657",6,0,3,0,0
"1658",9,6,3,3,0
"1659",24,9,6,0,0
"1660",6,0,0,0,0
"1661",30,9,0,0,0
"1662",27,6,3,3,0
"1663",3,3,0,0,0
"1664",9,6,3,0,0
"1665",18,3,0,0,0
"1666",36,3,0,0,0
"1667",30,6,3,0,0
"1668",18,18,3,0,0
"1669",30,3,6,0,0
"1670",0,3,0,0,0
"1671",21,0,3,0,0
"1672",6,6,3,0,0
"1673",12,24,3,0,0
"1674",24,9,6,0,0
"1675",3,27,9,0,0
"1676",0,0,3,0,0
"1677",18,18,3,0,0
"1678",6,0,3,0,0
"1679",33,0,6,0,0
"1680",3,6,6,0,0
"1681",0,0,3,0,0
"1682",30,9,0,0,0
"1683",30,6,3,0,0
"1684",21,15,3,0,0
"1685",6,0,0,0,0
"1686",3,3,0,0,0
"1687",21,15,3,0,0
"1688",33,6,0,0,0
"1689",18,6,0,0,0
"1690",3,0,0,0,0
"1691",0,6,0,0,0
"1692",0,3,0,0,0
"1693",33,3,3,0,0
"1694",33,6,0,0,0
"1695",15,18,6,0,0
"1696",15,0,0,0,0
"1697",3,3,0,0,0
"1698",33,0,6,0,0
"1699",15,3,0,0,0
"1700",3,6,0,0,0
"1701",6,6,0,0,0
"1702",24,12,3,0,0
"1703",0,3,0,0,0
"1704",12,27,0,0,0
"1705",15,3,0,0,0
"1706",9,3,3,0,0
"1707",33,3,3,0,0
"1708",9,3,3,3,0
"1709",30,9,0,0,0
"1710",30,9,0,0,0
"1711",6,30,0,3,0
"1712",6,3,0,0,0
"1713",6,0,0,0,0
"1714",3,3,0,0,0
"1715",3,0,0,0,0
"1716",3,12,3,0,0
"1717",3,33,3,0,0
"1718",36,0,3,0,0
"1719",12,0,3,0,0
"1720",24,12,3,0,0
"1721",3,0,6,0,0
"1722",0,3,0,0,0
"1723",24,6,3,0,0
"1724",3,3,6,0,0
"1725",9,6,3,0,0
"1726",9,0,3,0,0
"1727",24,6,9,0,0
"1728",12,0,6,0,0
"1729",21,3,3,0,0
"1730",0,3,0,0,0
"1731",21,15,3,0,0
"1732",0,0,3,0,0
"1733",12,3,3,0,0
"1734",18,18,3,0,0
"1735",33,6,0,0,0
"1736",9,3,9,0,0
"1737",30,6,3,0,0
"1738",36,0,3,0,0
"1739",18,0,3,0,0
"1740",33,3,3,0,0
"1741",21,12,6,0,0
"1742",9,0,3,0,0
"1743",6,3,6,0,0
"1744",15,3,0,0,0
"1745",0,0,3,0,0
"1746",3,36,0,0,0
"1747",3,3,0,0,0
"1748",3,0,3,3,0
"1749",33,3,3,0,0
"1750",3,6,0,0,0
"1751",3,0,0,0,0
"1752",6,33,0,0,0
"1753",0,36,3,0,0
"1754",33,3,3,0,0
"1755",0,9,0,0,0
"1756",0,3,3,0,0
"1757",27,12,0,0,0
"1758",21,15,3,0,0
"1759",24,12,3,0,0
"1760",12,0,3,0,0
"1761",15,3,3,0,0
"1762",3,0,6,0,0
"1763",30,9,0,0,0
"1764",27,6,6,0,0
"1765",24,0,0,0,0
"1766",0,0,3,0,0
"1767",15,18,3,0,0
"1768",30,9,0,0,0
"1769",33,6,0,0,0
"1770",0,3,0,0,0
"1771",39,0,0,0,0
"1772",3,3,0,0,0
"1773",21,15,0,3,0
"1774",3,3,0,0,0
"1775",0,0,3,0,0
"1776",3,3,0,0,0
"1777",0,0,3,0,0
"1778",15,6,0,0,0
"1779",3,3,3,0,0
"1780",18,15,6,0,0
"1781",3,3,0,0,0
"1782",30,6,3,0,0
"1783",9,27,3,0,0
"1784",9,3,3,0,0
"1785",3,27,9,0,0
"1786",15,9,3,0,0
"1787",12,0,0,0,0
"1788",3,0,6,0,0
"1789",12,9,0,0,0
"1790",3,3,0,0,0
"1791",3,3,0,0,0
"1792",9,9,0,0,0
"1793",15,24,0,0,0
"1794",27,12,0,0,0
"1795",6,9,0,0,0
"1796",12,6,3,0,0
"1797",3,3,0,0,0
"1798",12,0,0,0,0
"1799",3,3,0,0,0
"1800",36,3,0,0,0
"1801",6,0,3,0,0
"1802",30,9,0,0,0
"1803",0,0,3,0,0
"1804",9,0,3,0,0
"1805",0,0,3,0,0
"1806",27,6,0,0,0
"1807",27,12,0,0,0
"1808",24,9,6,0,0
"1809",3,3,0,0,0
"1810",9,6,3,0,0
"1811",21,15,3,0,0
"1812",15,3,0,0,0
"1813",3,0,0,0,0
"1814",15,9,6,0,0
"1815",15,0,3,0,0
"1816",15,3,0,0,0
"1817",30,9,0,0,0
"1818",12,6,0,0,0
"1819",27,3,0,0,0
"1820",6,9,0,0,0
"1821",0,0,3,0,0
"1822",9,6,6,0,0
"1823",6,30,3,0,0
"1824",6,15,0,0,0
"1825",0,0,3,0,0
"1826",36,3,0,0,0
"1827",21,18,0,0,0
"1828",0,0,3,0,0
"1829",12,0,6,0,0
"1830",9,3,0,0,0
"1831",6,0,0,0,0
"1832",21,18,0,0,0
"1833",0,0,3,0,0
"1834",3,0,0,0,0
"1835",0,0,3,0,0
"1836",6,0,0,0,0
"1837",0,0,3,0,0
"1838",36,3,0,0,0
"1839",6,3,0,0,0
"1840",9,6,3,0,0
"1841",18,18,3,0,0
"1842",24,0,3,0,0
"1843",21,15,3,0,0
"1844",9,0,0,0,0
"1845",3,3,0,0,0
"1846",3,3,0,0,0
"1847",9,0,3,0,0
"1848",3,3,0,0,0
"1849",24,12,3,0,0
"1850",21,9,9,0,0
"1851",6,21,12,0,0
"1852",15,15,3,0,0
"1853",6,6,0,0,0
"1854",0,0,3,0,0
"1855",6,3,0,0,0
"1856",18,21,0,0,0
"1857",30,9,0,0,0
"1858",3,0,3,0,0
"1859",12,12,3,0,0
"1860",36,3,0,0,0
"1861",9,6,6,0,0
"1862",21,18,0,0,0
"1863",21,18,0,0,0
"1864",6,12,0,0,0
"1865",18,9,0,0,0
"1866",0,3,0,0,0
"1867",0,0,3,0,0
"1868",36,3,0,0,0
"1869",15,21,3,0,0
"1870",24,12,3,0,0
"1871",9,0,3,0,0
"1872",3,3,0,0,0
"1873",6,0,3,0,0
"1874",0,0,3,0,0
"1875",3,3,0,0,0
"1876",0,3,0,0,0
"1877",12,3,3,0,0
"1878",9,6,3,0,0
"1879",3,0,0,0,0
"1880",3,3,0,0,0
"1881",0,0,3,0,0
"1882",3,3,0,0,0
"1883",24,12,3,0,0
"1884",9,0,3,0,0
"1885",6,3,3,0,0
"1886",18,12,9,0,0
"1887",9,24,0,6,0
"1888",6,30,3,0,0
"1889",30,6,3,0,0
"1890",0,0,3,0,0
"1891",3,3,0,0,0
"1892",24,0,0,0,0
"1893",27,9,0,3,0
"1894",9,3,0,0,0
"1895",33,3,3,0,0
"1896",6,3,0,0,0
"1897",3,3,0,0,0
"1898",27,9,3,0,0
"1899",9,9,0,0,0
"1900",6,0,0,0,0
"1901",3,3,0,0,0
"1902",12,6,0,0,0
"1903",6,6,0,0,0
"1904",0,3,0,0,0
"1905",18,18,3,0,0
"1906",21,0,3,0,0
"1907",33,3,3,0,0
"1908",33,3,3,0,0
"1909",3,3,0,0,0
"1910",36,3,0,0,0
"1911",21,9,0,0,0
"1912",15,21,3,0,0
"1913",12,24,3,0,0
"1914",21,18,0,0,0
"1915",0,0,3,0,0
"1916",33,3,3,0,0
"1917",39,0,0,0,0
"1918",0,0,3,0,0
"1919",27,9,3,0,0
"1920",3,0,0,0,0
"1921",6,27,6,0,0
"1922",3,0,0,0,0
"1923",3,0,0,0,0
"1924",27,6,3,3,0
"1925",9,9,0,0,0
"1926",36,3,0,0,0
"1927",27,9,3,0,0
"1928",27,9,3,0,0
"1929",3,3,0,0,0
"1930",30,3,6,0,0
"1931",3,3,0,0,0
"1932",12,3,3,0,0
"1933",15,6,0,0,0
"1934",3,3,3,0,0
"1935",3,3,0,0,0
"1936",36,3,0,0,0
"1937",0,0,3,0,0
"1938",24,12,3,0,0
"1939",18,3,6,0,0
"1940",33,6,0,0,0
"1941",18,15,3,3,0
"1942",9,3,3,3,0
"1943",18,12,9,0,0
"1944",9,0,3,0,0
"1945",6,3,0,0,0
"1946",0,0,3,0,0
"1947",12,12,3,0,0
"1948",24,9,6,0,0
"1949",27,9,3,0,0
"1950",18,6,0,0,0
"1951",3,0,6,0,0
"1952",24,12,3,0,0
"1953",27,6,3,0,0
"1954",9,3,0,0,0
"1955",21,0,3,0,0
"1956",9,0,3,0,0
"1957",9,0,3,0,0
"1958",24,6,3,0,0
"1959",0,0,3,0,0
"1960",15,0,0,0,0
"1961",12,3,0,0,0
"1962",21,15,3,0,0
"1963",0,0,3,0,0
"1964",12,0,3,0,0
"1965",3,3,0,0,0
"1966",33,3,3,0,0
"1967",15,18,0,0,0
"1968",24,12,3,0,0
"1969",15,3,0,0,0
"1970",30,9,0,0,0
"1971",12,18,0,0,0
"1972",3,6,3,0,0
"1973",9,0,0,0,0
"1974",24,15,0,0,0
"1975",0,0,3,0,0
"1976",33,0,6,0,0
"1977",18,3,0,3,0
"1978",9,6,3,0,0
"1979",30,0,3,0,0
"1980",3,0,0,0,0
"1981",3,0,3,0,0
"1982",12,27,0,0,0
"1983",15,3,0,0,0
"1984",0,0,3,0,0
"1985",27,9,3,0,0
"1986",12,6,3,0,0
"1987",18,9,0,0,0
"1988",3,0,6,0,0
"1989",21,15,3,0,0
"1990",24,9,6,0,0
"1991",12,0,6,0,0
"1992",33,3,3,0,0
"1993",9,3,6,3,0
"1994",21,9,9,0,0
"1995",6,0,0,0,0
"1996",30,6,3,0,0
"1997",3,3,0,0,0
"1998",33,3,3,0,0
"1999",30,3,6,0,0
"2000",24,15,0,0,0
"2001",0,3,0,0,0
"2002",3,3,0,0,0
"2003",21,15,3,0,0
"2004",3,3,0,0,0
"2005",30,9,0,0,0
"2006",30,6,0,0,0
"2007",15,18,6,0,0
"2008",3,0,0,0,0
"2009",9,6,0,0,0
"2010",21,18,0,0,0
"2011",0,0,3,0,0
"2012",3,0,0,0,0
"2013",3,0,0,0,0
"2014",33,3,3,0,0
"2015",6,12,3,0,0
"2016",18,0,6,0,0
"2017",9,3,3,0,0
"2018",27,3,6,0,0
"2019",27,9,3,0,0
"2020",3,3,0,0,0
"2021",3,0,6,0,0
"2022",36,3,0,0,0
"2023",15,3,3,3,0
"2024",30,3,6,0,0
"2025",0,0,3,0,0
"2026",18,6,3,0,0
"2027",33,3,3,0,0
"2028",3,0,0,0,0
"2029",3,0,3,0,0
"2030",9,0,3,0,0
"2031",6,33,0,0,0
"2032",3,3,0,0,0
"2033",6,0,0,0,0
"2034",27,12,0,0,0
"2035",15,3,3,0,0
"2036",9,0,3,0,0
"2037",21,0,3,0,0
"2038",0,0,3,0,0
"2039",36,3,0,0,0
"2040",9,12,0,0,0
"2041",6,0,0,0,0
"2042",3,3,0,0,0
"2043",6,0,0,0,0
"2044",21,12,0,0,0
"2045",0,0,3,0,0
"2046",6,0,0,0,0
"2047",3,0,0,0,0
"2048",3,0,3,0,0
"2049",9,0,3,0,0
"2050",24,6,0,0,0
"2051",12,3,0,0,0
"2052",9,0,3,0,0
"2053",30,3,3,3,0
"2054",30,3,3,3,0
"2055",30,9,0,0,0
"2056",33,3,3,0,0
"2057",3,0,3,0,0
"2058",3,0,0,0,0
"2059",30,6,3,0,0
"2060",12,6,3,0,0
"2061",6,6,0,0,0
"2062",15,9,3,0,0
"2063",9,12,3,0,0
"2064",33,6,0,0,0
"2065",24,12,3,0,0
"2066",12,3,0,0,0
"2067",0,0,3,0,0
"2068",24,3,0,0,0
"2069",6,0,3,0,0
"2070",30,3,6,0,0
"2071",21,15,3,0,0
"2072",3,6,0,0,0
"2073",24,15,0,0,0
"2074",0,0,3,0,0
"2075",3,0,0,0,0
"2076",6,0,3,0,0
"2077",33,6,0,0,0
"2078",33,3,3,0,0
"2079",33,3,3,0,0
"2080",3,3,0,0,0
"2081",3,15,21,0,0
"2082",30,6,3,0,0
"2083",0,0,3,0,0
"2084",18,6,3,3,0
"2085",36,3,0,0,0
"2086",9,9,0,0,0
"2087",18,18,3,0,0
"2088",6,0,6,0,0
"2089",15,9,3,0,0
"2090",9,3,0,0,0
"2091",12,0,0,0,0
"2092",24,6,3,0,0
"2093",9,3,3,0,0
"2094",3,6,0,0,0
"2095",30,9,0,0,0
"2096",0,0,3,0,0
"2097",36,0,3,0,0
"2098",12,6,3,0,0
"2099",3,3,0,0,0
"2100",0,0,3,0,0
"2101",24,6,9,0,0
"2102",36,0,3,0,0
"2103",18,15,6,0,0
"2104",9,3,0,0,0
"2105",12,0,0,0,0
"2106",24,9,0,0,0
"2107",12,3,3,0,0
"2108",6,0,0,0,0
"2109",9,0,3,0,0
"2110",0,0,3,0,0
"2111",18,18,3,0,0
"2112",3,33,0,3,0
"2113",15,3,0,0,0
"2114",12,27,0,0,0
"2115",12,27,0,0,0
"2116",6,0,0,0,0
"2117",6,0,3,0,0
"2118",3,3,0,0,0
"2119",9,0,3,0,0
"2120",9,3,3,0,0
"2121",12,27,0,0,0
"2122",15,15,3,0,0
"2123",24,0,0,0,0
"2124",33,0,3,0,0
"2125",36,0,3,0,0
"2126",3,0,6,0,0
"2127",30,3,6,0,0
"2128",6,18,12,3,0
"2129",12,0,0,0,0
"2130",0,0,3,0,0
"2131",12,0,6,0,0
"2132",24,12,3,0,0
"2133",0,0,3,0,0
"2134",3,33,3,0,0
"2135",0,0,3,0,0
"2136",9,12,6,0,0
"2137",3,0,3,0,0
"2138",0,0,3,0,0
"2139",24,12,3,0,0
"2140",36,3,0,0,0
"2141",9,0,3,0,0
"2142",30,9,0,0,0
"2143",3,3,0,0,0
"2144",9,0,3,0,0
"2145",0,0,3,0,0
"2146",18,18,3,0,0
"2147",36,3,0,0,0
"2148",6,6,0,3,0
"2149",9,0,3,0,0
"2150",12,3,0,0,0
"2151",6,0,0,0,0
"2152",12,9,0,0,0
"2153",6,6,0,0,0
"2154",24,3,0,0,0
"2155",9,0,3,0,0
"2156",6,0,0,0,0
"2157",24,9,6,0,0
"2158",30,9,0,0,0
"2159",9,0,3,0,0
"2160",30,9,0,0,0
"2161",12,0,0,0,0
"2162",6,9,0,0,0
"2163",30,9,0,0,0
"2164",12,6,6,0,0
"2165",0,0,3,0,0
"2166",24,3,3,0,0
"2167",6,3,3,0,0
"2168",15,24,0,0,0
"2169",9,0,3,0,0
"2170",24,15,0,0,0
"2171",9,9,6,0,0
"2172",3,3,0,0,0
"2173",3,0,3,0,0
"2174",24,12,3,0,0
"2175",0,0,3,0,0
"2176",6,3,0,0,0
"2177",33,6,0,0,0
"2178",0,0,3,0,0
"2179",27,9,3,0,0
"2180",30,9,0,0,0
"2181",6,0,0,0,0
"2182",21,6,6,6,0
"2183",18,6,0,0,0
"2184",18,12,3,0,0
"2185",36,3,0,0,0
"2186",3,0,0,0,0
"2187",12,0,0,0,0
"2188",18,12,6,0,0
"2189",36,3,0,0,0
"2190",21,15,3,0,0
"2191",3,0,3,0,0
"2192",15,18,6,0,0
"2193",30,6,0,3,0
"2194",6,0,3,0,0
"2195",6,0,3,0,0
"2196",27,3,9,0,0
"2197",0,0,3,0,0
"2198",18,6,0,0,0
"2199",24,0,6,0,0
"2200",3,3,3,0,0
"2201",12,0,0,0,0
"2202",6,0,3,0,0
"2203",6,3,0,0,0
"2204",15,18,6,0,0
"2205",36,3,0,0,0
"2206",0,0,3,0,0
"2207",3,6,6,0,0
"2208",24,9,3,3,0
"2209",0,0,3,0,0
"2210",33,3,3,0,0
"2211",0,0,3,0,0
"2212",6,27,6,0,0
"2213",36,0,3,0,0
"2214",24,0,3,0,0
"2215",27,3,0,0,0
"2216",18,9,3,0,0
"2217",12,3,0,0,0
"2218",3,3,0,0,0
"2219",6,3,0,0,0
"2220",6,0,0,0,0
"2221",15,6,3,0,0
"2222",6,9,3,0,0
"2223",36,3,0,0,0
"2224",9,27,3,0,0
"2225",3,3,0,0,0
"2226",6,0,3,0,0
"2227",27,12,0,0,0
"2228",12,3,0,0,0
"2229",3,0,0,0,0
"2230",0,3,0,0,0
"2231",15,0,3,0,0
"2232",6,3,0,0,0
"2233",36,0,3,0,0
"2234",15,6,3,0,0
"2235",15,0,3,0,0
"2236",30,9,0,0,0
"2237",21,3,3,0,0
"2238",9,9,0,0,0
"2239",12,27,0,0,0
"2240",6,3,0,0,0
"2241",9,3,6,0,0
"2242",18,9,6,6,0
"2243",15,3,3,0,0
"2244",3,3,0,0,0
"2245",18,6,6,0,0
"2246",21,12,6,0,0
"2247",3,0,0,0,0
"2248",30,6,3,0,0
"2249",0,0,3,0,0
"2250",3,0,0,0,0
"2251",6,3,0,0,0
"2252",0,3,0,0,0
"2253",3,0,0,0,0
"2254",3,3,0,0,0
"2255",21,12,6,0,0
"2256",36,0,3,0,0
"2257",0,0,3,0,0
"2258",30,9,0,0,0
"2259",3,0,0,0,0
"2260",0,0,3,0,0
"2261",27,12,0,0,0
"2262",9,3,0,0,0
"2263",21,3,3,0,0
"2264",0,0,3,0,0
"2265",15,18,6,0,0
"2266",24,12,3,0,0
"2267",33,3,3,0,0
"2268",9,3,3,0,0
"2269",33,3,3,0,0
"2270",9,3,0,0,0
"2271",30,9,0,0,0
"2272",3,3,0,0,0
"2273",6,18,15,0,0
"2274",21,12,0,0,0
"2275",9,3,0,0,0
"2276",39,0,0,0,0
"2277",27,9,3,0,0
"2278",3,0,3,0,0
"2279",0,0,3,0,0
"2280",3,3,0,0,0
"2281",12,27,0,0,0
"2282",6,0,3,0,0
"2283",3,0,6,0,0
"2284",30,6,3,0,0
"2285",30,9,0,0,0
"2286",21,15,3,0,0
"2287",6,27,6,0,0
"2288",27,0,0,0,0
"2289",12,0,0,0,0
"2290",0,0,3,0,0
"2291",33,6,0,0,0
"2292",3,33,0,3,0
"2293",18,6,0,0,0
"2294",3,3,0,0,0
"2295",36,3,0,0,0
"2296",9,0,0,0,0
"2297",3,0,6,0,0
"2298",6,33,0,0,0
"2299",18,18,3,0,0
"2300",18,18,3,0,0
"2301",3,3,0,0,0
"2302",30,6,3,0,0
"2303",18,15,3,3,0
"2304",6,6,0,0,0
"2305",0,0,3,0,0
"2306",36,3,0,0,0
"2307",9,6,0,0,0
"2308",18,3,3,0,0
"2309",27,3,0,0,0
"2310",21,3,0,0,0
"2311",15,3,0,0,0
"2312",15,21,3,0,0
"2313",15,24,0,0,0
"2314",3,3,0,0,0
"2315",6,6,0,0,0
"2316",3,3,0,0,0
"2317",6,3,0,0,0
"2318",30,6,0,3,0
"2319",3,0,0,0,0
"2320",36,0,3,0,0
"2321",30,9,0,0,0
"2322",30,9,0,0,0
"2323",3,0,0,0,0
"2324",12,0,3,0,0
"2325",21,3,0,0,0
"2326",21,0,6,0,0
"2327",6,0,0,0,0
"2328",36,3,0,0,0
"2329",15,15,9,0,0
"2330",24,6,3,0,0
"2331",0,0,3,0,0
"2332",6,6,0,0,0
"2333",3,3,0,0,0
"2334",27,12,0,0,0
"2335",6,3,0,0,0
"2336",9,0,3,0,0
"2337",30,6,3,0,0
"2338",15,12,12,0,0
"2339",36,3,0,0,0
"2340",27,9,3,0,0
"2341",18,0,3,0,0
"2342",27,3,0,0,0
"2343",9,0,3,0,0
"2344",30,9,0,0,0
"2345",33,6,0,0,0
"2346",21,12,6,0,0
"2347",0,0,3,0,0
"2348",6,6,0,0,0
"2349",6,9,6,0,0
"2350",12,6,0,0,0
"2351",36,0,3,0,0
"2352",3,3,6,0,0
"2353",6,30,3,0,0
"2354",12,0,0,0,0
"2355",18,9,0,0,0
"2356",36,3,0,0,0
"2357",6,3,3,0,0
"2358",30,9,0,0,0
"2359",3,0,3,0,0
"2360",0,3,0,0,0
"2361",6,0,0,0,0
"2362",36,3,0,0,0
"2363",9,0,0,0,0
"2364",27,9,0,0,0
"2365",30,6,3,0,0
"2366",33,6,0,0,0
"2367",3,3,0,0,0
"2368",30,3,6,0,0
"2369",21,12,6,0,0
"2370",27,12,0,0,0
"2371",33,6,0,0,0
"2372",27,6,0,0,0
"2373",9,3,3,0,0
"2374",6,3,0,0,0
"2375",3,3,0,0,0
"2376",0,0,3,0,0
"2377",33,6,0,0,0
"2378",12,0,6,0,0
"2379",15,3,3,0,0
"2380",21,9,6,3,0
"2381",24,0,3,0,0
"2382",9,0,3,0,0
"2383",15,6,3,0,0
"2384",3,3,0,0,0
"2385",12,18,9,0,0
"2386",30,9,0,0,0
"2387",6,0,0,0,0
"2388",18,3,0,0,0
"2389",0,0,3,0,0
"2390",15,3,0,0,0
"2391",15,12,3,0,0
"2392",3,0,0,0,0
"2393",3,0,3,0,0
"2394",9,0,3,0,0
"2395",18,9,0,0,0
"2396",27,12,0,0,0
"2397",27,6,6,0,0
"2398",0,3,0,0,0
"2399",27,9,0,3,0
"2400",0,0,3,0,0
"2401",36,3,0,0,0
"2402",18,9,0,0,0
"2403",36,0,3,0,0
"2404",0,3,3,0,0
"2405",3,0,0,0,0
"2406",24,3,3,0,0
"2407",12,6,0,0,0
"2408",24,15,0,0,0
"2409",0,0,3,0,0
"2410",27,6,0,0,0
"2411",3,0,3,0,0
"2412",9,27,0,3,0
"2413",18,0,3,0,0
"2414",24,15,0,0,0
"2415",0,0,3,0,0
"2416",15,0,3,0,0
"2417",24,6,9,0,0
"2418",3,3,0,0,0
"2419",33,3,3,0,0
"2420",3,0,3,0,0
"2421",9,0,3,0,0
"2422",9,0,0,0,0
"2423",15,0,6,0,0
"2424",27,9,3,0,0
"2425",0,0,3,0,0
"2426",33,6,0,0,0
"2427",21,3,3,0,0
"2428",12,3,3,0,0
"2429",27,6,6,0,0
"2430",33,3,3,0,0
"2431",27,9,3,0,0
"2432",3,0,3,0,0
"2433",0,3,0,0,0
"2434",18,18,3,0,0
"2435",30,6,0,0,0
"2436",0,3,0,0,0
"2437",0,3,0,0,0
"2438",3,3,0,0,0
"2439",6,30,3,0,0
"2440",6,0,3,0,0
"2441",24,12,0,3,0
"2442",9,3,3,0,0
"2443",3,3,0,0,0
"2444",9,0,3,0,0
"2445",9,0,0,0,0
"2446",30,6,0,0,0
"2447",0,0,3,0,0
"2448",15,3,0,0,0
"2449",18,18,3,0,0
"2450",3,6,0,0,0
"2451",33,3,3,0,0
"2452",18,18,0,3,0
"2453",6,27,6,0,0
"2454",0,0,3,0,0
"2455",24,12,3,0,0
"2456",6,0,3,0,0
"2457",6,0,3,0,0
"2458",3,0,3,0,0
"2459",24,12,3,0,0
"2460",21,18,0,0,0
"2461",30,3,6,0,0
"2462",9,0,3,0,0
"2463",12,3,3,0,0
"2464",12,0,0,0,0
"2465",0,0,3,0,0
"2466",36,3,0,0,0
"2467",0,0,3,0,0
"2468",6,3,0,0,0
"2469",33,6,0,0,0
"2470",21,15,0,3,0
"2471",0,0,3,0,0
"2472",6,6,0,0,0
"2473",9,24,6,0,0
"2474",24,3,3,0,0
"2475",9,3,3,0,0
"2476",0,6,0,0,0
"2477",6,3,0,0,0
"2478",27,9,3,0,0
"2479",24,3,3,0,0
"2480",21,12,0,0,0
"2481",6,3,0,0,0
"2482",9,18,12,0,0
"2483",0,6,0,0,0
"2484",15,3,0,0,0
"2485",24,12,0,0,0
"2486",0,3,3,0,0
"2487",27,3,3,0,0
"2488",3,6,3,0,0
"2489",6,27,3,3,0
"2490",30,6,3,0,0
"2491",33,0,3,0,0
"2492",0,0,3,0,0
"2493",33,6,0,0,0
"2494",24,12,3,0,0
"2495",12,0,0,0,0
"2496",18,9,0,0,0
"2497",21,0,3,0,0
"2498",3,3,3,0,0
"2499",21,0,6,0,0
"2500",18,3,3,0,0
"2501",3,3,0,0,0
"2502",30,9,0,0,0
"2503",0,0,3,0,0
"2504",3,0,3,0,0
"2505",18,18,3,0,0
"2506",6,0,0,0,0
"2507",21,0,6,0,0
"2508",3,0,3,0,0
"2509",0,3,0,0,0
"2510",24,15,0,0,0
"2511",0,0,3,0,0
"2512",21,3,3,0,0
"2513",12,6,6,0,0
"2514",3,0,3,0,0
"2515",15,3,0,0,0
"2516",3,3,0,0,0
"2517",3,3,0,0,0
"2518",24,6,0,0,0
"2519",18,6,0,0,0
"2520",3,3,0,0,0
"2521",12,3,3,0,0
"2522",18,9,0,0,0
"2523",30,6,0,3,0
"2524",21,12,0,0,0
"2525",6,21,6,6,0
"2526",27,6,6,0,0
"2527",15,24,0,0,0
"2528",6,3,0,0,0
"2529",27,0,3,0,0
"2530",6,3,0,0,0
"2531",12,0,3,0,0
"2532",3,3,0,0,0
"2533",36,3,0,0,0
"2534",12,0,6,0,0
"2535",21,18,0,0,0
"2536",36,3,0,0,0
"2537",24,9,6,0,0
"2538",21,18,0,0,0
"2539",36,3,0,0,0
"2540",15,21,3,0,0
"2541",12,6,0,0,0
"2542",3,0,3,0,0
"2543",33,0,6,0,0
"2544",3,0,3,0,0
"2545",21,15,3,0,0
"2546",27,3,0,0,0
"2547",21,9,9,0,0
"2548",33,3,3,0,0
"2549",30,6,3,0,0
"2550",15,0,6,0,0
"2551",27,6,3,3,0
"2552",30,3,6,0,0
"2553",3,6,0,3,0
"2554",18,21,0,0,0
"2555",24,3,3,0,0
"2556",15,3,6,0,0
"2557",27,9,3,0,0
"2558",9,6,3,0,0
"2559",9,0,6,0,0
"2560",0,0,3,0,0
"2561",3,0,0,0,0
"2562",33,3,3,0,0
"2563",3,3,0,0,0
"2564",24,12,3,0,0
"2565",3,0,0,0,0
"2566",0,0,3,0,0
"2567",36,3,0,0,0
"2568",27,6,3,0,0
"2569",39,0,0,0,0
"2570",18,15,6,0,0
"2571",6,9,0,0,0
"2572",33,6,0,0,0
"2573",0,0,3,0,0
"2574",15,21,3,0,0
"2575",21,9,9,0,0
"2576",36,3,0,0,0
"2577",6,6,3,0,0
"2578",3,3,0,0,0
"2579",24,15,0,0,0
"2580",18,18,3,0,0
"2581",9,0,3,0,0
"2582",9,0,3,0,0
"2583",0,0,3,0,0
"2584",24,15,0,0,0
"2585",0,0,3,0,0
"2586",30,6,0,0,0
"2587",3,0,0,0,0
"2588",9,0,3,0,0
"2589",6,9,3,0,0
"2590",30,9,0,0,0
"2591",6,27,3,3,0
"2592",15,0,3,0,0
"2593",12,18,9,0,0
"2594",24,3,3,0,0
"2595",3,0,3,0,0
"2596",18,3,0,0,0
"2597",0,0,3,0,0
"2598",3,0,0,0,0
"2599",21,0,3,0,0
"2600",30,9,0,0,0
"2601",18,3,3,0,0
"2602",9,6,15,0,0
"2603",3,6,3,0,0
"2604",27,12,0,0,0
"2605",12,3,0,0,0
"2606",33,3,3,0,0
"2607",3,0,0,0,0
"2608",15,24,0,0,0
"2609",3,0,0,0,0
"2610",0,0,3,0,0
"2611",0,0,3,0,0
"2612",6,3,0,0,0
"2613",18,0,0,0,0
"2614",3,0,0,0,0
"2615",0,0,3,0,0
"2616",27,12,0,0,0
"2617",0,0,3,0,0
"2618",3,3,0,0,0
"2619",30,3,0,0,0
"2620",9,3,3,0,0
"2621",3,3,0,0,0
"2622",3,0,3,0,0
"2623",3,6,3,0,0
"2624",3,3,0,0,0
"2625",24,9,3,0,0
"2626",39,0,0,0,0
"2627",3,3,0,0,0
"2628",3,0,6,0,0
"2629",0,3,0,0,0
"2630",3,3,0,0,0
"2631",27,9,3,0,0
"2632",33,0,6,0,0
"2633",30,3,6,0,0
"2634",12,12,0,0,0
"2635",6,0,6,0,0
"2636",9,0,3,0,0
"2637",24,3,3,0,0
"2638",12,6,3,0,0
"2639",3,0,6,0,0
"2640",6,0,3,0,0
"2641",18,15,6,0,0
"2642",21,0,3,0,0
"2643",15,6,3,0,0
"2644",15,3,0,0,0
"2645",33,0,6,0,0
"2646",27,9,3,0,0
"2647",0,0,3,0,0
"2648",3,30,6,0,0
"2649",21,9,0,0,0
"2650",15,3,3,0,0
"2651",30,3,6,0,0
"2652",33,6,0,0,0
"2653",15,15,6,0,0
"2654",12,9,0,0,0
"2655",6,12,0,0,0
"2656",18,18,3,0,0
"2657",15,3,0,0,0
"2658",3,3,0,0,0
"2659",9,0,3,0,0
"2660",9,3,3,0,0
"2661",6,3,3,0,0
"2662",21,12,3,0,0
"2663",15,0,0,0,0
"2664",6,0,6,0,0
"2665",18,6,3,0,0
"2666",6,6,0,0,0
"2667",3,0,3,0,0
"2668",24,0,6,0,0
"2669",30,3,6,0,0
"2670",0,0,3,0,0
"2671",0,0,3,0,0
"2672",3,0,0,0,0
"2673",33,6,0,0,0
"2674",3,6,3,0,0
"2675",3,0,0,0,0
"2676",3,21,15,0,0
"2677",3,0,6,0,0
"2678",3,3,3,0,0
"2679",21,18,0,0,0
"2680",3,0,0,0,0
"2681",33,3,3,0,0
"2682",6,33,0,0,0
"2683",9,0,3,0,0
"2684",3,0,6,0,0
"2685",33,0,3,0,0
"2686",12,0,0,0,0
"2687",27,9,3,0,0
"2688",0,0,3,0,0
"2689",9,3,3,0,0
"2690",3,0,0,0,0
"2691",12,24,3,0,0
"2692",6,3,3,0,0
"2693",12,0,3,3,0
"2694",0,0,3,0,0
"2695",24,12,3,0,0
"2696",21,15,3,0,0
"2697",3,3,3,0,0
"2698",3,6,0,0,0
"2699",39,0,0,0,0
"2700",0,0,3,0,0
"2701",6,0,3,0,0
"2702",0,3,0,0,0
"2703",21,18,0,0,0
"2704",36,0,3,0,0
"2705",36,3,0,0,0
"2706",36,0,0,0,0
"2707",30,6,3,0,0
"2708",30,9,0,0,0
"2709",30,9,0,0,0
"2710",3,3,0,0,0
"2711",3,3,0,0,0
"2712",3,0,3,0,0
"2713",21,9,0,0,0
"2714",27,9,3,0,0
"2715",6,3,6,0,0
"2716",3,3,0,0,0
"2717",36,0,3,0,0
"2718",0,0,3,0,0
"2719",27,6,6,0,0
"2720",33,3,3,0,0
"2721",18,15,6,0,0
"2722",24,9,3,0,0
"2723",33,3,0,0,0
"2724",24,0,3,0,0
"2725",21,12,6,0,0
"2726",12,3,3,0,0
"2727",33,6,0,0,0
"2728",33,6,0,0,0
"2729",36,3,0,0,0
"2730",18,18,3,0,0
"2731",24,12,0,3,0
"2732",6,0,0,0,0
"2733",6,6,0,0,0
"2734",9,0,3,0,0
"2735",21,12,6,0,0
"2736",0,0,3,0,0
"2737",12,3,3,0,0
"2738",27,3,0,0,0
"2739",0,3,0,0,0
"2740",33,3,3,0,0
"2741",12,3,3,0,0
"2742",27,12,0,0,0
"2743",36,0,3,0,0
"2744",33,0,3,0,0
"2745",9,21,6,3,0
"2746",3,3,0,0,0
"2747",12,0,3,0,0
"2748",9,27,3,0,0
"2749",27,9,3,0,0
"2750",0,0,3,0,0
"2751",21,3,6,0,0
"2752",27,9,3,0,0
"2753",3,3,0,0,0
"2754",24,15,0,0,0
"2755",6,0,0,0,0
"2756",9,3,6,0,0
"2757",6,0,3,0,0
"2758",0,36,0,3,0
"2759",0,3,0,0,0
"2760",36,3,0,0,0
"2761",24,12,3,0,0
"2762",12,0,0,0,0
"2763",12,0,0,0,0
"2764",33,3,3,0,0
"2765",12,3,3,0,0
"2766",12,6,0,0,0
"2767",33,3,3,0,0
"2768",6,0,3,0,0
"2769",36,0,3,0,0
"2770",24,12,3,0,0
"2771",27,9,3,0,0
"2772",0,6,0,0,0
"2773",30,9,0,0,0
"2774",3,3,0,0,0
"2775",9,0,3,0,0
"2776",3,3,0,0,0
"2777",36,3,0,0,0
"2778",12,0,0,0,0
"2779",3,3,0,0,0
"2780",6,6,0,0,0
"2781",15,12,12,0,0
"2782",6,3,0,0,0
"2783",33,6,0,0,0
"2784",12,0,3,0,0
"2785",36,3,0,0,0
"2786",39,0,0,0,0
"2787",12,0,3,0,0
"2788",21,6,12,0,0
"2789",0,0,3,0,0
"2790",27,9,3,0,0
"2791",30,9,0,0,0
"2792",6,3,3,0,0
"2793",15,6,3,0,0
"2794",6,3,6,0,0
"2795",12,24,3,0,0
"2796",3,0,0,0,0
"2797",27,9,3,0,0
"2798",9,0,3,0,0
"2799",12,3,3,0,0
"2800",12,9,3,0,0
"2801",6,3,3,0,0
"2802",6,12,6,0,0
"2803",9,0,3,0,0
"2804",0,0,3,0,0
"2805",24,6,6,0,0
"2806",3,3,0,0,0
"2807",18,9,0,0,0
"2808",6,0,0,0,0
"2809",3,0,3,0,0
"2810",36,3,0,0,0
"2811",18,9,3,0,0
"2812",9,6,0,0,0
"2813",21,12,6,0,0
"2814",9,0,3,0,0
"2815",0,0,3,0,0
"2816",15,0,0,0,0
"2817",0,3,0,0,0
"2818",12,18,9,0,0
"2819",6,0,0,0,0
"2820",3,0,0,0,0
"2821",18,18,3,0,0
"2822",6,0,3,0,0
"2823",33,6,0,0,0
"2824",9,3,9,0,0
"2825",9,3,3,0,0
"2826",12,9,3,0,0
"2827",0,0,3,0,0
"2828",27,3,0,0,0
"2829",24,9,6,0,0
"2830",0,0,3,0,0
"2831",15,3,3,0,0
"2832",3,3,0,0,0
"2833",36,0,3,0,0
"2834",6,0,6,0,0
"2835",3,0,3,0,0
"2836",3,3,0,0,0
"2837",12,3,3,0,0
"2838",21,3,0,0,0
"2839",3,3,0,0,0
"2840",18,3,0,0,0
"2841",24,6,3,0,0
"2842",9,9,0,0,0
"2843",24,6,0,0,0
"2844",21,0,3,0,0
"2845",6,0,3,3,0
"2846",21,6,3,0,0
"2847",3,3,0,0,0
"2848",33,3,3,0,0
"2849",6,0,3,0,0
"2850",0,0,3,0,0
"2851",30,6,3,0,0
"2852",3,6,3,0,0
"2853",12,0,3,0,0
"2854",3,3,0,0,0
"2855",9,0,0,0,0
"2856",6,9,24,0,0
"2857",12,27,0,0,0
"2858",9,0,3,0,0
"2859",33,6,0,0,0
"2860",27,12,0,0,0
"2861",3,3,0,0,0
"2862",3,3,0,0,0
"2863",30,9,0,0,0
"2864",30,3,0,0,0
"2865",6,0,3,0,0
"2866",6,0,3,0,0
"2867",0,0,3,0,0
"2868",3,3,6,0,0
"2869",33,0,6,0,0
"2870",15,24,0,0,0
"2871",21,6,0,0,0
"2872",3,3,0,0,0
"2873",27,0,3,0,0
"2874",36,0,3,0,0
"2875",9,0,3,0,0
"2876",12,0,0,0,0
"2877",21,15,3,0,0
"2878",30,6,3,0,0
"2879",27,6,6,0,0
"2880",9,27,3,0,0
"2881",30,3,6,0,0
"2882",3,6,0,0,0
"2883",0,6,0,0,0
"2884",24,12,3,0,0
"2885",9,3,0,0,0
"2886",15,3,0,3,0
"2887",36,3,0,0,0
"2888",36,3,0,0,0
"2889",18,12,3,0,0
"2890",21,0,3,0,0
"2891",39,0,0,0,0
"2892",39,0,0,0,0
"2893",18,0,3,0,0
"2894",3,3,0,0,0
"2895",30,6,3,0,0
"2896",6,18,12,3,0
"2897",9,0,3,0,0
"2898",15,21,3,0,0
"2899",0,0,3,0,0
"2900",0,0,3,0,0
"2901",27,12,0,0,0
"2902",27,9,3,0,0
"2903",6,6,0,0,0
"2904",18,15,3,0,0
"2905",18,6,0,0,0
"2906",36,0,3,0,0
"2907",24,15,0,0,0
"2908",24,6,0,0,0
"2909",27,6,3,0,0
"2910",36,3,0,0,0
"2911",3,0,3,0,0
"2912",24,12,3,0,0
"2913",33,3,3,0,0
"2914",24,3,0,0,0
"2915",12,3,3,0,0
"2916",21,3,6,0,0
"2917",12,0,0,0,0
"2918",33,0,3,0,0
"2919",6,6,3,0,0
"2920",0,0,3,0,0
"2921",39,0,0,0,0
"2922",3,0,3,0,0
"2923",33,6,0,0,0
"2924",21,12,3,0,0
"2925",0,3,0,0,0
"2926",0,0,3,0,0
"2927",27,9,3,0,0
"2928",27,3,3,0,0
"2929",3,0,0,0,0
"2930",30,6,3,0,0
"2931",12,21,3,3,0
"2932",33,6,0,0,0
"2933",9,6,0,0,0
"2934",36,3,0,0,0
"2935",3,0,0,0,0
"2936",30,9,0,0,0
"2937",9,6,0,0,0
"2938",15,12,9,3,0
"2939",24,15,0,0,0
"2940",21,3,6,0,0
"2941",21,15,3,0,0
"2942",18,18,3,0,0
"2943",3,0,6,0,0
"2944",3,3,0,0,0
"2945",9,6,0,0,0
"2946",9,9,0,0,0
"2947",12,0,3,0,0
"2948",3,0,0,0,0
"2949",3,0,3,0,0
"2950",21,3,6,0,0
"2951",6,6,0,0,0
"2952",3,0,0,0,0
"2953",39,0,0,0,0
"2954",9,0,3,0,0
"2955",18,15,6,0,0
"2956",3,0,0,0,0
"2957",15,0,0,0,0
"2958",0,0,3,0,0
"2959",3,0,0,0,0
"2960",0,0,3,0,0
"2961",33,3,3,0,0
"2962",3,3,0,0,0
"2963",9,0,3,0,0
"2964",0,0,3,0,0
"2965",15,0,0,0,0
"2966",30,9,0,0,0
"2967",30,6,0,0,0
"2968",18,9,0,0,0
"2969",27,9,3,0,0
"2970",9,0,3,0,0
"2971",12,27,0,0,0
"2972",0,3,0,0,0
"2973",3,3,0,0,0
"2974",30,9,0,0,0
"2975",15,3,3,0,0
"2976",6,0,0,0,0
"2977",30,9,0,0,0
"2978",9,3,6,0,0
"2979",9,3,3,0,0
"2980",3,3,0,0,0
"2981",0,0,3,0,0
"2982",9,0,3,0,0
"2983",36,0,3,0,0
"2984",0,0,3,0,0
"2985",18,6,3,0,0
"2986",15,3,0,0,0
"2987",21,3,0,0,0
"2988",12,0,0,0,0
"2989",9,27,3,0,0
"2990",9,6,3,0,0
"2991",18,12,3,0,0
"2992",3,0,3,0,0
"2993",36,3,0,0,0
"2994",0,0,3,0,0
"2995",9,0,0,0,0
"2996",0,0,3,0,0
"2997",6,9,0,0,0
"2998",15,24,0,0,0
"2999",18,9,3,3,0
"3000",18,15,6,0,0
"3001",3,0,3,0,0
"3002",6,9,0,0,0
"3003",21,6,0,0,0
"3004",9,24,3,3,0
"3005",15,6,3,0,0
"3006",0,0,3,0,0
"3007",9,0,3,0,0
"3008",9,24,3,3,0
"3009",21,0,3,0,0
"3010",3,0,6,0,0
"3011",6,3,0,0,0
"3012",3,0,3,0,0
"3013",3,3,0,0,0
"3014",0,0,3,0,0
"3015",9,3,3,0,0
"3016",0,3,0,0,0
"3017",12,0,3,0,0
"3018",21,15,3,0,0
"3019",9,15,3,0,0
"3020",3,3,0,0,0
"3021",3,3,0,0,0
"3022",0,0,3,0,0
"3023",6,0,3,0,0
"3024",15,6,3,0,0
"3025",3,3,0,0,0
"3026",30,3,6,0,0
"3027",33,3,3,0,0
"3028",6,6,9,0,0
"3029",9,6,3,0,0
"3030",27,6,6,0,0
"3031",6,0,0,0,0
"3032",21,3,6,0,0
"3033",12,9,9,0,0
"3034",36,0,0,0,0
"3035",0,0,3,0,0
"3036",9,24,6,0,0
"3037",24,15,0,0,0
"3038",15,24,0,0,0
"3039",30,9,0,0,0
"3040",3,0,3,0,0
"3041",15,21,3,0,0
"3042",24,9,0,0,0
"3043",6,0,3,0,0
"3044",18,21,0,0,0
"3045",27,9,3,0,0
"3046",12,6,3,0,0
"3047",21,18,0,0,0
"3048",9,0,6,0,0
"3049",30,9,0,0,0
"3050",12,0,6,0,0
"3051",33,6,0,0,0
"3052",3,3,0,0,0
"3053",9,3,3,0,0
"3054",3,0,3,0,0
"3055",3,0,0,0,0
"3056",12,3,0,0,0
"3057",15,3,0,0,0
"3058",6,21,12,0,0
"3059",9,3,3,0,0
"3060",30,3,3,0,0
"3061",9,3,3,0,0
"3062",3,3,0,0,0
"3063",36,3,0,0,0
"3064",15,18,3,0,0
"3065",21,3,0,0,0
"3066",9,0,0,0,0
"3067",15,6,0,0,0
"3068",12,6,3,0,0
"3069",33,0,3,0,0
"3070",24,9,6,0,0
"3071",12,0,0,0,0
"3072",24,0,3,0,0
"3073",12,3,0,0,0
"3074",24,0,0,0,0
"3075",21,12,0,0,0
"3076",6,3,0,0,0
"3077",9,0,3,0,0
"3078",15,3,0,0,0
"3079",33,3,3,0,0
"3080",15,3,0,0,0
"3081",15,9,6,0,0
"3082",30,6,3,0,0
"3083",12,0,0,0,0
"3084",9,12,0,0,0
"3085",12,3,0,0,0
"3086",3,3,0,0,0
"3087",15,9,0,0,0
"3088",3,9,6,0,0
"3089",9,27,3,0,0
"3090",6,30,3,0,0
"3091",36,3,0,0,0
"3092",27,12,0,0,0
"3093",39,0,0,0,0
"3094",12,12,0,0,0
"3095",30,6,3,0,0
"3096",3,3,0,0,0
"3097",30,9,0,0,0
"3098",3,0,0,0,0
"3099",3,0,0,0,0
"3100",0,0,3,0,0
"3101",30,6,3,0,0
"3102",30,6,0,3,0
"3103",6,0,6,0,0
"3104",21,15,3,0,0
"3105",9,3,0,0,0
"3106",18,15,3,3,0
"3107",3,3,0,0,0
"3108",18,21,0,0,0
"3109",3,0,0,0,0
"3110",18,15,6,0,0
"3111",3,6,0,0,0
"3112",24,6,0,3,0
"3113",33,6,0,0,0
"3114",24,6,3,0,0
"3115",3,0,3,0,0
"3116",9,0,3,0,0
"3117",18,18,0,3,0
"3118",24,12,3,0,0
"3119",21,12,3,0,0
"3120",24,15,0,0,0
"3121",3,3,0,0,0
"3122",9,0,0,0,0
"3123",21,3,0,0,0
"3124",12,0,0,0,0
"3125",33,3,3,0,0
"3126",21,6,0,0,0
"3127",9,0,3,0,0
"3128",21,15,3,0,0
"3129",24,6,9,0,0
"3130",3,3,6,0,0
"3131",0,6,3,0,0
"3132",0,0,3,0,0
"3133",15,21,3,0,0
"3134",6,6,3,0,0
"3135",24,12,3,0,0
"3136",6,6,0,0,0
"3137",9,27,3,0,0
"3138",6,6,3,0,0
"3139",0,3,0,0,0
"3140",3,3,0,0,0
"3141",33,3,3,0,0
"3142",18,12,0,0,0
"3143",36,0,3,0,0
"3144",12,0,0,0,0
"3145",3,3,0,0,0
"3146",0,0,3,0,0
"3147",24,12,0,3,0
"3148",15,6,0,0,0
"3149",30,6,0,3,0
"3150",9,0,3,0,0
"3151",9,6,3,3,0
"3152",15,21,3,0,0
"3153",0,0,3,0,0
"3154",33,6,0,0,0
"3155",18,18,3,0,0
"3156",18,18,3,0,0
"3157",9,0,0,0,0
"3158",3,3,3,0,0
"3159",12,21,3,3,0
"3160",3,3,0,0,0
"3161",24,9,0,0,0
"3162",18,3,3,0,0
"3163",3,0,3,0,0
"3164",9,6,0,0,0
"3165",9,0,3,0,0
"3166",6,15,15,3,0
"3167",18,6,0,0,0
"3168",3,3,0,0,0
"3169",9,3,3,0,0
"3170",18,12,3,0,0
"3171",6,12,0,0,0
"3172",3,3,3,0,0
"3173",36,3,0,0,0
"3174",33,3,0,0,0
"3175",3,3,0,0,0
"3176",27,9,3,0,0
"3177",6,0,0,0,0
"3178",6,3,0,0,0
"3179",21,12,3,0,0
"3180",36,0,3,0,0
"3181",6,3,0,0,0
"3182",0,3,0,0,0
"3183",3,6,3,3,0
"3184",15,6,3,0,0
"3185",27,3,0,0,0
"3186",18,18,3,0,0
"3187",12,0,3,0,0
"3188",30,6,3,0,0
"3189",18,18,3,0,0
"3190",0,0,3,0,0
"3191",27,9,3,0,0
"3192",12,0,0,0,0
"3193",15,3,0,0,0
"3194",15,6,0,0,0
"3195",30,9,0,0,0
"3196",39,0,0,0,0
"3197",6,0,0,0,0
"3198",30,3,3,0,0
"3199",9,27,3,0,0
"3200",0,6,3,0,0
"3201",21,15,3,0,0
"3202",9,0,3,0,0
"3203",36,3,0,0,0
"3204",12,15,0,0,0
"3205",9,0,3,0,0
"3206",9,21,9,0,0
"3207",30,6,3,0,0
"3208",30,6,3,0,0
"3209",3,0,3,0,0
"3210",27,12,0,0,0
"3211",39,0,0,0,0
"3212",12,0,0,0,0
"3213",6,12,3,0,0
"3214",18,9,0,0,0
"3215",3,3,0,0,0
"3216",21,3,3,0,0
"3217",33,3,3,0,0
"3218",18,15,6,0,0
"3219",24,12,3,0,0
"3220",18,15,6,0,0
"3221",18,18,3,0,0
"3222",12,0,6,0,0
"3223",0,0,3,0,0
"3224",0,0,3,0,0
"3225",0,0,3,0,0
"3226",27,3,0,0,0
"3227",12,3,0,0,0
"3228",0,0,3,0,0
"3229",3,30,6,0,0
"3230",3,3,0,0,0
"3231",9,0,0,0,0
"3232",15,9,0,0,0
"3233",3,6,0,0,0
"3234",33,0,6,0,0
"3235",3,0,0,0,0
"3236",12,24,3,0,0
"3237",18,3,0,0,0
"3238",12,3,3,0,0
"3239",3,3,3,0,0
"3240",15,18,6,0,0
"3241",0,0,3,0,0
"3242",6,6,0,0,0
"3243",12,0,0,0,0
"3244",0,3,0,0,0
"3245",3,0,3,0,0
"3246",24,12,3,0,0
"3247",3,3,0,0,0
"3248",21,15,3,0,0
"3249",21,12,3,3,0
"3250",9,9,0,0,0
"3251",3,3,0,0,0
"3252",3,3,0,0,0
"3253",0,0,3,0,0
"3254",3,6,3,0,0
"3255",18,3,3,0,0
"3256",36,0,3,0,0
"3257",18,12,9,0,0
"3258",15,3,0,0,0
"3259",24,12,3,0,0
"3260",6,0,0,0,0
"3261",27,3,9,0,0
"3262",18,18,0,3,0
"3263",6,9,0,0,0
"3264",39,0,0,0,0
"3265",15,0,3,0,0
"3266",33,3,3,0,0
"3267",24,3,6,0,0
"3268",9,0,3,0,0
"3269",33,3,3,0,0
"3270",24,15,0,0,0
"3271",9,27,3,0,0
"3272",33,6,0,0,0
"3273",0,3,0,0,0
"3274",0,0,3,0,0
"3275",30,6,0,3,0
"3276",27,9,3,0,0
"3277",0,0,3,0,0
"3278",36,3,0,0,0
"3279",30,9,0,0,0
"3280",0,0,3,0,0
"3281",0,0,3,0,0
"3282",3,6,0,0,0
"3283",6,3,0,0,0
"3284",27,9,0,0,0
"3285",18,18,3,0,0
"3286",3,0,0,0,0
"3287",21,9,9,0,0
"3288",3,6,0,0,0
"3289",30,9,0,0,0
"3290",0,3,0,0,0
"3291",21,12,6,0,0
"3292",15,3,0,0,0
"3293",27,12,0,0,0
"3294",33,6,0,0,0
"3295",30,9,0,0,0
"3296",36,0,3,0,0
"3297",30,3,6,0,0
"3298",30,6,3,0,0
"3299",3,3,0,0,0
"3300",15,9,3,6,0
"3301",18,18,3,0,0
"3302",12,3,3,0,0
"3303",24,12,3,0,0
"3304",30,3,0,0,0
"3305",6,3,0,0,0
"3306",9,0,0,0,0
"3307",0,0,3,0,0
"3308",0,0,3,0,0
"3309",3,6,0,0,0
"3310",3,0,0,0,0
"3311",18,18,3,0,0
"3312",6,0,0,0,0
"3313",0,3,0,0,0
"3314",18,15,6,0,0
"3315",12,9,0,0,0
"3316",0,0,3,0,0
"3317",30,9,0,0,0
"3318",12,9,6,0,0
"3319",0,0,3,0,0
"3320",6,3,3,0,0
"3321",33,3,3,0,0
"3322",6,0,3,0,0
"3323",21,18,0,0,0
"3324",24,15,0,0,0
"3325",24,3,0,0,0
"3326",6,3,0,0,0
"3327",30,6,3,0,0
"3328",30,6,3,0,0
"3329",21,3,3,0,0
"3330",3,3,0,0,0
"3331",9,0,3,0,0
"3332",33,3,3,0,0
"3333",0,0,3,0,0
"3334",30,6,3,0,0
"3335",6,6,0,0,0
"3336",0,0,3,0,0
"3337",12,0,0,0,0
"3338",9,0,3,0,0
"3339",15,12,0,0,0
"3340",9,27,3,0,0
"3341",9,3,0,0,0
"3342",12,27,0,0,0
"3343",3,0,6,0,0
"3344",33,6,0,0,0
"3345",3,0,0,0,0
"3346",33,3,3,0,0
"3347",18,18,3,0,0
"3348",12,3,0,0,0
"3349",3,36,0,0,0
"3350",21,12,6,0,0
"3351",3,6,3,0,0
"3352",12,3,3,0,0
"3353",24,12,3,0,0
"3354",18,6,0,0,0
"3355",33,6,0,0,0
"3356",21,3,6,0,0
"3357",9,0,3,0,0
"3358",3,3,0,0,0
"3359",36,3,0,0,0
"3360",18,3,0,0,0
"3361",0,3,0,0,0
"3362",6,0,0,0,0
"3363",3,0,3,0,0
"3364",15,6,0,0,0
"3365",6,3,3,0,0
"3366",21,15,3,0,0
"3367",21,15,3,0,0
"3368",27,6,6,0,0
"3369",6,0,0,0,0
"3370",27,0,3,0,0
"3371",3,3,0,0,0
"3372",36,3,0,0,0
"3373",30,6,3,0,0
"3374",33,3,3,0,0
"3375",3,3,3,0,0
"3376",3,3,3,0,0
"3377",12,9,3,0,0
"3378",6,27,3,3,0
"3379",15,3,0,0,0
"3380",3,3,0,0,0
"3381",27,9,3,0,0
"3382",36,3,0,0,0
"3383",15,12,9,3,0
"3384",24,9,3,3,0
"3385",24,12,3,0,0
"3386",12,6,3,0,0
"3387",27,12,0,0,0
"3388",3,21,15,0,0
"3389",30,6,3,0,0
"3390",0,9,0,0,0
"3391",6,0,0,0,0
"3392",3,27,9,0,0
"3393",6,3,3,0,0
"3394",36,0,3,0,0
"3395",6,6,3,0,0
"3396",0,3,3,0,0
"3397",24,3,3,0,0
"3398",3,3,0,0,0
"3399",33,3,3,0,0
"3400",24,12,3,0,0
"3401",9,0,0,0,0
"3402",0,6,0,0,0
"3403",6,6,0,0,0
"3404",3,6,6,0,0
"3405",9,0,3,0,0
"3406",12,27,0,0,0
"3407",18,6,0,0,0
"3408",9,0,0,0,0
"3409",36,0,3,0,0
"3410",6,0,3,0,0
"3411",6,3,0,0,0
"3412",6,6,0,0,0
"3413",3,0,0,0,0
"3414",12,0,3,0,0
"3415",15,6,0,3,0
"3416",3,3,0,0,0
"3417",27,6,3,3,0
"3418",0,0,3,0,0
"3419",33,6,0,0,0
"3420",21,18,0,0,0
"3421",0,0,3,0,0
"3422",15,12,12,0,0
"3423",0,0,3,0,0
"3424",21,15,3,0,0
"3425",18,3,3,0,0
"3426",24,12,3,0,0
"3427",0,0,3,0,0
"3428",27,9,3,0,0
"3429",9,3,0,3,0
"3430",9,24,6,0,0
"3431",12,15,12,0,0
"3432",36,3,0,0,0
"3433",30,9,0,0,0
"3434",9,0,0,0,0
"3435",15,6,0,0,0
"3436",33,3,3,0,0
"3437",0,0,3,0,0
"3438",0,0,3,0,0
"3439",27,9,3,0,0
"3440",6,27,6,0,0
"3441",0,0,3,0,0
"3442",3,0,0,0,0
"3443",6,9,0,0,0
"3444",33,3,3,0,0
"3445",27,9,3,0,0
"3446",12,12,3,3,0
"3447",6,9,0,0,0
"3448",9,0,3,0,0
"3449",18,18,3,0,0
"3450",0,0,3,0,0
"3451",0,0,3,0,0
"3452",27,9,3,0,0
"3453",6,0,3,0,0
"3454",6,0,3,0,0
"3455",0,0,3,0,0
"3456",33,3,3,0,0
"3457",33,3,3,0,0
"3458",3,3,0,0,0
"3459",12,15,3,0,0
"3460",9,21,9,0,0
"3461",9,0,3,0,0
"3462",3,3,0,0,0
"3463",9,0,3,0,0
"3464",33,6,0,0,0
"3465",18,3,0,0,0
"3466",6,0,6,0,0
"3467",6,21,9,3,0
"3468",24,15,0,0,0
"3469",3,0,0,0,0
"3470",6,0,3,0,0
"3471",18,0,6,0,0
"3472",36,0,3,0,0
"3473",6,33,0,0,0
"3474",3,0,3,0,0
"3475",0,0,3,0,0
"3476",36,3,0,0,0
"3477",18,21,0,0,0
"3478",24,12,3,0,0
"3479",24,6,3,0,0
"3480",39,0,0,0,0
"3481",21,6,3,0,0
"3482",33,3,3,0,0
"3483",9,15,0,3,0
"3484",33,6,0,0,0
"3485",18,6,0,0,0
"3486",33,6,0,0,0
"3487",6,0,6,0,0
"3488",6,0,3,0,0
"3489",6,0,0,0,0
"3490",24,12,3,0,0
"3491",30,9,0,0,0
"3492",24,9,6,0,0
"3493",0,0,3,0,0
"3494",3,3,0,0,0
"3495",27,9,3,0,0
"3496",9,30,0,0,0
"3497",12,0,0,0,0
"3498",6,0,0,0,0
"3499",36,3,0,0,0
"3500",3,6,3,0,0
"3501",3,3,0,0,0
"3502",30,6,3,0,0
"3503",3,0,6,0,0
"3504",6,0,0,0,0
"3505",30,3,0,0,0
"3506",36,0,3,0,0
"3507",36,0,3,0,0
"3508",15,15,3,0,0
"3509",33,6,0,0,0
"3510",0,3,0,0,0
"3511",9,0,3,0,0
"3512",15,6,0,0,0
"3513",15,3,6,0,0
"3514",24,6,6,0,0
"3515",0,3,0,0,0
"3516",24,0,6,0,0
"3517",3,3,0,0,0
"3518",15,3,0,0,0
"3519",15,15,9,0,0
"3520",30,6,3,0,0
"3521",9,27,3,0,0
"3522",6,0,0,0,0
"3523",30,9,0,0,0
"3524",3,3,0,0,0
"3525",3,6,0,0,0
"3526",33,6,0,0,0
"3527",3,0,3,0,0
"3528",12,0,0,0,0
"3529",3,3,0,0,0
"3530",18,12,6,3,0
"3531",21,12,6,0,0
"3532",3,0,3,0,0
"3533",12,0,0,0,0
"3534",15,18,6,0,0
"3535",21,3,3,0,0
"3536",30,6,3,0,0
"3537",30,3,6,0,0
"3538",3,6,3,0,0
"3539",3,3,0,0,0
"3540",0,0,3,0,0
"3541",0,0,3,0,0
"3542",3,0,3,0,0
"3543",33,6,0,0,0
"3544",33,6,0,0,0
"3545",27,9,3,0,0
"3546",36,3,0,0,0
"3547",3,0,6,0,0
"3548",3,0,0,0,0
"3549",18,6,0,0,0
"3550",6,3,0,0,0
"3551",24,6,3,0,0
"3552",12,0,0,0,0
"3553",36,0,3,0,0
"3554",3,0,0,0,0
"3555",30,6,3,0,0
"3556",33,6,0,0,0
"3557",39,0,0,0,0
"3558",3,0,6,0,0
"3559",15,6,6,0,0
"3560",27,6,6,0,0
"3561",24,15,0,0,0
"3562",12,21,6,0,0
"3563",3,3,0,0,0
"3564",9,3,3,0,0
"3565",30,6,3,0,0
"3566",33,6,0,0,0
"3567",6,21,9,3,0
"3568",0,0,3,0,0
"3569",12,6,3,0,0
"3570",27,12,0,0,0
"3571",0,3,0,0,0
"3572",6,3,0,0,0
"3573",6,3,0,0,0
"3574",3,6,3,0,0
"3575",3,0,0,0,0
"3576",3,3,0,0,0
"3577",18,12,6,0,0
"3578",0,0,3,0,0
"3579",6,0,0,0,0
"3580",21,9,6,3,0
"3581",3,0,0,0,0
"3582",0,0,3,0,0
"3583",24,9,6,0,0
"3584",6,0,3,0,0
"3585",3,6,0,0,0
"3586",6,0,0,0,0
"3587",15,3,3,0,0
"3588",3,3,0,0,0
"3589",3,3,0,0,0
"3590",3,9,3,0,0
"3591",12,21,3,3,0
"3592",0,0,3,0,0
"3593",30,9,0,0,0
"3594",27,9,3,0,0
"3595",15,3,0,0,0
"3596",9,6,0,0,0
"3597",0,0,3,0,0
"3598",21,15,3,0,0
"3599",3,3,0,0,0
"3600",6,0,3,0,0
"3601",12,0,0,0,0
"3602",21,15,3,0,0
"3603",0,0,3,0,0
"3604",15,21,0,3,0
"3605",18,9,9,3,0
"3606",6,27,6,0,0
"3607",36,3,0,0,0
"3608",18,21,0,0,0
"3609",21,12,6,0,0
"3610",30,9,0,0,0
"3611",18,0,3,0,0
"3612",33,6,0,0,0
"3613",12,24,3,0,0
"3614",15,3,3,0,0
"3615",12,0,0,0,0
"3616",0,0,3,0,0
"3617",33,3,3,0,0
"3618",3,3,0,0,0
"3619",30,9,0,0,0
"3620",3,0,3,0,0
"3621",6,0,3,0,0
"3622",3,6,0,0,0
"3623",30,6,3,0,0
"3624",33,6,0,0,0
"3625",24,3,0,0,0
"3626",6,3,3,0,0
"3627",0,3,0,0,0
"3628",3,0,3,0,0
"3629",6,0,0,0,0
"3630",0,3,0,0,0
"3631",12,9,3,0,0
"3632",6,0,3,0,0
"3633",0,0,3,0,0
"3634",15,0,0,0,0
"3635",30,6,0,3,0
"3636",9,6,0,0,0
"3637",15,3,6,0,0
"3638",6,3,0,0,0
"3639",33,6,0,0,0
"3640",6,3,0,0,0
"3641",24,15,0,0,0
"3642",15,3,0,0,0
"3643",9,0,3,0,0
"3644",27,6,6,0,0
"3645",27,9,3,0,0
"3646",0,0,3,0,0
"3647",30,9,0,0,0
"3648",0,0,3,0,0
"3649",3,3,0,0,0
"3650",3,0,0,0,0
"3651",3,18,18,0,0
"3652",0,0,3,0,0
"3653",33,6,0,0,0
"3654",9,0,3,0,0
"3655",6,3,3,0,0
"3656",6,6,0,0,0
"3657",3,0,0,0,0
"3658",3,3,0,0,0
"3659",9,6,3,0,0
"3660",9,0,3,0,0
"3661",3,3,3,0,0
"3662",3,3,0,0,0
"3663",0,0,3,0,0
"3664",27,6,6,0,0
"3665",3,0,0,0,0
"3666",0,0,3,0,0
"3667",0,0,3,0,0
"3668",27,6,6,0,0
"3669",0,0,3,0,0
"3670",9,0,6,0,0
"3671",3,0,3,0,0
"3672",0,0,3,0,0
"3673",9,0,3,0,0
"3674",21,0,3,0,0
"3675",36,3,0,0,0
"3676",9,0,3,0,0
"3677",6,30,3,0,0
"3678",3,0,3,0,0
"3679",30,6,3,0,0
"3680",0,3,0,0,0
"3681",6,33,0,0,0
"3682",27,6,0,3,0
"3683",12,21,6,0,0
"3684",24,6,3,0,0
"3685",21,15,3,0,0
"3686",9,3,3,3,0
"3687",6,0,3,0,0
"3688",33,6,0,0,0
"3689",18,9,9,3,0
"3690",18,9,0,0,0
"3691",24,15,0,0,0
"3692",3,6,0,3,0
"3693",21,12,6,0,0
"3694",0,0,3,0,0
"3695",15,9,0,0,0
"3696",3,0,3,0,0
"3697",6,9,0,0,0
"3698",12,0,6,0,0
"3699",3,0,0,0,0
"3700",24,15,0,0,0
"3701",24,12,3,0,0
"3702",12,3,3,0,0
"3703",30,9,0,0,0
"3704",15,21,3,0,0
"3705",6,0,3,0,0
"3706",21,15,3,0,0
"3707",18,0,3,0,0
"3708",15,6,3,0,0
"3709",0,0,3,0,0
"3710",33,3,3,0,0
"3711",27,9,3,0,0
"3712",30,6,3,0,0
"3713",12,6,3,0,0
"3714",3,0,3,0,0
"3715",30,9,0,0,0
"3716",9,0,3,0,0
"3717",6,0,0,0,0
"3718",24,0,6,0,0
"3719",6,3,0,0,0
"3720",0,6,0,0,0
"3721",3,0,6,0,0
"3722",3,0,0,0,0
"3723",18,21,0,0,0
"3724",12,24,3,0,0
"3725",33,3,3,0,0
"3726",12,9,0,0,0
"3727",0,3,0,0,0
"3728",24,12,3,0,0
"3729",0,0,3,0,0
"3730",33,3,3,0,0
"3731",0,0,3,0,0
"3732",0,0,3,0,0
"3733",30,6,0,0,0
"3734",36,3,0,0,0
"3735",12,3,0,0,0
"3736",18,0,0,0,0
"3737",27,3,6,0,0
"3738",3,3,0,0,0
"3739",3,3,0,0,0
"3740",30,9,0,0,0
"3741",24,3,0,0,0
"3742",33,6,0,0,0
"3743",24,12,3,0,0
"3744",21,9,9,0,0
"3745",21,9,0,0,0
"3746",3,0,3,0,0
"3747",15,18,6,0,0
"3748",18,18,3,0,0
"3749",3,3,0,0,0
"3750",18,15,3,3,0
"3751",6,3,0,0,0
"3752",36,3,0,0,0
"3753",30,6,3,0,0
"3754",18,3,0,0,0
"3755",6,6,0,0,0
"3756",12,27,0,0,0
"3757",15,12,9,0,0
"3758",9,6,3,0,0
"3759",21,9,9,0,0
"3760",27,9,3,0,0
"3761",9,0,3,0,0
"3762",0,0,3,0,0
"3763",6,0,3,0,0
"3764",24,15,0,0,0
"3765",30,9,0,0,0
"3766",6,21,12,0,0
"3767",3,0,0,0,0
"3768",27,9,3,0,0
"3769",30,3,6,0,0
"3770",24,12,3,0,0
"3771",15,3,3,0,0
"3772",36,3,0,0,0
"3773",3,3,0,0,0
"3774",21,0,6,0,0
"3775",9,6,6,0,0
"3776",3,0,0,0,0
"3777",9,3,3,0,0
"3778",27,9,3,0,0
"3779",0,3,0,0,0
"3780",6,3,3,0,0
"3781",15,21,3,0,0
"3782",3,3,0,0,0
"3783",24,6,9,0,0
"3784",24,3,3,0,0
"3785",12,0,0,0,0
"3786",6,27,6,0,0
"3787",33,0,3,0,0
"3788",3,0,6,0,0
"3789",15,15,9,0,0
"3790",33,6,0,0,0
"3791",3,6,0,0,0
"3792",30,6,3,0,0
"3793",3,0,3,0,0
"3794",0,6,3,0,0
"3795",30,9,0,0,0
"3796",0,3,0,0,0
"3797",6,0,3,0,0
"3798",30,3,6,0,0
"3799",9,0,0,0,0
"3800",27,6,6,0,0
"3801",0,0,3,0,0
"3802",30,3,6,0,0
"3803",6,0,0,0,0
"3804",18,18,3,0,0
"3805",15,6,6,0,0
"3806",0,0,3,0,0
"3807",9,0,3,0,0
"3808",3,3,0,0,0
"3809",33,0,6,0,0
"3810",3,0,3,0,0
"3811",12,0,0,0,0
"3812",21,0,3,0,0
"3813",24,9,6,0,0
"3814",3,0,6,0,0
"3815",12,3,6,0,0
"3816",18,21,0,0,0
"3817",0,0,3,0,0
"3818",12,24,3,0,0
"3819",24,12,3,0,0
"3820",3,3,6,0,0
"3821",3,3,0,0,0
"3822",33,3,3,0,0
"3823",18,12,6,3,0
"3824",27,6,6,0,0
"3825",6,6,9,0,0
"3826",6,9,0,0,0
"3827",12,0,3,0,0
"3828",9,6,3,0,0
"3829",0,0,3,0,0
"3830",9,0,3,0,0
"3831",21,15,3,0,0
"3832",3,3,0,0,0
"3833",36,0,3,0,0
"3834",30,9,0,0,0
"3835",9,9,0,0,0
"3836",6,30,3,0,0
"3837",6,9,0,0,0
"3838",3,0,3,0,0
"3839",0,3,0,0,0
"3840",18,15,6,0,0
"3841",33,3,3,0,0
"3842",18,18,3,0,0
"3843",24,0,3,0,0
"3844",24,0,0,0,0
"3845",9,9,0,0,0
"3846",24,12,3,0,0
"3847",18,18,3,0,0
"3848",9,27,3,0,0
"3849",21,9,6,3,0
"3850",3,3,0,0,0
"3851",33,3,3,0,0
"3852",0,3,3,0,0
"3853",6,0,0,0,0
"3854",6,0,3,0,0
"3855",3,0,6,0,0
"3856",0,0,3,0,0
"3857",0,0,3,0,0
"3858",18,15,6,0,0
"3859",3,3,0,0,0
"3860",0,0,3,0,0
"3861",27,6,3,3,0
"3862",0,9,0,0,0
"3863",33,0,3,0,0
"3864",36,3,0,0,0
"3865",3,0,0,0,0
"3866",0,3,0,0,0
"3867",12,6,3,0,0
"3868",6,0,3,0,0
"3869",9,27,0,3,0
"3870",18,9,9,3,0
"3871",24,9,6,0,0
"3872",3,0,3,0,0
"3873",9,0,3,0,0
"3874",3,3,0,0,0
"3875",9,27,3,0,0
"3876",0,0,3,0,0
"3877",24,9,6,0,0
"3878",3,3,0,0,0
"3879",30,6,0,0,0
"3880",3,0,6,0,0
"3881",12,12,3,0,0
"3882",3,0,0,0,0
"3883",24,12,3,0,0
"3884",12,0,3,0,0
"3885",3,3,0,0,0
"3886",6,6,0,0,0
"3887",27,12,0,0,0
"3888",12,6,0,0,0
"3889",6,3,0,0,0
"3890",3,9,0,0,0
"3891",9,6,0,0,0
"3892",9,18,0,0,0
"3893",3,6,0,0,0
"3894",24,15,0,0,0
"3895",39,0,0,0,0
"3896",0,0,3,0,0
"3897",30,9,0,0,0
"3898",27,6,3,0,0
"3899",3,3,0,0,0
"3900",6,0,0,0,0
"3901",30,6,3,0,0
"3902",21,15,0,3,0
"3903",3,0,6,0,0
"3904",0,3,0,0,0
"3905",3,0,3,0,0
"3906",0,0,3,0,0
"3907",6,0,3,0,0
"3908",33,3,3,0,0
"3909",24,12,3,0,0
"3910",0,0,3,0,0
"3911",30,6,3,0,0
"3912",33,3,3,0,0
"3913",9,0,3,0,0
"3914",3,3,0,0,0
"3915",24,15,0,0,0
"3916",9,3,3,0,0
"3917",0,3,3,0,0
"3918",30,9,0,0,0
"3919",3,0,3,0,0
"3920",3,0,0,0,0
"3921",30,6,0,3,0
"3922",18,0,3,0,0
"3923",36,3,0,0,0
"3924",33,3,3,0,0
"3925",33,3,3,0,0
"3926",24,15,0,0,0
"3927",30,6,3,0,0
"3928",15,18,6,0,0
"3929",3,3,0,0,0
"3930",30,6,3,0,0
"3931",0,0,3,0,0
"3932",15,12,3,0,0
"3933",3,3,0,0,0
"3934",30,6,3,0,0
"3935",18,15,6,0,0
"3936",3,0,0,0,0
"3937",12,21,6,0,0
"3938",6,3,3,0,0
"3939",3,3,0,0,0
"3940",3,3,0,0,0
"3941",39,0,0,0,0
"3942",3,3,0,0,0
"3943",36,3,0,0,0
"3944",24,0,0,0,0
"3945",24,15,0,0,0
"3946",33,3,3,0,0
"3947",9,6,0,0,0
"3948",6,30,3,0,0
"3949",3,0,0,0,0
"3950",12,12,12,3,0
"3951",30,6,3,0,0
"3952",27,9,3,0,0
"3953",24,12,3,0,0
"3954",36,0,3,0,0
"3955",33,3,3,0,0
"3956",18,21,0,0,0
"3957",39,0,0,0,0
"3958",12,21,3,3,0
"3959",6,30,3,0,0
"3960",24,12,3,0,0
"3961",3,3,0,0,0
"3962",0,0,3,0,0
"3963",6,3,0,0,0
"3964",27,9,3,0,0
"3965",3,6,3,0,0
"3966",9,15,15,0,0
"3967",27,12,0,0,0
"3968",9,3,3,0,0
"3969",12,3,0,0,0
"3970",0,0,3,0,0
"3971",6,6,0,0,0
"3972",12,0,3,0,0
"3973",9,24,6,0,0
"3974",36,3,0,0,0
"3975",33,0,6,0,0
"3976",6,6,3,0,0
"3977",15,0,3,0,0
"3978",33,6,0,0,0
"3979",24,12,3,0,0
"3980",27,3,9,0,0
"3981",3,0,3,0,0
"3982",6,0,0,0,0
"3983",27,12,0,0,0
"3984",27,3,0,0,0
"3985",30,6,0,3,0
"3986",0,0,3,0,0
"3987",0,0,3,0,0
"3988",3,0,6,0,0
"3989",3,3,3,0,0
"3990",24,3,0,0,0
"3991",3,0,3,0,0
"3992",9,3,0,0,0
"3993",18,3,3,0,0
"3994",36,3,0,0,0
"3995",6,27,6,0,0
"3996",27,3,0,0,0
"3997",30,9,0,0,0
"3998",0,3,0,0,0
"3999",9,0,0,0,0
"4000",6,12,0,0,0
"4001",3,3,0,0,0
"4002",21,15,3,0,0
"4003",12,24,3,0,0
"4004",27,9,3,0,0
"4005",9,0,0,0,0
"4006",3,0,0,0,0
"4007",36,0,3,0,0
"4008",18,3,3,0,0
"4009",18,12,3,0,0
"4010",3,0,0,0,0
"4011",6,0,3,0,0
"4012",3,0,3,0,0
"4013",18,9,0,0,0
"4014",3,0,0,0,0
"4015",36,0,3,0,0
"4016",0,3,0,0,0
"4017",3,0,3,0,0
"4018",15,3,0,0,0
"4019",24,9,3,3,0
"4020",3,3,0,0,0
"4021",36,3,0,0,0
"4022",3,0,0,0,0
"4023",18,15,3,0,0
"4024",27,12,0,0,0
"4025",36,0,3,0,0
"4026",9,0,3,0,0
"4027",6,6,0,0,0
"4028",9,15,0,0,0
"4029",30,6,3,0,0
"4030",12,21,6,0,0
"4031",3,0,3,0,0
"4032",30,6,0,0,0
"4033",21,18,0,0,0
"4034",12,0,0,0,0
"4035",3,3,0,0,0
"4036",3,3,0,0,0
"4037",15,3,0,0,0
"4038",3,3,0,0,0
"4039",6,27,6,0,0
"4040",9,0,3,0,0
"4041",24,12,3,0,0
"4042",3,3,0,0,0
"4043",33,0,3,0,0
"4044",15,0,0,0,0
"4045",3,3,0,0,0
"4046",12,21,0,0,0
"4047",21,3,3,0,0
"4048",30,6,3,0,0
"4049",27,9,3,0,0
"4050",36,0,3,0,0
"4051",9,6,24,0,0
"4052",15,6,0,0,0
"4053",3,0,3,0,0
"4054",33,6,0,0,0
"4055",6,27,6,0,0
"4056",21,0,6,0,0
"4057",9,0,3,0,0
"4058",12,21,3,3,0
"4059",0,0,3,0,0
"4060",0,0,3,0,0
"4061",33,3,3,0,0
"4062",15,21,3,0,0
"4063",18,12,9,0,0
"4064",3,3,0,0,0
"4065",6,0,3,0,0
"4066",21,0,3,0,0
"4067",3,3,0,0,0
"4068",21,3,3,3,0
"4069",21,9,3,0,0
"4070",0,0,3,0,0
"4071",18,21,0,0,0
"4072",27,6,6,0,0
"4073",12,27,0,0,0
"4074",33,6,0,0,0
"4075",24,0,3,0,0
"4076",9,0,3,0,0
"4077",3,0,0,0,0
"4078",3,3,0,0,0
"4079",36,0,3,0,0
"4080",3,0,6,0,0
"4081",0,0,3,0,0
"4082",3,3,0,0,0
"4083",3,0,0,0,0
"4084",36,3,0,0,0
"4085",12,6,3,0,0
"4086",33,6,0,0,0
"4087",15,6,0,0,0
"4088",24,12,3,0,0
"4089",3,15,0,0,0
"4090",21,6,3,0,0
"4091",30,0,6,3,0
"4092",3,6,0,0,0
"4093",30,9,0,0,0
"4094",9,27,3,0,0
"4095",12,27,0,0,0
"4096",3,0,3,0,0
"4097",27,6,6,0,0
"4098",15,0,6,0,0
"4099",36,3,0,0,0
"4100",30,6,3,0,0
"4101",3,0,6,0,0
"4102",27,3,0,0,0
"4103",15,3,0,0,0
"4104",15,3,3,0,0
"4105",0,3,0,0,0
"4106",18,3,3,0,0
"4107",15,6,0,0,0
"4108",3,0,0,0,0
"4109",12,9,0,0,0
"4110",30,3,0,0,0
"4111",12,6,3,0,0
"4112",3,3,0,0,0
"4113",12,0,0,0,0
"4114",3,0,0,0,0
"4115",27,9,3,0,0
"4116",0,3,0,0,0
"4117",9,0,3,0,0
"4118",18,3,3,0,0
"4119",3,0,0,0,0
"4120",9,0,6,0,0
"4121",9,6,0,0,0
"4122",12,21,6,0,0
"4123",3,30,6,0,0
"4124",12,3,3,0,0
"4125",0,3,0,0,0
"4126",24,0,0,0,0
"4127",3,3,0,0,0
"4128",30,6,0,0,0
"4129",9,12,3,0,0
"4130",12,0,3,0,0
"4131",21,15,3,0,0
"4132",33,3,0,0,0
"4133",9,0,0,0,0
"4134",36,3,0,0,0
"4135",9,6,0,0,0
"4136",33,0,6,0,0
"4137",18,15,6,0,0
"4138",12,0,0,0,0
"4139",24,15,0,0,0
"4140",3,0,0,0,0
"4141",3,3,0,0,0
"4142",6,0,3,0,0
"4143",33,6,0,0,0
"4144",36,3,0,0,0
"4145",3,3,0,0,0
"4146",24,12,3,0,0
"4147",30,6,3,0,0
"4148",0,0,3,0,0
"4149",30,6,0,0,0
"4150",9,0,3,0,0
"4151",3,3,0,0,0
"4152",30,9,0,0,0
"4153",3,0,0,0,0
"4154",6,9,3,0,0
"4155",24,12,3,0,0
"4156",3,3,0,0,0
"4157",6,0,3,0,0
"4158",0,0,3,0,0
"4159",3,3,0,0,0
"4160",3,6,0,0,0
"4161",21,0,0,0,0
"4162",27,12,0,0,0
"4163",12,0,0,0,0
"4164",9,0,3,0,0
"4165",3,3,0,0,0
"4166",27,3,0,0,0
"4167",24,12,3,0,0
"4168",0,3,0,0,0
"4169",27,12,0,0,0
"4170",0,0,3,0,0
"4171",27,12,0,0,0
"4172",0,0,3,0,0
"4173",36,0,3,0,0
"4174",6,3,0,0,0
"4175",15,0,6,0,0
"4176",30,6,3,0,0
"4177",0,36,3,0,0
"4178",33,3,3,0,0
"4179",15,9,3,0,0
"4180",30,3,6,0,0
"4181",18,21,0,0,0
"4182",0,0,3,0,0
"4183",6,24,3,6,0
"4184",6,27,3,3,0
"4185",36,3,0,0,0
"4186",9,0,0,0,0
"4187",21,15,3,0,0
"4188",6,18,9,6,0
"4189",33,0,3,0,0
"4190",33,3,0,0,0
"4191",27,9,3,0,0
"4192",15,12,0,0,0
"4193",21,9,9,0,0
"4194",33,6,0,0,0
"4195",24,9,3,3,0
"4196",36,3,0,0,0
"4197",0,0,3,0,0
"4198",6,3,0,0,0
"4199",0,0,3,0,0
"4200",24,3,12,0,0
"4201",3,3,0,0,0
"4202",24,3,3,0,0
"4203",33,6,0,0,0
"4204",3,12,3,0,0
"4205",0,0,3,0,0
"4206",3,3,0,0,0
"4207",21,9,0,0,0
"4208",3,0,0,0,0
"4209",3,30,6,0,0
"4210",27,9,3,0,0
"4211",3,0,0,0,0
"4212",30,9,0,0,0
"4213",39,0,0,0,0
"4214",33,3,0,3,0
"4215",3,6,0,0,0
"4216",6,0,3,0,0
"4217",21,0,6,0,0
"4218",0,0,3,0,0
"4219",39,0,0,0,0
"4220",9,27,3,0,0
"4221",33,3,0,3,0
"4222",0,0,3,0,0
"4223",27,3,0,0,0
"4224",18,15,3,0,0
"4225",6,6,0,0,0
"4226",6,3,3,0,0
"4227",6,0,3,0,0
"4228",12,0,0,0,0
"4229",24,9,0,0,0
"4230",6,24,9,0,0
"4231",12,6,0,0,0
"4232",6,3,0,0,0
"4233",24,0,3,0,0
"4234",6,30,3,0,0
"4235",15,21,0,3,0
"4236",0,0,3,0,0
"4237",12,3,0,0,0
"4238",3,3,0,0,0
"4239",21,0,3,0,0
"4240",30,3,6,0,0
"4241",0,0,3,0,0
"4242",21,9,0,0,0
"4243",3,0,0,0,0
"4244",0,0,3,0,0
"4245",12,21,6,0,0
"4246",9,24,6,0,0
"4247",30,6,3,0,0
"4248",30,9,0,0,0
"4249",12,9,6,0,0
"4250",36,3,0,0,0
"4251",30,9,0,0,0
"4252",6,0,0,0,0
"4253",36,0,3,0,0
"4254",21,15,3,0,0
"4255",3,0,0,0,0
"4256",24,12,3,0,0
"4257",9,12,3,3,0
"4258",36,0,3,0,0
"4259",0,0,3,0,0
"4260",12,6,0,0,0
"4261",6,0,3,0,0
"4262",24,9,6,0,0
"4263",27,12,0,0,0
"4264",6,3,0,0,0
"4265",12,24,3,0,0
"4266",0,0,3,0,0
"4267",12,15,12,0,0
"4268",3,0,0,0,0
"4269",36,0,3,0,0
"4270",18,18,3,0,0
"4271",27,9,3,0,0
"4272",24,6,9,0,0
"4273",0,0,3,0,0
"4274",18,6,0,0,0
"4275",18,3,0,0,0
"4276",6,3,0,3,0
"4277",18,3,6,0,0
"4278",3,3,0,0,0
"4279",6,0,0,0,0
"4280",27,12,0,0,0
"4281",15,6,0,0,0
"4282",0,0,3,0,0
"4283",36,0,3,0,0
"4284",12,9,3,0,0
"4285",30,6,3,0,0
"4286",15,3,6,0,0
"4287",0,6,0,0,0
"4288",3,0,0,0,0
"4289",21,12,0,3,0
"4290",6,0,3,0,0
"4291",33,6,0,0,0
"4292",18,18,3,0,0
"4293",12,21,3,3,0
"4294",9,0,0,0,0
"4295",9,0,3,0,0
"4296",27,9,3,0,0
"4297",27,9,0,3,0
"4298",33,3,3,0,0
"4299",24,15,0,0,0
"4300",0,0,3,0,0
"4301",12,0,0,0,0
"4302",30,3,3,3,0
"4303",6,0,3,0,0
"4304",9,0,3,0,0
"4305",0,0,3,0,0
"4306",33,6,0,0,0
"4307",21,0,3,0,0
"4308",3,3,0,0,0
"4309",12,0,0,0,0
"4310",30,9,0,0,0
"4311",12,27,0,0,0
"4312",33,6,0,0,0
"4313",30,3,6,0,0
"4314",9,0,3,0,0
"4315",30,3,6,0,0
"4316",6,3,0,0,0
"4317",0,3,0,0,0
"4318",33,6,0,0,0
"4319",0,6,0,0,0
"4320",9,0,0,0,0
"4321",6,27,6,0,0
"4322",18,6,0,0,0
"4323",27,9,0,3,0
"4324",18,21,0,0,0
"4325",21,15,3,0,0
"4326",33,6,0,0,0
"4327",33,0,6,0,0
"4328",15,9,0,0,0
"4329",33,3,3,0,0
"4330",33,6,0,0,0
"4331",15,24,0,0,0
"4332",24,6,6,3,0
"4333",0,0,3,0,0
"4334",6,0,3,0,0
"4335",30,6,0,0,0
"4336",9,0,3,0,0
"4337",0,3,0,0,0
"4338",6,0,0,0,0
"4339",21,12,6,0,0
"4340",30,6,3,0,0
"4341",21,0,3,0,0
"4342",15,18,3,3,0
"4343",0,0,3,0,0
"4344",30,0,3,0,0
"4345",6,0,0,0,0
"4346",33,6,0,0,0
"4347",36,3,0,0,0
"4348",36,0,3,0,0
"4349",33,6,0,0,0
"4350",30,3,6,0,0
"4351",33,0,6,0,0
"4352",27,6,0,0,0
"4353",3,3,0,0,0
"4354",3,0,3,0,0
"4355",3,3,0,0,0
"4356",30,6,3,0,0
"4357",15,18,6,0,0
"4358",33,6,0,0,0
"4359",30,6,3,0,0
"4360",15,3,0,0,0
"4361",33,3,3,0,0
"4362",0,0,3,0,0
"4363",30,3,6,0,0
"4364",30,0,3,0,0
"4365",9,9,21,0,0
"4366",3,0,3,0,0
"4367",6,0,0,0,0
"4368",9,3,0,0,0
"4369",27,6,6,0,0
"4370",6,6,6,0,0
"4371",33,3,0,3,0
"4372",24,3,3,0,0
"4373",33,3,3,0,0
"4374",3,33,3,0,0
"4375",30,6,3,0,0
"4376",24,12,3,0,0
"4377",9,0,0,0,0
"4378",0,0,3,0,0
"4379",24,12,3,0,0
"4380",27,6,3,0,0
"4381",0,6,0,0,0
"4382",18,6,0,0,0
"4383",6,3,3,0,0
"4384",27,12,0,0,0
"4385",15,0,3,0,0
"4386",21,9,9,0,0
"4387",36,0,3,0,0
"4388",0,0,3,0,0
"4389",27,9,3,0,0
"4390",3,24,9,3,0
"4391",3,0,3,0,0
"4392",6,3,3,0,0
"4393",15,3,3,0,0
"4394",9,3,6,0,0
"4395",12,3,6,0,0
"4396",18,0,3,0,0
"4397",15,0,6,0,0
"4398",0,0,3,0,0
"4399",3,3,3,3,0
"4400",9,6,3,0,0
"4401",24,9,3,0,0
"4402",27,12,0,0,0
"4403",3,0,0,0,0
"4404",3,12,21,3,0
"4405",27,12,0,0,0
"4406",15,12,3,0,0
"4407",6,6,0,0,0
"4408",33,0,3,0,0
"4409",27,6,6,0,0
"4410",9,3,3,0,0
"4411",9,0,3,0,0
"4412",21,12,0,0,0
"4413",21,0,3,0,0
"4414",0,0,3,0,0
"4415",0,9,0,0,0
"4416",33,3,3,0,0
"4417",30,6,3,0,0
"4418",33,3,3,0,0
"4419",27,6,6,0,0
"4420",21,6,3,0,0
"4421",3,0,0,0,0
"4422",33,6,0,0,0
"4423",18,6,3,0,0
"4424",18,18,3,0,0
"4425",39,0,0,0,0
"4426",6,18,15,0,0
"4427",24,3,3,0,0
"4428",24,9,3,3,0
"4429",6,3,6,0,0
"4430",12,9,0,0,0
"4431",21,9,9,0,0
"4432",24,0,3,0,0
"4433",33,3,3,0,0
"4434",24,15,0,0,0
"4435",21,12,0,0,0
"4436",6,3,3,0,0
"4437",12,9,9,0,0
"4438",33,0,6,0,0
"4439",21,18,0,0,0
"4440",3,0,0,0,0
"4441",3,9,0,0,0
"4442",0,3,0,0,0
"4443",18,6,0,0,0
"4444",21,12,6,0,0
"4445",3,0,3,0,0
"4446",3,0,0,0,0
"4447",21,6,0,0,0
"4448",36,3,0,0,0
"4449",9,6,0,0,0
"4450",12,15,3,3,0
"4451",6,3,3,0,0
"4452",3,6,3,0,0
"4453",21,15,3,0,0
"4454",36,3,0,0,0
"4455",18,21,0,0,0
"4456",0,3,0,0,0
"4457",0,0,3,0,0
"4458",36,0,3,0,0
"4459",24,6,3,3,0
"4460",36,3,0,0,0
"4461",36,3,0,0,0
"4462",6,21,12,0,0
"4463",3,0,0,0,0
"4464",0,0,3,0,0
"4465",0,3,0,0,0
"4466",9,3,0,0,0
"4467",6,6,0,0,0
"4468",12,0,0,0,0
"4469",30,3,6,0,0
"4470",18,15,6,0,0
"4471",0,0,3,0,0
"4472",30,9,0,0,0
"4473",12,3,6,0,0
"4474",12,21,6,0,0
"4475",3,3,0,0,0
"4476",18,15,6,0,0
"4477",3,3,0,0,0
"4478",24,15,0,0,0
"4479",0,0,3,0,0
"4480",3,3,0,0,0
"4481",3,21,15,0,0
"4482",3,0,0,0,0
"4483",33,3,3,0,0
"4484",33,6,0,0,0
"4485",3,0,3,0,0
"4486",3,3,0,0,0
"4487",30,9,0,0,0
"4488",9,3,6,0,0
"4489",30,9,0,0,0
"4490",0,0,3,0,0
"4491",0,0,3,0,0
"4492",0,0,3,0,0
"4493",3,3,0,0,0
"4494",6,6,0,0,0
"4495",12,0,0,0,0
"4496",3,0,0,0,0
"4497",9,3,3,0,0
"4498",15,6,0,0,0
"4499",27,12,0,0,0
"4500",18,15,6,0,0
"4501",30,9,0,0,0
"4502",3,3,0,0,0
"4503",3,0,6,0,0
"4504",3,0,0,0,0
"4505",15,3,0,0,0
"4506",9,0,3,0,0
"4507",3,0,0,0,0
"4508",21,18,0,0,0
"4509",6,0,6,0,0
"4510",9,6,0,0,0
"4511",0,0,3,0,0
"4512",9,3,3,0,0
"4513",27,6,3,3,0
"4514",12,3,0,0,0
"4515",15,3,3,0,0
"4516",6,0,0,0,0
"4517",18,18,3,0,0
"4518",15,21,3,0,0
"4519",36,3,0,0,0
"4520",21,9,0,0,0
"4521",18,18,3,0,0
"4522",27,3,0,0,0
"4523",3,3,0,0,0
"4524",0,0,3,0,0
"4525",21,9,9,0,0
"4526",0,0,3,0,0
"4527",36,3,0,0,0
"4528",0,0,3,0,0
"4529",18,18,3,0,0
"4530",18,6,0,0,0
"4531",3,0,6,0,0
"4532",3,3,0,0,0
"4533",0,0,3,0,0
"4534",6,0,3,0,0
"4535",24,12,3,0,0
"4536",0,0,3,0,0
"4537",9,0,6,0,0
"4538",24,12,3,0,0
"4539",3,6,0,0,0
"4540",27,12,0,0,0
"4541",0,3,0,0,0
"4542",27,6,6,0,0
"4543",9,24,6,0,0
"4544",36,3,0,0,0
"4545",33,6,0,0,0
"4546",21,15,3,0,0
"4547",30,6,3,0,0
"4548",36,0,3,0,0
"4549",12,27,0,0,0
"4550",6,6,0,0,0
"4551",21,0,3,0,0
"4552",33,6,0,0,0
"4553",6,0,3,0,0
"4554",6,3,0,0,0
"4555",3,3,0,0,0
"4556",18,15,3,3,0
"4557",18,6,0,0,0
"4558",12,0,0,0,0
"4559",18,0,3,0,0
"4560",0,3,0,0,0
"4561",30,9,0,0,0
"4562",3,3,3,0,0
"4563",30,0,6,3,0
"4564",21,9,0,0,0
"4565",15,0,3,0,0
"4566",36,3,0,0,0
"4567",21,15,3,0,0
"4568",0,3,0,0,0
"4569",18,0,0,0,0
"4570",27,6,3,3,0
"4571",30,9,0,0,0
"4572",9,0,3,0,0
"4573",0,27,6,6,0
"4574",18,18,3,0,0
"4575",6,6,0,0,0
"4576",3,0,0,0,0
"4577",3,0,6,0,0
"4578",12,6,3,0,0
"4579",3,0,3,0,0
"4580",27,9,3,0,0
"4581",6,3,3,0,0
"4582",3,0,0,0,0
"4583",6,0,0,0,0
"4584",15,0,0,0,0
"4585",6,0,3,0,0
"4586",3,3,0,0,0
"4587",3,3,0,0,0
"4588",6,0,3,0,0
"4589",3,3,0,0,0
"4590",3,6,3,0,0
"4591",24,6,9,0,0
"4592",30,3,6,0,0
"4593",12,21,3,3,0
"4594",0,3,0,0,0
"4595",9,0,3,0,0
"4596",15,21,3,0,0
"4597",6,9,0,0,0
"4598",12,12,3,0,0
"4599",6,30,0,3,0
"4600",15,3,0,0,0
"4601",36,3,0,0,0
"4602",15,3,0,0,0
"4603",30,3,6,0,0
"4604",12,6,0,0,0
"4605",33,6,0,0,0
"4606",39,0,0,0,0
"4607",21,3,0,3,0
"4608",24,9,0,0,0
"4609",30,3,6,0,0
"4610",33,6,0,0,0
"4611",9,24,6,0,0
"4612",27,9,3,0,0
"4613",21,15,3,0,0
"4614",0,0,3,0,0
"4615",30,9,0,0,0
"4616",0,3,0,0,0
"4617",30,3,0,6,0
"4618",30,6,3,0,0
"4619",0,0,3,0,0
"4620",0,3,0,0,0
"4621",3,0,6,0,0
"4622",9,0,3,0,0
"4623",3,3,0,0,0
"4624",36,3,0,0,0
"4625",21,15,3,0,0
"4626",15,3,0,0,0
"4627",24,0,0,0,0
"4628",3,3,0,0,0
"4629",21,0,3,0,0
"4630",15,9,3,0,0
"4631",3,3,0,0,0
"4632",3,0,0,0,0
"4633",12,0,0,0,0
"4634",24,12,3,0,0
"4635",27,12,0,0,0
"4636",9,15,6,0,0
"4637",6,9,0,0,0
"4638",15,12,3,0,0
"4639",27,9,3,0,0
"4640",18,6,3,0,0
"4641",6,0,3,0,0
"4642",0,0,3,0,0
"4643",6,3,0,0,0
"4644",30,6,3,0,0
"4645",33,6,0,0,0
"4646",9,6,3,0,0
"4647",21,12,6,0,0
"4648",3,0,3,0,0
"4649",21,0,0,0,0
"4650",24,0,0,0,0
"4651",12,0,3,0,0
"4652",21,15,3,0,0
"4653",27,9,3,0,0
"4654",33,6,0,0,0
"4655",0,0,3,0,0
"4656",6,3,0,0,0
"4657",6,6,0,0,0
"4658",18,6,3,0,0
"4659",21,3,0,0,0
"4660",0,0,3,0,0
"4661",24,15,0,0,0
"4662",0,0,3,0,0
"4663",0,0,3,0,0
"4664",0,3,3,0,0
"4665",3,0,3,0,0
"4666",3,3,0,0,0
"4667",6,6,0,0,0
"4668",15,21,3,0,0
"4669",12,0,0,0,0
"4670",3,3,3,3,0
"4671",9,0,0,0,0
"4672",0,3,0,0,0
"4673",9,0,3,0,0
"4674",15,3,3,0,0
"4675",18,3,0,0,0
"4676",36,3,0,0,0
"4677",9,21,9,0,0
"4678",27,9,3,0,0
"4679",0,3,0,0,0
"4680",30,3,6,0,0
"4681",0,0,3,0,0
"4682",3,3,0,0,0
"4683",6,0,3,0,0
"4684",0,0,3,0,0
"4685",3,3,0,0,0
"4686",0,0,3,0,0
"4687",6,3,0,0,0
"4688",27,6,6,0,0
"4689",30,6,3,0,0
"4690",30,6,3,0,0
"4691",15,6,0,0,0
"4692",9,6,0,0,0
"4693",21,9,0,0,0
"4694",3,6,0,0,0
"4695",0,3,3,0,0
"4696",24,12,3,0,0
"4697",24,6,9,0,0
"4698",33,6,0,0,0
"4699",27,12,0,0,0
"4700",30,9,0,0,0
"4701",9,27,3,0,0
"4702",18,15,6,0,0
"4703",3,3,0,0,0
"4704",21,9,0,0,0
"4705",18,0,0,0,0
"4706",3,3,0,0,0
"4707",6,33,0,0,0
"4708",6,0,0,0,0
"4709",33,3,3,0,0
"4710",33,6,0,0,0
"4711",18,21,0,0,0
"4712",0,0,3,0,0
"4713",33,6,0,0,0
"4714",21,3,0,0,0
"4715",30,9,0,0,0
"4716",0,30,9,0,0
"4717",3,6,0,0,0
"4718",36,3,0,0,0
"4719",33,6,0,0,0
"4720",3,3,0,0,0
"4721",6,3,3,0,0
"4722",27,3,3,0,0
"4723",12,3,0,0,0
"4724",0,0,3,0,0
"4725",3,3,0,0,0
"4726",3,0,3,0,0
"4727",27,0,3,0,0
"4728",24,3,0,0,0
"4729",3,0,3,0,0
"4730",3,0,0,0,0
"4731",24,9,0,0,0
"4732",33,6,0,0,0
"4733",33,6,0,0,0
"4734",3,3,0,0,0
"4735",0,3,0,0,0
"4736",0,3,0,0,0
"4737",3,0,3,0,0
"4738",3,0,0,0,0
"4739",36,3,0,0,0
"4740",0,9,3,0,0
"4741",33,6,0,0,0
"4742",15,6,0,0,0
"4743",36,0,3,0,0
"4744",21,12,6,0,0
"4745",0,0,3,0,0
"4746",33,0,3,0,0
"4747",3,3,0,0,0
"4748",9,0,3,0,0
"4749",0,0,3,0,0
"4750",3,0,3,0,0
"4751",3,3,0,0,0
"4752",15,3,0,0,0
"4753",6,6,0,0,0
"4754",3,3,0,0,0
"4755",12,6,0,0,0
"4756",30,6,3,0,0
"4757",0,6,0,0,0
"4758",30,6,3,0,0
"4759",3,0,0,0,0
"4760",3,0,3,0,0
"4761",33,3,3,0,0
"4762",33,3,3,0,0
"4763",3,3,0,0,0
"4764",27,9,3,0,0
"4765",6,3,0,0,0
"4766",0,0,3,0,0
"4767",3,3,0,0,0
"4768",12,12,3,0,0
"4769",0,0,3,0,0
"4770",12,0,0,0,0
"4771",30,6,0,3,0
"4772",6,9,0,0,0
"4773",12,6,0,0,0
"4774",3,0,3,0,0
"4775",18,3,3,0,0
"4776",0,24,9,6,0
"4777",33,3,3,0,0
"4778",36,3,0,0,0
"4779",0,27,12,0,0
"4780",27,6,3,0,0
"4781",3,0,3,0,0
"4782",6,0,3,0,0
"4783",9,0,3,0,0
"4784",3,0,0,0,0
"4785",9,9,3,0,0
"4786",6,3,3,0,0
"4787",3,6,0,0,0
"4788",0,0,3,0,0
"4789",9,0,0,0,0
"4790",6,9,24,0,0
"4791",0,0,3,0,0
"4792",21,12,6,0,0
"4793",21,3,6,0,0
"4794",6,27,6,0,0
"4795",0,0,3,0,0
"4796",12,9,0,0,0
"4797",12,3,3,0,0
"4798",27,9,3,0,0
"4799",9,6,0,0,0
"4800",3,3,0,0,0
"4801",0,3,0,0,0
"4802",3,3,0,0,0
"4803",6,3,0,0,0
"4804",30,0,9,0,0
"4805",12,3,6,0,0
"4806",9,0,6,0,0
"4807",36,3,0,0,0
"4808",6,0,3,0,0
"4809",15,18,6,0,0
"4810",3,3,3,0,0
"4811",36,3,0,0,0
"4812",30,9,0,0,0
"4813",27,3,0,0,0
"4814",30,9,0,0,0
"4815",9,3,3,0,0
"4816",36,0,3,0,0
"4817",9,24,6,0,0
"4818",27,9,3,0,0
"4819",36,3,0,0,0
"4820",0,0,3,0,0
"4821",0,0,3,0,0
"4822",27,12,0,0,0
"4823",21,9,0,0,0
"4824",6,0,6,0,0
"4825",18,6,0,0,0
"4826",27,12,0,0,0
"4827",3,0,6,0,0
"4828",12,0,0,0,0
"4829",9,0,3,0,0
"4830",6,0,6,0,0
"4831",27,9,3,0,0
"4832",30,6,3,0,0
"4833",6,27,6,0,0
"4834",9,0,3,0,0
"4835",6,0,3,0,0
"4836",6,6,0,0,0
"4837",24,15,0,0,0
"4838",3,27,9,0,0
"4839",15,24,0,0,0
"4840",15,0,3,0,0
"4841",18,21,0,0,0
"4842",30,6,3,0,0
"4843",0,0,3,0,0
"4844",3,3,0,0,0
"4845",0,0,3,0,0
"4846",27,9,3,0,0
"4847",12,6,3,0,0
"4848",24,12,3,0,0
"4849",9,0,3,0,0
"4850",24,6,9,0,0
"4851",0,0,3,0,0
"4852",6,0,3,0,0
"4853",33,6,0,0,0
"4854",18,18,3,0,0
"4855",36,0,3,0,0
"4856",27,6,0,0,0
"4857",9,0,3,0,0
"4858",18,0,3,0,0
"4859",6,3,0,0,0
"4860",6,6,0,0,0
"4861",30,0,6,3,0
"4862",33,6,0,0,0
"4863",24,15,0,0,0
"4864",30,9,0,0,0
"4865",12,0,3,0,0
"4866",0,0,3,0,0
"4867",27,9,3,0,0
"4868",30,6,3,0,0
"4869",0,0,3,0,0
"4870",6,0,3,0,0
"4871",3,3,0,0,0
"4872",9,6,3,0,0
"4873",27,9,3,0,0
"4874",0,0,3,0,0
"4875",0,0,3,0,0
"4876",36,0,3,0,0
"4877",9,0,3,0,0
"4878",9,3,0,0,0
"4879",36,3,0,0,0
"4880",33,3,3,0,0
"4881",15,12,0,0,0
"4882",33,6,0,0,0
"4883",9,0,3,0,0
"4884",3,0,0,0,0
"4885",21,15,0,0,0
"4886",9,0,3,0,0
"4887",33,6,0,0,0
"4888",33,0,6,0,0
"4889",0,0,3,0,0
"4890",6,27,6,0,0
"4891",18,21,0,0,0
"4892",30,6,3,0,0
"4893",15,15,9,0,0
"4894",21,18,0,0,0
"4895",3,0,3,0,0
"4896",0,3,0,0,0
"4897",30,9,0,0,0
"4898",12,3,0,0,0
"4899",12,24,3,0,0
"4900",33,6,0,0,0
"4901",36,0,3,0,0
"4902",3,3,0,0,0
"4903",3,0,3,3,0
"4904",30,3,6,0,0
"4905",3,0,3,0,0
"4906",18,12,3,0,0
"4907",9,6,3,0,0
"4908",36,3,0,0,0
"4909",12,27,0,0,0
"4910",30,6,3,0,0
"4911",12,0,0,0,0
"4912",18,9,9,3,0
"4913",27,9,3,0,0
"4914",30,6,3,0,0
"4915",27,12,0,0,0
"4916",12,6,3,0,0
"4917",18,18,3,0,0
"4918",15,3,0,0,0
"4919",30,6,0,0,0
"4920",0,0,3,0,0
"4921",30,6,3,0,0
"4922",36,3,0,0,0
"4923",3,3,0,0,0
"4924",30,6,3,0,0
"4925",27,9,3,0,0
"4926",6,0,3,0,0
"4927",3,3,0,0,0
"4928",24,12,3,0,0
"4929",3,0,3,0,0
"4930",3,3,0,0,0
"4931",15,18,3,0,0
"4932",15,3,6,0,0
"4933",18,18,3,0,0
"4934",6,0,0,0,0
"4935",24,12,3,0,0
"4936",18,18,3,0,0
"4937",15,3,6,0,0
"4938",24,9,0,0,0
"4939",6,3,3,0,0
"4940",39,0,0,0,0
"4941",0,0,3,0,0
"4942",0,0,3,0,0
"4943",3,0,0,0,0
"4944",21,15,3,0,0
"4945",27,3,0,0,0
"4946",36,3,0,0,0
"4947",3,0,0,0,0
"4948",6,6,0,0,0
"4949",0,3,0,0,0
"4950",12,18,9,0,0
"4951",36,0,3,0,0
"4952",6,0,0,0,0
"4953",3,3,0,0,0
"4954",36,3,0,0,0
"4955",3,3,0,0,0
"4956",33,3,3,0,0
"4957",3,0,3,0,0
"4958",24,15,0,0,0
"4959",0,3,0,0,0
"4960",36,0,3,0,0
"4961",0,0,3,0,0
"4962",6,3,0,0,0
"4963",0,0,3,0,0
"4964",12,0,0,0,0
"4965",0,0,3,0,0
"4966",18,12,6,3,0
"4967",9,3,3,0,0
"4968",9,0,3,0,0
"4969",27,12,0,0,0
"4970",21,9,9,0,0
"4971",33,6,0,0,0
"4972",6,0,0,0,0
"4973",30,9,0,0,0
"4974",3,3,0,0,0
"4975",27,3,0,0,0
"4976",3,0,0,0,0
"4977",3,3,0,0,0
"4978",27,6,3,0,0
"4979",3,3,3,0,0
"4980",3,3,0,0,0
"4981",0,6,0,0,0
"4982",27,9,3,0,0
"4983",0,3,0,0,0
"4984",9,6,3,0,0
"4985",12,0,6,0,0
"4986",15,6,18,0,0
"4987",3,0,6,0,0
"4988",33,0,3,0,0
"4989",27,12,0,0,0
"4990",24,12,3,0,0
"4991",9,0,3,0,0
"4992",36,0,3,0,0
"4993",3,0,0,0,0
"4994",6,6,0,0,0
"4995",9,3,0,0,0
"4996",0,3,0,0,0
"4997",9,0,3,0,0
"4998",18,9,0,0,0
"4999",24,12,3,0,0
"5000",3,9,6,0,0
